# index clusteringCoefficient averagePathLength inDegreeMean outDegreeMean
1 0.9265674398577317 4.085541764508559 1.8373983739837398 1.83739837398374
2 0.7963481577574139 4.474514620435516 3.175000000000001 3.174999999999998
3 0.7109960653453298 3.3522112050611335 5.1800000000000015 5.180000000000001
4 0.6330251648214196 3.3877042132416215 7.91 7.909999999999994
5 0.6042949484021355 2.756707642971678 11.76 11.760000000000002
6 0.5313243826960247 2.526831321919718 15.76999999999999 15.770000000000005
7 0.445296328920328 2.2232388407023684 21.015000000000004 21.01500000000001
8 0.3803567226509967 2.0332331761902256 25.409999999999993 25.41
9 0.336931531504826 1.9316736744949226 28.71500000000001 28.714999999999993
10 0.33572122245286756 1.8763972925853767 30.915000000000006 30.914999999999996
11 0.3419057493653407 1.8548354014972808 32.31000000000002 32.31000000000001
12 0.3355725046989595 1.8526643369129892 32.55 32.55
13 0.3362383021390376 1.8455985511312925 32.900000000000006 32.90000000000003
14 0.33433489304812825 1.8459976650931407 33.00499999999998 33.005000000000024
15 0.3322036541889484 1.8499027802328227 33.009999999999984 33.01000000000001
16 0.329464054683457 1.844043449571085 33.00500000000001 33.00500000000003
17 0.32605057932263826 1.8441200979773231 33.125000000000014 33.125
18 0.32621793672014276 1.8392212317870753 33.320000000000014 33.31999999999999
19 0.32321995577951484 1.8341203504962011 33.50000000000002 33.50000000000003
20 0.32474431818181776 1.8343223655968277 33.510000000000005 33.51
21 0.3186743538324419 1.8339698492462269 33.644999999999996 33.64499999999999
22 0.3210583778966132 1.8327638190954745 33.70500000000003 33.70499999999999
23 0.3188129456327984 1.833492462311556 33.685 33.68500000000003
24 0.32060828877005343 1.8332412060301515 33.69499999999999 33.69500000000002
25 0.3215964795008914 1.833090452261303 33.72999999999999 33.72999999999998
26 0.3197203654188949 1.8329648241206 33.68499999999999 33.684999999999995
27 0.3198590686274512 1.8329648241206022 33.705000000000005 33.704999999999984
28 0.3190145944741534 1.8337185929648212 33.700000000000024 33.69999999999999
29 0.31947415329768253 1.8336180904522565 33.70999999999999 33.70999999999999
30 0.32024565508021374 1.8328894472361794 33.70500000000001 33.70500000000001
31 0.321429367201426 1.833090452261312 33.71499999999999 33.71499999999999
32 0.3191638814616755 1.8328391959799 33.72999999999999 33.73
33 0.3228091577540105 1.8334673366834189 33.714999999999996 33.714999999999996
34 0.31860461229946546 1.8332663316582916 33.70499999999998 33.70500000000001
35 0.3190992647058822 1.8333417085427168 33.67499999999999 33.67499999999999
36 0.31990391941233964 1.8332663316582916 33.69500000000001 33.695
37 0.31924186720142617 1.8331407035175868 33.660000000000004 33.660000000000004
38 0.31887756238859155 1.8333919597989956 33.70000000000002 33.69999999999998
39 0.321071189839572 1.8339195979899487 33.635000000000005 33.635000000000005
40 0.31877618092691606 1.8333919597989943 33.684999999999974 33.684999999999974
41 0.3155414438502675 1.8328894472361794 33.724999999999966 33.725
42 0.31959503119429616 1.8331909547738694 33.69999999999999 33.699999999999996
43 0.31762644830659537 1.833040201005025 33.699999999999996 33.699999999999996
44 0.31962511140819966 1.834170854271356 33.68000000000003 33.68000000000001
45 0.32086508467023156 1.8347236180904574 33.67500000000001 33.674999999999976
46 0.3208494875222817 1.834773869346731 33.65 33.65000000000001
47 0.31903743315508 1.8344723618090446 33.69 33.69000000000002
48 0.3186720142602497 1.8338190954773905 33.695 33.695
49 0.3195788770053477 1.8340954773869362 33.725 33.725
50 0.32380681818181856 1.8332663316582922 33.675 33.675
51 0.3230720811051694 1.8339949748743685 33.694999999999986 33.694999999999986
52 0.3219357174688055 1.8337437185929648 33.69000000000001 33.68999999999999
53 0.322335672905526 1.8337688442211095 33.71500000000001 33.715000000000025
54 0.32002618092691604 1.8336180904522599 33.699999999999974 33.699999999999974
55 0.31529188948306586 1.8333417085427155 33.700000000000024 33.699999999999974
56 0.3199916443850266 1.8337939698492476 33.67499999999998 33.67500000000001
57 0.3204261363636364 1.8330904522613058 33.69999999999999 33.70000000000001
58 0.3166310160427805 1.8328391959798989 33.70500000000003 33.70500000000001
59 0.31806483957219245 1.8330150753768872 33.72000000000001 33.71999999999999
60 0.31683990641711185 1.8329899497487452 33.70499999999997 33.70499999999997
61 0.31600301520901597 1.8320351758793973 33.70500000000001 33.70499999999998
62 0.320386586452763 1.8328391959798989 33.735000000000014 33.73500000000001
63 0.3170883467023172 1.8332914572864336 33.68000000000002 33.679999999999986
64 0.3149877450980394 1.832864321608038 33.67499999999999 33.67499999999998
65 0.3124348262032083 1.832613065326634 33.70500000000002 33.705000000000034
66 0.31717914438502665 1.8330904522613036 33.68000000000001 33.68000000000001
67 0.31973094919786094 1.8329145728643197 33.685 33.68500000000001
68 0.31738636363636363 1.8330904522613076 33.71500000000003 33.71500000000002
69 0.3183071524064172 1.8326633165829125 33.714999999999996 33.71500000000002
70 0.31963179590017826 1.8338693467336658 33.71500000000003 33.714999999999996
