# index clusteringCoefficient averagePathLength inDegreeMean outDegreeMean
1 0.919169593254959 4.8291621327530025 1.8292682926829278 1.8292682926829265
2 0.817739152797202 4.777890167319927 3.06 3.0599999999999996
3 0.7048870879077468 4.083123576651084 5.175000000000002 5.175000000000002
4 0.6414717978934448 3.321831287467886 8.775 8.775000000000006
5 0.6265569581117562 2.756050519504755 12.85 12.850000000000001
6 0.5568674947776769 2.371503897294826 17.639999999999997 17.63999999999999
7 0.4465579636646321 2.1128097415718132 23.85499999999999 23.854999999999997
8 0.39653209450978627 1.9455435180823806 29.299999999999986 29.29999999999999
9 0.3620528820916643 1.8820770519262982 32.664999999999985 32.665
10 0.35006913043387045 1.8456055789149797 34.615 34.61499999999999
11 0.3581426985451753 1.8304976659949486 35.92999999999999 35.93000000000001
12 0.3604361672986846 1.8194287765357355 36.425000000000004 36.42500000000001
13 0.3602839281589281 1.8180751473101522 36.76000000000001 36.76000000000001
14 0.360658590997619 1.8165701604469064 36.89999999999997 36.90000000000002
15 0.3599583612650764 1.8117100654789082 37.25000000000001 37.250000000000014
16 0.35569582740635375 1.8118115831683645 37.34499999999999 37.34500000000002
17 0.3519822642191061 1.8117085427135642 37.71500000000002 37.71499999999999
18 0.3510150940414099 1.8115075376884422 37.72500000000001 37.72499999999999
19 0.35143867551762326 1.811809045226127 37.66999999999999 37.67
20 0.35411174332226963 1.8117839195979877 37.66999999999999 37.67000000000002
21 0.35504820610083776 1.81145728643216 37.67999999999999 37.680000000000014
22 0.3541152995100363 1.8107788944723648 37.71 37.71
23 0.3570949897265686 1.8113316582914574 37.705000000000005 37.705
24 0.3550205468626519 1.8114572864321645 37.7 37.69999999999999
25 0.3507258574363838 1.8111809045226168 37.69999999999999 37.69999999999998
26 0.35397621305516064 1.8115075376884437 37.715000000000025 37.71500000000001
27 0.35179468942626824 1.8109296482412067 37.73500000000003 37.735
28 0.3533803540382489 1.8108040201005002 37.71999999999998 37.720000000000006
29 0.3481160107475897 1.8111557788944745 37.69499999999999 37.69499999999999
30 0.3485984668879409 1.8109296482412045 37.69999999999999 37.69999999999997
31 0.3516757547020704 1.8111055276381949 37.735 37.735
32 0.35342500395131987 1.811080402010051 37.705000000000005 37.705
33 0.3521360834518728 1.8112311557788938 37.69499999999999 37.694999999999986
34 0.3526940097992727 1.8110804020100544 37.72 37.72000000000003
35 0.35204441283388666 1.8111055276381902 37.699999999999996 37.69999999999999
36 0.35138296190927776 1.8115075376884429 37.68000000000001 37.68000000000002
37 0.35360953058321504 1.8110552763819052 37.724999999999994 37.72499999999997
38 0.3546898214003476 1.8113819095477408 37.68499999999999 37.68499999999999
39 0.3507776197249882 1.810829145728647 37.68999999999996 37.69
40 0.3503733997155051 1.811231155778896 37.685 37.68500000000001
41 0.350966887940572 1.8111306532663332 37.70500000000002 37.70499999999999
42 0.350881144302197 1.810854271356785 37.70999999999999 37.71000000000002
43 0.35133831199620646 1.810929648241206 37.72500000000004 37.72500000000001
44 0.351260075865339 1.811381909547744 37.66499999999999 37.66499999999996
45 0.3539683104156787 1.811331658291458 37.645 37.64500000000001
46 0.3561288920499451 1.8112562814070348 37.71500000000001 37.71499999999998
47 0.35150979927295756 1.8113316582914551 37.70499999999999 37.70499999999998
48 0.35265331120594273 1.8111306532663294 37.715000000000025 37.715
49 0.3528425794215269 1.8110804020100482 37.690000000000005 37.68999999999999
50 0.35471906116642976 1.8111809045226102 37.70000000000001 37.699999999999996
51 0.3536119013750594 1.8111809045226168 37.715 37.715000000000025
52 0.3492109214477635 1.8112311557788974 37.69500000000001 37.695
53 0.35212067330488384 1.8111809045226137 37.68000000000001 37.679999999999986
54 0.34802117907381075 1.8107537688442232 37.72499999999999 37.725
55 0.35464912280701755 1.8109547738693446 37.74499999999999 37.745
56 0.34750987829935215 1.8106783919598026 37.75999999999999 37.759999999999984
57 0.34749762920815547 1.8108793969849222 37.71499999999998 37.71500000000001
58 0.34870396712502005 1.8109798994974882 37.71999999999998 37.719999999999985
59 0.35048008534850644 1.8108291457286436 37.74000000000003 37.73999999999998
60 0.35178876244665686 1.8109798994974853 37.71999999999999 37.72
61 0.3528093883357042 1.8109798994974886 37.705000000000005 37.704999999999984
62 0.35532242769084876 1.8113065326633169 37.715 37.71499999999996
63 0.3509467362098942 1.8116834170854286 37.690000000000005 37.689999999999955
64 0.35356488067014363 1.8115829145728666 37.69000000000001 37.690000000000005
65 0.3583392603129444 1.8112311557788945 37.69499999999998 37.695
66 0.3501853168958429 1.8112060301507555 37.67500000000001 37.674999999999976
67 0.3525102734313259 1.8111809045226137 37.650000000000006 37.65
68 0.3516366366366367 1.8111306532663287 37.70000000000001 37.69999999999997
69 0.34827524893314377 1.8110301507537658 37.72499999999999 37.724999999999994
70 0.3520835308993205 1.811105527638194 37.720000000000006 37.72000000000002
