# index clusteringCoefficient averagePathLength inDegreeMean outDegreeMean
1 0.9252301054402735 4.1542056074766425 1.9349593495934962 1.9349593495934974
2 0.8134906428780531 4.434468118562751 3.365000000000001 3.3649999999999998
3 0.7406226576472414 3.4208756128149598 5.625000000000001 5.624999999999999
4 0.6516027638899702 2.8004297334629302 8.370000000000005 8.370000000000003
5 0.5874701086810706 2.6974736048265524 11.735000000000001 11.735
6 0.5325912217014358 2.4520339923487944 16.935000000000006 16.935
7 0.4563770095216485 2.1151041808897184 24.099999999999994 24.099999999999987
8 0.42703522351847745 1.941512694403829 31.369999999999976 31.369999999999997
9 0.4120494495623386 1.8374261149919422 36.06999999999998 36.06999999999999
10 0.41110114407445975 1.8147726972205314 38.755000000000024 38.755000000000024
11 0.406797445186358 1.8071755884190785 40.40000000000003 40.4
12 0.4148670107262518 1.8122361229828776 41.15 41.149999999999984
13 0.4099272141365164 1.8093016100912758 41.49000000000002 41.49
14 0.41332502768549295 1.8033036128433748 41.53499999999999 41.53499999999996
15 0.40674803500526685 1.7977705787822382 42.14500000000002 42.14500000000001
16 0.4102468539212729 1.8020658849804578 42.15500000000001 42.15500000000001
17 0.41293400992911367 1.791163941535085 42.510000000000005 42.50999999999997
18 0.41093140076922197 1.7905436272270399 42.82 42.81999999999998
19 0.40907102587335165 1.7803918582813103 43.28500000000001 43.285000000000025
20 0.4047199775078391 1.7804172377036676 43.29999999999999 43.300000000000004
21 0.4033557334138726 1.7805187553931283 43.26000000000002 43.25999999999999
22 0.4009035538105305 1.7804348375041013 43.49000000000002 43.49
23 0.4027791201047016 1.7853517587939676 43.51000000000001 43.51
24 0.40127705627705645 1.7803843337289451 43.49 43.489999999999995
25 0.39892706131078204 1.780552763819091 43.68500000000002 43.684999999999995
26 0.4012420718816066 1.7804271356783905 43.69500000000001 43.695
27 0.4006918856337463 1.7805527638190948 43.69500000000001 43.695
28 0.4008066545857244 1.7803266331658298 43.73 43.730000000000025
29 0.40268247256619366 1.7804020100502513 43.71500000000001 43.715
30 0.4019986408939896 1.7806030150753758 43.699999999999974 43.69999999999999
31 0.4033751132588342 1.780226130653267 43.75 43.75000000000001
32 0.3996796033423942 1.7803517587939688 43.72500000000002 43.724999999999994
33 0.4004222129732623 1.7806030150753769 43.67500000000001 43.67500000000002
34 0.4006161280579886 1.7807286432160818 43.65000000000002 43.65
35 0.3994430182220885 1.7806030150753702 43.689999999999976 43.68999999999999
36 0.4005727582117262 1.7805778894472344 43.69499999999998 43.695
37 0.4013452632638678 1.7805527638190932 43.68 43.67999999999999
38 0.4018368066042485 1.7804271356783927 43.71500000000001 43.71499999999999
39 0.4000103191382262 1.7804522613065326 43.70500000000002 43.70500000000003
40 0.40022986939322747 1.780402010050247 43.71500000000001 43.715
41 0.40029271116480397 1.7806281407035187 43.66500000000002 43.664999999999964
42 0.40057585825027675 1.780653266331656 43.670000000000016 43.669999999999995
43 0.3989079331521191 1.7803768844221084 43.710000000000015 43.710000000000015
44 0.4004457364341086 1.780628140703516 43.67 43.669999999999995
45 0.40005486761300696 1.780402010050251 43.71000000000001 43.71
46 0.3989051646028387 1.7803768844221097 43.71499999999999 43.715
47 0.4008142051746701 1.780351758793974 43.715 43.715
48 0.4020421826235781 1.780427135678389 43.71499999999998 43.715
49 0.40103216550890963 1.7806281407035176 43.66999999999998 43.670000000000016
50 0.40220250679553005 1.7805276381909547 43.69500000000001 43.69500000000001
51 0.4011570019128158 1.7806030150753804 43.675 43.675000000000004
52 0.40504329004329015 1.780402010050251 43.714999999999996 43.715000000000025
53 0.3975979059699987 1.7804522613065312 43.695000000000036 43.695
54 0.40054892781636964 1.7803517587939743 43.71000000000001 43.71000000000002
55 0.39949385885432354 1.7803517587939728 43.715 43.71500000000002
56 0.3988117889862075 1.78030150753769 43.73000000000001 43.73000000000001
57 0.39899124131682223 1.7804020100502453 43.704999999999984 43.70500000000001
58 0.3994709554011877 1.7805025125628138 43.679999999999986 43.67999999999998
59 0.3997153427967379 1.7804522613065334 43.700000000000024 43.69999999999996
60 0.3999365750528541 1.7805025125628156 43.68500000000001 43.684999999999974
61 0.401436877076412 1.7804522613065312 43.69999999999999 43.70000000000002
62 0.3971096345514951 1.780703517587933 43.665000000000035 43.66499999999998
63 0.40008884526326377 1.7805276381909558 43.69500000000001 43.69499999999997
64 0.4016133951131113 1.7806783919597975 43.68 43.67999999999998
65 0.40193194402496696 1.7804773869346722 43.69000000000001 43.690000000000005
66 0.4011197523406825 1.7803768844221095 43.71499999999998 43.71500000000001
67 0.4000548676130073 1.780653266331659 43.66500000000004 43.66499999999999
68 0.4009795630725865 1.7807286432160816 43.66500000000002 43.665
69 0.40160450015101135 1.7804271356783905 43.70000000000001 43.70000000000001
70 0.404916440148998 1.7805276381909518 43.70999999999999 43.709999999999994
