# index clusteringCoefficient averagePathLength inDegreeMean outDegreeMean
1 0.909696999619978 4.686998202516477 1.8943089430894315 1.8943089430894318
2 0.8204662750765692 4.261472962512466 3.1050000000000013 3.1050000000000004
3 0.7218920439860702 3.1539479488310516 5.324999999999998 5.3249999999999975
4 0.639638806180337 3.095147855978144 9.165000000000003 9.164999999999997
5 0.5804996806859455 2.780806626913018 13.489999999999998 13.489999999999997
6 0.48545678311226476 2.257413509060982 20.039999999999996 20.039999999999996
7 0.43264475585279627 2.075269101584195 25.27999999999999 25.28
8 0.3817404459259619 1.9372517035438968 29.544999999999998 29.54499999999999
9 0.3680796803082994 1.8736465834326266 33.295 33.29500000000001
10 0.37390438804353304 1.8347957403598265 35.06000000000003 35.06
11 0.3708053009021623 1.81992436408848 36.45500000000001 36.45499999999999
12 0.36942595852409915 1.8146343964721547 37.38499999999998 37.38500000000001
13 0.3651016477003319 1.8169782924776166 37.699999999999996 37.70000000000001
14 0.36615603457708723 1.8121317246129134 37.87000000000004 37.87000000000001
15 0.3669898609674713 1.8117976818767259 38.24 38.239999999999974
16 0.36412628471817776 1.8068735637988962 38.39500000000002 38.395
17 0.36375150454097777 1.8062814070351767 38.664999999999985 38.66500000000002
18 0.3594102199365355 1.8061557788944702 38.67000000000002 38.66999999999997
19 0.36461921435605626 1.8059045226130632 38.69 38.68999999999999
20 0.36262537841485226 1.8060804020100476 38.69500000000001 38.694999999999986
21 0.36402818810713533 1.8059296482412068 38.68000000000001 38.67999999999997
22 0.3628562570667835 1.806256281407033 38.68499999999998 38.685
23 0.36346664478243423 1.8059045226130668 38.68499999999998 38.68499999999998
24 0.36160447897290005 1.8058793969849265 38.72000000000001 38.719999999999985
25 0.3605576831892623 1.8056783919597967 38.725 38.725000000000016
26 0.3601316701316701 1.805829145728644 38.73499999999999 38.73499999999997
27 0.36348469927417276 1.806231155778893 38.679999999999986 38.67999999999998
28 0.36209450341029253 1.8060804020100518 38.714999999999975 38.715000000000025
29 0.3619591859065544 1.806005025125632 38.695000000000014 38.69499999999999
30 0.3588676733413578 1.8059798994974838 38.705000000000005 38.70499999999999
31 0.3597818871503082 1.8062311557788955 38.675 38.67499999999998
32 0.35813254550096646 1.8058040201005032 38.70999999999999 38.71000000000002
33 0.35758689863953014 1.8059045226130617 38.710000000000015 38.70999999999999
34 0.3591167888536307 1.8062562814070338 38.67499999999999 38.675
35 0.3630621512200459 1.8064321608040175 38.695000000000014 38.69499999999999
36 0.3618039902250427 1.8058793969849238 38.72499999999999 38.725
37 0.3602011525695737 1.8064824120602971 38.694999999999986 38.69499999999997
38 0.3630076230076233 1.806457286432162 38.70000000000002 38.699999999999996
39 0.35992121676332195 1.8059798994974863 38.69000000000002 38.68999999999998
40 0.3615076412444833 1.8059547738693489 38.68500000000001 38.68499999999998
41 0.3630003282634862 1.8058542713567847 38.73 38.72999999999999
42 0.3609308093518618 1.806180904522608 38.670000000000016 38.66999999999999
43 0.36357405988984914 1.8059045226130634 38.685000000000024 38.68499999999999
44 0.3642398876609404 1.8063567839195964 38.66500000000001 38.66499999999998
45 0.3638463362147574 1.806055276381908 38.694999999999965 38.695000000000014
46 0.3612716562716563 1.8063065326633143 38.68499999999998 38.684999999999995
47 0.3601661377977172 1.806030150753771 38.720000000000006 38.71999999999999
48 0.3593628040996462 1.8061055276381905 38.665000000000006 38.664999999999985
49 0.364152472310367 1.8063316582914528 38.64499999999998 38.645
50 0.3625039209249736 1.8058793969849225 38.70500000000002 38.705000000000005
51 0.36032060400481464 1.8059547738693507 38.695 38.69500000000001
52 0.36388408651566545 1.8060552763819102 38.67000000000003 38.66999999999999
53 0.36168271510376776 1.8061055276381917 38.704999999999984 38.70499999999999
54 0.3604889302257724 1.8062060301507517 38.65000000000001 38.649999999999984
55 0.3585693183061606 1.8058542713567824 38.71000000000001 38.71000000000003
56 0.36014042382463446 1.8058040201005037 38.71499999999998 38.714999999999996
57 0.355363642995222 1.8058793969849203 38.68999999999997 38.69
58 0.36060838166101306 1.8060050251256223 38.684999999999995 38.684999999999974
59 0.3612277054382318 1.8061557788944753 38.65999999999997 38.65999999999997
60 0.36090564248458956 1.8059547738693467 38.69499999999998 38.69500000000003
61 0.36235565525039176 1.805904522613069 38.69000000000002 38.690000000000026
62 0.3599850457745197 1.8062060301507523 38.650000000000006 38.64999999999999
63 0.36325929168034454 1.806105527638191 38.69499999999998 38.69500000000001
64 0.35893879709669163 1.8064321608040164 38.64 38.63999999999998
65 0.3615136594083959 1.8061809045226116 38.67000000000004 38.670000000000016
66 0.36086041507094124 1.806281407035178 38.660000000000004 38.65999999999996
67 0.36377867746288794 1.8062814070351798 38.69500000000005 38.69499999999997
68 0.35884998358682557 1.8060552763819069 38.679999999999986 38.67999999999998
69 0.36173432541853573 1.8060050251256279 38.710000000000036 38.71000000000002
70 0.36130667104351316 1.805979899497489 38.689999999999976 38.69000000000002
