# index clusteringCoefficient averagePathLength inDegreeMean outDegreeMean
1 0.9157596879676468 4.290811991746569 1.8861788617886182 1.8861788617886175
2 0.825105296428358 4.421116166774981 3.3649999999999993 3.365
3 0.7414010029239823 3.5715476877685846 5.575 5.575000000000002
4 0.649440350876085 3.3701267828843173 9.025 9.025000000000004
5 0.619209761290207 2.792825473599349 13.965 13.965000000000002
6 0.5542883216376631 2.4895020490652957 19.74500000000001 19.745
7 0.4812639691986141 2.181835372936748 25.054999999999996 25.055
8 0.42674544527291053 1.9775197693792812 30.924999999999994 30.925
9 0.40789175312774717 1.8940061130394261 34.945 34.94500000000001
10 0.4080195449365208 1.8410419444159591 38.84 38.83999999999998
11 0.4120579788453223 1.8074970813664255 42.190000000000026 42.19000000000002
12 0.41359429568083633 1.7907303012524578 43.00499999999999 43.00500000000001
13 0.41529345705986737 1.7857976752449107 43.60000000000001 43.599999999999994
14 0.4088560226063647 1.7847781621676195 43.75500000000001 43.755
15 0.4119392050300228 1.7833640564632192 43.82499999999998 43.825
16 0.4114656741836976 1.7814701648948243 44.094999999999985 44.09500000000003
17 0.41008911546441623 1.780712608267468 44.19 44.19000000000003
18 0.4137714352830632 1.7805610969419994 44.230000000000004 44.22999999999999
19 0.4113550622504114 1.7807035175879375 44.434999999999974 44.43499999999996
20 0.41398719755696506 1.7801758793969849 44.52999999999998 44.53000000000003
21 0.4143693915903217 1.7804020100502536 44.480000000000004 44.48000000000001
22 0.41005156213295746 1.7803266331658296 44.49000000000003 44.490000000000016
23 0.4089404510218462 1.780502512562815 44.46000000000003 44.46000000000001
24 0.40941883955837427 1.7804522613065334 44.48 44.47999999999998
25 0.4084276485788114 1.7753266331658313 44.70999999999999 44.70999999999999
26 0.4090003691399042 1.7753768844221105 44.69999999999998 44.70000000000002
27 0.4081421188630492 1.77530150753769 44.719999999999985 44.719999999999985
28 0.40793786704251794 1.775376884422112 44.705000000000005 44.70500000000002
29 0.4062585153864224 1.7752763819095503 44.725 44.725
30 0.40787561663143074 1.7754522613065276 44.68999999999997 44.69
31 0.40671494009866144 1.775276381909553 44.725000000000016 44.725000000000016
32 0.4070595489781536 1.7753517587939665 44.714999999999996 44.715
33 0.40782499412732 1.7755025125628154 44.68000000000001 44.67999999999997
34 0.41046464646464637 1.7753517587939684 44.70499999999999 44.704999999999984
35 0.4027982147051914 1.7752512562814056 44.735000000000014 44.734999999999985
36 0.40765163260512094 1.7753768844221076 44.70999999999999 44.71000000000001
37 0.4072318366388135 1.775502512562818 44.68500000000002 44.68499999999999
38 0.4083046746535119 1.775552763819094 44.67999999999994 44.67999999999998
39 0.40865515621329584 1.775678391959799 44.645 44.644999999999996
40 0.4053587033121916 1.7753517587939713 44.719999999999985 44.72000000000002
41 0.40765879727507653 1.7755276381909593 44.68000000000002 44.67999999999999
42 0.4083311017148226 1.775452261306531 44.699999999999996 44.7
43 0.40633544749823813 1.7753266331658306 44.71499999999998 44.71500000000001
44 0.40686070002349056 1.7753768844221114 44.70000000000001 44.70000000000003
45 0.4066559783885366 1.7755527638190927 44.68000000000001 44.67999999999999
46 0.40716983791402384 1.7752763819095514 44.73500000000002 44.73499999999997
47 0.4068562367864693 1.7753015075376883 44.730000000000004 44.730000000000004
48 0.4090626027719053 1.7754522613065304 44.690000000000005 44.69000000000001
49 0.4055883251115811 1.7754522613065382 44.69999999999999 44.7
50 0.4038224101479917 1.77515075376885 44.75500000000001 44.755
51 0.404643880667137 1.7754020100502519 44.69999999999999 44.699999999999996
52 0.4073664552501761 1.7754020100502534 44.71 44.71000000000001
53 0.4050117453605823 1.775427135678392 44.714999999999996 44.71500000000001
54 0.40324430350011753 1.775477386934674 44.69 44.68999999999997
55 0.4085213765562601 1.775150753768846 44.74499999999998 44.745
56 0.4074113896439478 1.7753015075376914 44.714999999999975 44.715
57 0.40519638242894074 1.7753517587939749 44.705000000000005 44.70500000000001
58 0.40676838148931194 1.7752261306532686 44.730000000000004 44.73
59 0.4092888184167257 1.7753517587939713 44.70500000000002 44.705000000000005
60 0.40381430584918926 1.7754522613065349 44.695 44.695
61 0.409157740192624 1.7751758793969894 44.749999999999986 44.75
62 0.40656741836974386 1.7753015075376892 44.715 44.714999999999996
63 0.40373549447968066 1.7753517587939707 44.71000000000003 44.71000000000004
64 0.4062926943857178 1.775276381909547 44.72 44.72
65 0.40586586798214724 1.7753768844221094 44.69999999999996 44.70000000000002
66 0.4063745259908047 1.7754271356783913 44.69500000000001 44.69499999999999
67 0.4050002349072118 1.7754522613065316 44.690000000000026 44.689999999999955
68 0.4009884895466291 1.7754020100502468 44.71000000000001 44.70999999999999
69 0.4067239840263096 1.7752763819095485 44.72999999999998 44.73000000000001
70 0.4024955367629788 1.7753768844221127 44.705000000000034 44.705
