# index clusteringCoefficient averagePathLength inDegreeMean outDegreeMean
1 0.9266928832068629 4.097649412353133 1.9186991869918688 1.9186991869918701
2 0.8355852417994147 4.332547707747274 3.315 3.315000000000001
3 0.7110492863225636 3.3251163071717658 5.285000000000002 5.285000000000001
4 0.6062178986699361 3.428997376162836 8.664999999999996 8.665000000000003
5 0.6016947935154483 2.7101612298462485 13.084999999999997 13.084999999999999
6 0.5221798769738017 2.339888608176409 18.724999999999984 18.72499999999999
7 0.4480037475192027 2.059047248903433 24.984999999999992 24.985000000000003
8 0.40567954167491427 1.8959692077408319 31.259999999999994 31.26
9 0.3837026046613731 1.8423724841825693 35.614999999999995 35.61499999999997
10 0.3908441707319012 1.8072671047545428 38.69500000000001 38.695
11 0.3957229756799452 1.7988145857492577 39.929999999999986 39.92999999999999
12 0.3935110160021853 1.796750248705457 40.65999999999998 40.66
13 0.3966634950415437 1.7907137729463638 40.85499999999999 40.85499999999998
14 0.3919667281546766 1.7960763413024683 41.009999999999984 41.01
15 0.38767315137437086 1.7911416378374287 41.400000000000006 41.40000000000001
16 0.38861047082998307 1.7908638670740686 41.454999999999984 41.454999999999984
17 0.3892648083623693 1.7906618519734365 41.499999999999986 41.50000000000001
18 0.390692218350755 1.7909648746243767 41.46000000000003 41.45999999999997
19 0.3911425667828108 1.7907123557485949 41.47999999999998 41.48000000000003
20 0.3878551103368179 1.7908133632989058 41.485000000000014 41.48500000000002
21 0.38936382113821133 1.7908133632989087 41.464999999999996 41.46500000000002
22 0.3914901277584204 1.7906871038610166 41.49 41.48999999999999
23 0.386196864111498 1.7906366000858527 41.48000000000001 41.47999999999997
24 0.38497677119628365 1.7906281407035176 41.699999999999996 41.69999999999998
25 0.38746660859465737 1.790804020100501 41.67999999999998 41.67999999999997
26 0.3846710220673636 1.7904773869346755 41.72500000000001 41.725
27 0.38572764227642276 1.7905778894472406 41.730000000000025 41.73000000000001
28 0.384871951219512 1.7905025125628116 41.714999999999996 41.715
29 0.3856512775842041 1.7908793969849264 41.654999999999966 41.65499999999997
30 0.3825139372822299 1.7905025125628127 41.70499999999999 41.705
31 0.38972125435540056 1.7906783919597962 41.68500000000001 41.68500000000001
32 0.3872409988385596 1.7904773869346748 41.705000000000005 41.70500000000002
33 0.38685133565621377 1.7902763819095528 41.755000000000024 41.75500000000002
34 0.38419976771196274 1.790502512562819 41.705000000000034 41.705
35 0.38190272938443676 1.7906532663316674 41.69 41.68999999999998
36 0.38129819976771206 1.7904020100502516 41.71999999999997 41.72
37 0.382984030197445 1.7903517587939666 41.73500000000001 41.735
38 0.38562485481997677 1.79057788944724 41.705 41.70500000000002
39 0.3876541811846691 1.7905276381909547 41.700000000000024 41.699999999999974
40 0.3864666085946576 1.7907788944723626 41.684999999999995 41.68499999999998
41 0.3870240552130799 1.7905276381909547 41.68999999999999 41.69000000000001
42 0.38210540069686394 1.7905276381909547 41.70999999999999 41.710000000000015
43 0.381966318234611 1.7904522613065308 41.705 41.704999999999984
44 0.3840798490127761 1.7906783919597962 41.7 41.70000000000002
45 0.3870333914053425 1.7907035175879382 41.684999999999974 41.685
46 0.383452961672474 1.7906281407035183 41.694999999999986 41.695
47 0.38368147502903577 1.7906532663316583 41.71 41.710000000000015
48 0.38488182346109134 1.7905527638190966 41.705 41.705
49 0.38756823461091733 1.7906532663316568 41.69000000000002 41.68999999999998
50 0.3831149825783973 1.7905025125628111 41.71500000000001 41.71500000000002
51 0.3835786875725898 1.7908291457286418 41.685 41.68499999999997
52 0.38180081300813007 1.7905527638190972 41.70000000000005 41.699999999999996
53 0.3840673635307778 1.7907286432160794 41.684999999999995 41.68499999999997
54 0.3819067944250872 1.7907035175879398 41.724999999999994 41.725000000000016
55 0.3833765969802556 1.790628140703515 41.70499999999998 41.70499999999998
56 0.3834465737514518 1.790728643216084 41.67500000000001 41.67499999999998
57 0.3854805458768877 1.7905025125628162 41.74000000000003 41.73999999999997
58 0.38813530778164923 1.7905025125628191 41.705000000000005 41.705000000000005
59 0.38661672473867603 1.790879396984924 41.675 41.67499999999999
60 0.38893350754936123 1.7909547738693472 41.67999999999999 41.679999999999986
61 0.3888234610917538 1.7906783919597982 41.71500000000001 41.71499999999998
62 0.3904968060394887 1.790678391959799 41.690000000000005 41.68999999999997
63 0.3856265969802554 1.7907286432160825 41.70000000000002 41.69999999999997
64 0.38744105691056885 1.7908291457286425 41.70499999999997 41.704999999999984
65 0.3852026713124274 1.7909296482412045 41.67999999999999 41.68
66 0.38061265969802577 1.7906281407035154 41.690000000000026 41.69
67 0.38122764227642286 1.7907788944723633 41.68 41.679999999999986
68 0.3819564459930314 1.7904271356783898 41.74499999999999 41.745
69 0.3832517421602789 1.7905527638190948 41.71499999999999 41.715
70 0.38608362369337984 1.790502512562815 41.69999999999998 41.699999999999996
