# index clusteringCoefficient averagePathLength inDegreeMean outDegreeMean
1 0.920277689789885 4.629485935984503 1.983739837398373 1.9837398373983748
2 0.8224324602250275 4.186275852622915 3.4649999999999985 3.465000000000001
3 0.7204404851434214 3.5091916963629197 5.975 5.975
4 0.6554256957630337 3.061692447679707 9.349999999999994 9.35
5 0.5884659443100585 2.6856935165633957 14.079999999999998 14.08
6 0.562444727769135 2.53967938714712 19.964999999999996 19.964999999999996
7 0.506343440294989 2.1992287204527563 24.88499999999999 24.885000000000005
8 0.44753897866771447 2.0167151547209876 29.814999999999984 29.81499999999999
9 0.41749020216162086 1.8751874556026196 35.050000000000004 35.050000000000004
10 0.4137605548854266 1.8228187569974186 39.28000000000001 39.28000000000001
11 0.4175140299969394 1.7946174169818103 41.554999999999986 41.55499999999998
12 0.4179562986397526 1.7862388867413985 42.44 42.43999999999999
13 0.41695990806182937 1.777227976617779 43.490000000000016 43.49
14 0.4180654851468806 1.7758178648343796 43.734999999999985 43.73500000000001
15 0.41638560018792625 1.775407650497388 43.81 43.80999999999998
16 0.4172243196080405 1.775587119269819 43.775000000000006 43.775000000000006
17 0.41506412966878103 1.7755783996122765 43.99999999999999 43.999999999999986
18 0.4161293164200143 1.7756039078641963 44.00500000000005 44.005000000000024
19 0.4110748850632577 1.775392112075528 44.24999999999999 44.25
20 0.41309631195677704 1.775493629764988 44.24 44.24000000000001
21 0.4093550622504109 1.7752329486629115 44.504999999999995 44.50500000000001
22 0.4120145642471221 1.7753087043256432 44.504999999999995 44.505
23 0.41154991778247585 1.7755359713138528 44.46500000000004 44.464999999999954
24 0.4153094902513507 1.775384459988388 44.47999999999999 44.48000000000002
25 0.4202889358703312 1.7754097118759626 44.48000000000001 44.48000000000001
26 0.41569814423302787 1.7756369788641708 44.44000000000004 44.440000000000005
27 0.4144512567535824 1.7753844599883808 44.485000000000014 44.485
28 0.4118538709352666 1.7755612232014328 44.45500000000001 44.454999999999984
29 0.41142835330044647 1.7752834524380687 44.49999999999999 44.49999999999996
30 0.41261295681063126 1.7753592081008085 44.48499999999998 44.48500000000002
31 0.40950226517668403 1.7756030150753805 44.665000000000006 44.665000000000006
32 0.408787878787879 1.775326633165828 44.71500000000001 44.71500000000001
33 0.4084153159501994 1.775552763819094 44.69000000000001 44.69000000000001
34 0.4112465351186279 1.775502512562808 44.68 44.679999999999986
35 0.4133365045806905 1.775477386934674 44.7 44.69999999999999
36 0.41317606295513265 1.7754773869346727 44.68499999999997 44.684999999999995
37 0.41463107822410145 1.7755527638190984 44.68000000000002 44.68000000000001
38 0.41193504815597864 1.7756281407035186 44.66000000000001 44.65999999999999
39 0.4100415785764624 1.7756783919598023 44.664999999999985 44.665
40 0.40714716936809964 1.7757286432160782 44.65000000000001 44.649999999999984
41 0.412667253934696 1.7755025125628119 44.69499999999998 44.695
42 0.40879011040638963 1.7753517587939676 44.710000000000015 44.71000000000001
43 0.41105508574113225 1.7756783919598012 44.63999999999998 44.63999999999999
44 0.408605708245243 1.775301507537687 44.719999999999956 44.720000000000006
45 0.4100760092620558 1.7755527638190933 44.68000000000001 44.679999999999986
46 0.4105232558139536 1.7754773869346687 44.69000000000003 44.690000000000005
47 0.4099714587737841 1.7752261306532677 44.73 44.730000000000004
48 0.4093198261686632 1.775452261306532 44.69 44.68999999999998
49 0.4101504580690631 1.775477386934674 44.69999999999997 44.69999999999999
50 0.41141120507399603 1.7754522613065356 44.69999999999999 44.69999999999998
51 0.4074588912379612 1.7755025125628163 44.68499999999998 44.684999999999995
52 0.4107191684284709 1.7753768844221072 44.71 44.710000000000015
53 0.4107575757575759 1.7754522613065327 44.71 44.71000000000001
54 0.4118187690862111 1.7753517587939696 44.70499999999999 44.705
55 0.4112820061075876 1.7753768844221076 44.705 44.704999999999984
56 0.40433227625088053 1.7754522613065276 44.695000000000014 44.69499999999999
57 0.41392929292929287 1.7754271356783913 44.7 44.69999999999999
58 0.41301291989664085 1.7754773869346705 44.68499999999998 44.684999999999995
59 0.4124198966408268 1.7755025125628092 44.68999999999998 44.68999999999999
60 0.40857575757575776 1.775427135678392 44.71499999999998 44.714999999999996
61 0.41079386892177594 1.7757286432160757 44.650000000000006 44.65
62 0.4130845665961945 1.7753768844221054 44.71 44.71
63 0.4094453840732912 1.7754773869346727 44.69 44.68999999999999
64 0.410324171952079 1.775527638190954 44.68 44.68000000000001
65 0.4088299271787648 1.7755527638190933 44.68500000000001 44.685
66 0.4083980502701438 1.7755025125628119 44.69000000000001 44.68999999999998
67 0.4083442565186752 1.775577889447237 44.66500000000001 44.664999999999985
68 0.4086070002349076 1.7754020100502501 44.70499999999999 44.70500000000002
69 0.41212649753347463 1.775402010050251 44.70499999999998 44.70500000000002
70 0.40925452196382495 1.7751758793969845 44.74000000000001 44.73999999999997
