# index clusteringCoefficient averagePathLength inDegreeMean outDegreeMean
1 0.9248247049540139 4.4850884791486365 2.2113821138211383 2.2113821138211374
2 0.8088172351879025 4.510582935259656 3.5149999999999992 3.515
3 0.7358440194231177 3.5925430013389525 5.950000000000001 5.950000000000002
4 0.6496351146255891 3.0778381785236 9.35 9.350000000000007
5 0.561577115782603 2.5826369387962163 13.665 13.665000000000001
6 0.5194984281435502 2.393158468690801 18.35 18.350000000000005
7 0.4743730762131907 2.178645154280753 23.715000000000007 23.71499999999997
8 0.4087899056992459 1.9660554872507614 29.470000000000002 29.470000000000006
9 0.3950190895403338 1.9052801499687584 33.46000000000001 33.45999999999998
10 0.3939514743332413 1.864429285565505 35.90999999999999 35.91000000000001
11 0.40390794278149983 1.8268539088120166 37.519999999999975 37.52000000000001
12 0.4010072429829091 1.814232248946587 38.705000000000005 38.70499999999999
13 0.40291927680163 1.8103193721345885 39.454999999999984 39.455000000000005
14 0.4025366304284788 1.8076094759511838 40.090000000000046 40.089999999999975
15 0.4001509510933831 1.801404984104199 40.37999999999999 40.38000000000001
16 0.4000054981079766 1.7962773048918053 40.61 40.61000000000001
17 0.39493989547038305 1.7907047930005298 41.084999999999994 41.08500000000001
18 0.3932026713124277 1.7908542713567843 41.68499999999997 41.684999999999995
19 0.39090040650406516 1.7909296482412067 41.65500000000002 41.654999999999994
20 0.39058536585365866 1.790728643216084 41.68499999999999 41.684999999999995
21 0.3888150183150181 1.7906030150753787 41.70000000000003 41.7
22 0.3922113821138211 1.7907788944723633 41.720000000000006 41.719999999999985
23 0.3880760743321718 1.7905527638190954 41.71499999999999 41.71499999999999
24 0.3861811846689895 1.7906783919597982 41.685 41.68499999999999
25 0.389792392566783 1.7908542713567828 41.679999999999986 41.680000000000014
26 0.3903940185830429 1.790552763819095 41.705 41.70499999999999
27 0.39049332171893153 1.7906783919598004 41.69999999999999 41.69999999999998
28 0.38529384436701486 1.7906532663316572 41.66999999999997 41.669999999999995
29 0.385610336817654 1.790552763819097 41.695 41.69499999999997
30 0.39087601626016266 1.790728643216083 41.68500000000002 41.684999999999974
31 0.3844387340301975 1.790653266331668 41.705 41.705000000000005
32 0.38741724738675953 1.790502512562817 41.709999999999994 41.70999999999998
33 0.386539488966318 1.7904773869346733 41.730000000000025 41.72999999999998
34 0.38478745644599294 1.7906783919597975 41.68000000000001 41.679999999999986
35 0.3892456445993031 1.7906532663316612 41.70499999999999 41.705000000000005
36 0.3866236933797908 1.79047738693468 41.72500000000001 41.72500000000002
37 0.38756445993031335 1.7905527638190954 41.719999999999985 41.72000000000001
38 0.38686149825783966 1.7907035175879382 41.69500000000001 41.69499999999998
39 0.3856487090145626 1.7905527638190992 41.71000000000001 41.709999999999994
40 0.38650522648083646 1.790703517587937 41.68 41.68000000000001
41 0.3846187572590015 1.7904773869346726 41.725000000000016 41.72499999999998
42 0.38515708478513344 1.7906030150753753 41.70000000000001 41.69999999999998
43 0.38400290360046485 1.7903768844221146 41.73000000000002 41.73000000000001
44 0.39038211382113824 1.7905527638190977 41.725000000000016 41.725
45 0.38501945412311267 1.790477386934677 41.71 41.710000000000015
46 0.38552671312427444 1.7905025125628145 41.69 41.69000000000001
47 0.3867822299651566 1.7906030150753784 41.69 41.69
48 0.3871120789779326 1.7907035175879353 41.69000000000001 41.690000000000005
49 0.385945412311266 1.7906783919598004 41.675000000000004 41.67499999999999
50 0.38852322880371626 1.7906030150753753 41.69500000000001 41.69499999999997
51 0.3853472706155636 1.7906783919597975 41.68499999999999 41.684999999999995
52 0.38665418118466904 1.7904271356783945 41.70999999999998 41.709999999999994
53 0.3851672473867594 1.7904773869346748 41.714999999999996 41.715
54 0.38730168408826976 1.790502512562815 41.72000000000005 41.720000000000006
55 0.385131823461092 1.7906532663316577 41.69999999999998 41.70000000000001
56 0.38862166085946576 1.7906030150753791 41.675000000000026 41.67499999999998
57 0.38930662020905954 1.7905527638190977 41.69499999999998 41.694999999999986
58 0.3857935540069686 1.7904020100502476 41.730000000000025 41.729999999999976
59 0.3910418118466898 1.7907286432160825 41.68999999999998 41.68999999999999
60 0.3890177119628337 1.7906783919597997 41.700000000000024 41.69999999999998
61 0.385930894308943 1.7905276381909547 41.72499999999997 41.725
62 0.3823260743321719 1.7909296482412023 41.69000000000001 41.68999999999998
63 0.3842697444831595 1.790653266331659 41.67500000000003 41.67499999999998
64 0.3842891986062718 1.7906281407035183 41.68499999999999 41.684999999999995
65 0.38458304297328666 1.7907537688442212 41.65999999999999 41.65999999999999
66 0.3837041231126595 1.7904773869346742 41.71 41.709999999999994
67 0.3865325649959795 1.790603015075378 41.69499999999998 41.695
68 0.3864155052264806 1.7910050251256282 41.61499999999999 41.61500000000001
69 0.38387793710354684 1.790929648241206 41.63000000000001 41.62999999999998
70 0.3821756678281068 1.7907286432160816 41.67000000000001 41.67000000000001
