# index clusteringCoefficient averagePathLength inDegreeMean outDegreeMean
1 0.9447098363323176 4.993883792048914 1.6747967479674797 1.6747967479674801
2 0.8173759908560355 4.625414702287382 3.22 3.2200000000000006
3 0.7100380141713046 3.57501291841304 6.08 6.079999999999998
4 0.6522912498284092 3.1934853929073515 9.769999999999998 9.770000000000001
5 0.6223176868706943 2.860026021967374 14.040000000000006 14.039999999999994
6 0.5624511327113066 2.3718066479131887 18.88999999999999 18.889999999999993
7 0.5098131915317833 2.0735450746920603 26.505000000000013 26.505000000000003
8 0.44757601241320594 1.8980926136056624 33.46499999999998 33.46499999999999
9 0.4319124901760276 1.8489024067706972 38.03500000000001 38.03499999999998
10 0.4346973921583536 1.8128008463369494 40.534999999999975 40.534999999999975
11 0.4306827984817114 1.8077104271356754 41.82 41.820000000000014
12 0.43208824146028263 1.7937367248614227 43.015 43.01499999999999
13 0.4374922311571485 1.786653474627022 43.37999999999998 43.379999999999995
14 0.4336582867932982 1.7913547328479154 43.809999999999974 43.81000000000001
15 0.42962033377250813 1.7910874167793251 44.08499999999999 44.084999999999994
16 0.43188589912502956 1.7906451449165002 44.35 44.35000000000001
17 0.43119257795344756 1.7852715353416864 44.40000000000002 44.40000000000002
18 0.4241207476098782 1.780747170194401 44.74 44.740000000000016
19 0.4218673693456303 1.7754428709202585 45.02500000000001 45.025000000000006
20 0.422178421392939 1.7805276381909536 45.21000000000002 45.21000000000003
21 0.41937000439174377 1.776192520390901 45.235000000000014 45.23499999999999
22 0.4243498023715411 1.775402010050254 45.48000000000005 45.47999999999998
23 0.41865019762845807 1.7754773869346727 45.44000000000001 45.440000000000005
24 0.4167380324989023 1.7752261306532686 45.49000000000002 45.490000000000016
25 0.41275735617039944 1.770427135678392 45.690000000000026 45.68999999999999
26 0.4164209486166009 1.7702512562814057 45.73000000000004 45.72999999999997
27 0.4161919191919194 1.7703266331658276 45.705000000000005 45.70500000000001
28 0.41741260430390836 1.7703266331658303 45.71500000000002 45.715000000000025
29 0.4150013175230567 1.7702763819095437 45.720000000000006 45.71999999999996
30 0.41573816016586507 1.7702763819095426 45.71500000000001 45.71499999999999
31 0.4137042160737817 1.770326633165828 45.705000000000034 45.70500000000001
32 0.4156490996925779 1.7702763819095515 45.72 45.71999999999999
33 0.414649319279754 1.770326633165836 45.705 45.705000000000005
34 0.4187856829161176 1.7705025125628118 45.67999999999999 45.68000000000001
35 0.4153269653052263 1.7705527638190977 45.675 45.67499999999999
36 0.41668730786122105 1.7705527638190977 45.66499999999999 45.66499999999995
37 0.41291414141414134 1.7705025125628118 45.669999999999995 45.66999999999998
38 0.42062209046991655 1.7704773869346733 45.675 45.67499999999999
39 0.4176497584541061 1.7706281407035183 45.66499999999999 45.665
40 0.41678809837505454 1.7703768844221117 45.70500000000003 45.704999999999984
41 0.417237373737374 1.7704773869346748 45.68499999999999 45.684999999999974
42 0.42018072024593794 1.7707035175879369 45.63000000000002 45.63
43 0.41845454545454563 1.770276381909543 45.71999999999999 45.71999999999997
44 0.4171198945981557 1.7704271356783938 45.68999999999998 45.68999999999999
45 0.4166800614844093 1.7703015075376884 45.715 45.715000000000025
46 0.41419257795344727 1.7704271356784 45.68499999999999 45.684999999999995
47 0.4173153271848925 1.7704020100502451 45.69 45.69
48 0.4180491875274487 1.7705276381909576 45.67500000000001 45.67499999999999
49 0.4128368467281509 1.7703266331658327 45.71000000000001 45.71
50 0.41723649538866936 1.7704773869346742 45.68500000000001 45.684999999999995
51 0.41892841458058877 1.770402010050249 45.690000000000005 45.689999999999976
52 0.41876767676767707 1.770276381909543 45.71499999999997 45.71500000000001
53 0.4191256038647342 1.7703768844221084 45.694999999999986 45.69499999999998
54 0.42059025032938085 1.770301507537688 45.71499999999998 45.71500000000001
55 0.4156976284584982 1.7703768844221102 45.705 45.70499999999998
56 0.4123473869126042 1.7703015075376862 45.73499999999998 45.73500000000001
57 0.414473210364515 1.7702763819095493 45.715 45.71499999999999
58 0.41389108476065006 1.7702261306532743 45.725000000000016 45.725000000000016
59 0.4158370663153271 1.7700502512562806 45.759999999999984 45.76000000000002
60 0.41728260869565253 1.7701758793969848 45.739999999999995 45.739999999999995
61 0.4203805445761969 1.7703768844221128 45.69500000000005 45.69499999999998
62 0.41400790513833985 1.770678391959798 45.64500000000001 45.64499999999997
63 0.4143443126921387 1.7705276381909576 45.66500000000001 45.665000000000006
64 0.4164611330698289 1.770452261306529 45.679999999999986 45.680000000000014
65 0.4144725516029865 1.7703015075376856 45.71499999999998 45.71499999999998
66 0.41390096618357497 1.7705025125628155 45.675 45.675000000000004
67 0.4159068950373298 1.7703266331658298 45.714999999999996 45.71499999999999
68 0.41615327184892403 1.7705276381909556 45.669999999999995 45.67
69 0.4155764163372862 1.7702763819095493 45.71499999999998 45.71500000000001
70 0.41244268774703585 1.7704773869346775 45.67499999999998 45.67499999999998
