# index clusteringCoefficient averagePathLength inDegreeMean outDegreeMean
1 0.9376853047584753 4.223849878934621 1.9024390243902427 1.9024390243902445
2 0.8013510238224784 4.877313481944522 3.3750000000000013 3.375000000000001
3 0.7265041229856806 3.4130285557386113 5.745 5.7450000000000045
4 0.6640824249634468 3.221568466096116 9.325 9.325000000000003
5 0.6305102703841843 2.6939712536598446 13.790000000000004 13.789999999999996
6 0.5757737754215049 2.399070594647298 18.76 18.759999999999994
7 0.49721511508512023 2.1131596526386294 24.64999999999999 24.649999999999995
8 0.4358075443450266 1.9018739536642004 31.700000000000003 31.699999999999992
9 0.4275740903962081 1.8805977921266361 36.715 36.715000000000025
10 0.4120683561399042 1.8413389682007952 39.745000000000026 39.745000000000005
11 0.4170687940585017 1.8191211157829965 41.56999999999999 41.57000000000003
12 0.4132023020269651 1.8086664478169765 42.57 42.57000000000001
13 0.4186973825910447 1.8047019014671362 42.78999999999999 42.79000000000003
14 0.41452116215971246 1.7978021420232475 43.060000000000024 43.059999999999995
15 0.4184818783113469 1.7963687785661948 43.50499999999999 43.50500000000001
16 0.41768228799624163 1.785239327952894 43.855 43.855000000000004
17 0.4139275479042922 1.7904093330976476 43.805 43.80499999999999
18 0.4166044162555792 1.7902830736597595 43.83500000000001 43.835
19 0.41327695560253713 1.7904093330976498 43.82000000000001 43.820000000000036
20 0.4103797174811071 1.785577889447234 44.220000000000006 44.22
21 0.4144465586093493 1.7853015075376892 44.27999999999998 44.280000000000015
22 0.414903453136011 1.7856281407035164 44.224999999999994 44.224999999999994
23 0.4118692741367162 1.7859045226130654 44.22999999999998 44.23
24 0.41135200845665965 1.7854271356783846 44.264999999999986 44.26500000000002
25 0.41547286821705415 1.7853517587939736 44.27500000000003 44.27500000000001
26 0.4123771435283063 1.78035175879397 44.48999999999997 44.489999999999995
27 0.4092730796335448 1.78005025125628 44.55500000000001 44.55500000000001
28 0.4100803382663848 1.7802763819095477 44.495 44.49499999999996
29 0.4119082687338503 1.7803768844221113 44.475 44.475
30 0.4084076814658213 1.7802763819095442 44.50000000000001 44.49999999999998
31 0.40833685694150795 1.7804020100502527 44.47499999999998 44.474999999999994
32 0.4066880432229265 1.7754349637635454 44.47 44.46999999999999
33 0.40998097251585625 1.7803015075376891 44.484999999999985 44.48499999999998
34 0.40770331219168443 1.7756281407035133 44.68499999999999 44.68499999999999
35 0.41025651867512325 1.7757286432160841 44.63999999999998 44.639999999999986
36 0.4065093962884663 1.775653266331659 44.66499999999999 44.665
37 0.41163554146112324 1.7755025125628163 44.67499999999999 44.675
38 0.40983685694150807 1.775301507537687 44.71500000000001 44.71499999999996
39 0.4087748414376321 1.77532663316583 44.71000000000001 44.70999999999999
40 0.4080628376791166 1.775527638190951 44.684999999999995 44.68499999999999
41 0.4110483908855999 1.7755025125628159 44.68499999999999 44.68499999999998
42 0.40641402396053555 1.7752763819095532 44.72500000000001 44.725000000000016
43 0.4061604416255581 1.775703517587939 44.65000000000001 44.65
44 0.4076920366455252 1.7751005025125621 44.754999999999974 44.755
45 0.40862579281183947 1.775301507537687 44.71999999999999 44.72000000000001
46 0.4076234437397228 1.7751507537688447 44.750000000000014 44.74999999999998
47 0.4114884895466293 1.7755527638190978 44.675000000000004 44.675
48 0.40921893352125904 1.7751758793969872 44.73999999999999 44.739999999999974
49 0.4082686163965233 1.7754773869346696 44.69999999999999 44.700000000000024
50 0.40949166079398625 1.7753517587939684 44.70499999999998 44.705
51 0.40860970166784133 1.7753768844221116 44.705 44.705
52 0.40900810429880197 1.775326633165829 44.72 44.720000000000006
53 0.41073549447968055 1.77550251256281 44.68 44.680000000000014
54 0.40872668545924357 1.7755025125628177 44.67499999999998 44.675
55 0.4104523138360348 1.775552763819094 44.68500000000002 44.68499999999995
56 0.4076697204604182 1.7755276381909504 44.68 44.67999999999998
57 0.4103076109936577 1.7754773869346792 44.685 44.684999999999974
58 0.4111669015738781 1.7755276381909593 44.67500000000002 44.674999999999976
59 0.40831700728212333 1.7756030150753805 44.67499999999999 44.675
60 0.4103311017148226 1.775427135678397 44.70500000000002 44.70499999999998
61 0.401353652807141 1.7755276381909497 44.67500000000001 44.674999999999976
62 0.4083763213530656 1.775477386934675 44.690000000000005 44.69
63 0.4095476861639652 1.7753517587939742 44.705000000000005 44.704999999999984
64 0.4096486962649754 1.7754271356783857 44.71500000000002 44.714999999999996
65 0.4066236786469344 1.7755527638190978 44.665 44.664999999999985
66 0.4067438336856943 1.7754522613065362 44.69000000000001 44.68999999999999
67 0.4078870096311957 1.7754522613065384 44.68499999999998 44.684999999999995
68 0.4057109466760632 1.7755276381909526 44.675000000000004 44.674999999999976
69 0.4119739252995067 1.7753015075376954 44.72499999999998 44.725
70 0.41216784120272487 1.7754271356783948 44.70500000000001 44.705
