# index clusteringCoefficient averagePathLength inDegreeMean outDegreeMean
1 0.9178087256584594 4.512469733656159 2.0650406504065058 2.0650406504065035
2 0.7970209041782391 6.101967303962314 3.4600000000000004 3.4600000000000004
3 0.7372959554130069 3.3223153201629634 5.794999999999996 5.795000000000002
4 0.628628176793882 2.856405074660364 8.675 8.674999999999992
5 0.5993358584926842 2.7618122528273057 12.625000000000002 12.624999999999998
6 0.5612148752522509 2.5263939917873395 17.240000000000002 17.24
7 0.4438360823381149 2.153594597468883 21.659999999999993 21.66
8 0.35360530278275265 1.9846121800713434 26.324999999999996 26.32499999999997
9 0.33042368691465385 1.8956638864425215 29.85 29.84999999999999
10 0.34402301380721356 1.8521473346112012 32.625000000000014 32.62499999999999
11 0.3460554941274755 1.836837247461795 33.94000000000001 33.93999999999997
12 0.3472000412945457 1.8289671708797774 34.72500000000002 34.72500000000001
13 0.34717880485527514 1.8274876922684484 34.96000000000001 34.960000000000036
14 0.34013083554564266 1.8229785290086804 35.250000000000014 35.25
15 0.33802482811306356 1.8218872138470092 35.35500000000001 35.355000000000025
16 0.3406013071895423 1.82173493731283 35.375 35.37499999999997
17 0.33918860877684404 1.8220141109588324 35.33500000000001 35.33499999999996
18 0.3379220354808589 1.8217856961575585 35.355000000000025 35.35500000000004
19 0.33948599439775895 1.8218984369081581 35.489999999999995 35.48999999999999
20 0.3358860877684404 1.8268844221105531 35.53500000000001 35.535000000000004
21 0.3358322298616414 1.8217587939698503 35.67000000000002 35.66999999999997
22 0.3316764705882354 1.8216080402010035 35.714999999999996 35.715
23 0.33811624649859917 1.8218844221105572 35.68500000000001 35.68499999999997
24 0.33846311858076555 1.8215829145728673 35.705000000000005 35.70499999999998
25 0.33507049486461277 1.8220351758793962 35.7 35.69999999999998
26 0.33586507936507937 1.8217839195979897 35.70499999999998 35.705
27 0.33540989729225024 1.8221608040200998 35.72499999999998 35.72500000000001
28 0.3377082166199812 1.8222864321608077 35.70500000000002 35.705000000000034
29 0.34073062558356676 1.8223869346733625 35.694999999999986 35.694999999999986
30 0.3357987861811394 1.82208542713568 35.66499999999999 35.66499999999997
31 0.338297852474323 1.8228140703517617 35.629999999999995 35.62999999999997
32 0.3400168916051265 1.8224120603015104 35.65500000000002 35.65499999999996
33 0.3361008403361342 1.8218090452261266 35.694999999999986 35.69499999999998
34 0.33894189797130986 1.821834170854272 35.725 35.72500000000002
35 0.33567366946778704 1.8221105527638213 35.69000000000001 35.68999999999998
36 0.33470308123249304 1.8221105527638195 35.675 35.67499999999999
37 0.33584920634920656 1.8216582914572854 35.72999999999998 35.730000000000004
38 0.3323688141923435 1.8218090452261306 35.71000000000005 35.70999999999998
39 0.33719421101774044 1.821407035175878 35.694999999999986 35.69499999999999
40 0.3338398692810459 1.822110552763819 35.67 35.669999999999995
41 0.33550560224089643 1.821557788944722 35.70999999999998 35.71
42 0.3362721755368814 1.8220603015075414 35.694999999999986 35.695
43 0.3323907563025206 1.821683417085432 35.70999999999999 35.71
44 0.33168253968253936 1.8221608040201045 35.700000000000045 35.69999999999998
45 0.3381069094304386 1.8219095477386935 35.715 35.715000000000025
46 0.3400611577964518 1.8217587939698519 35.700000000000024 35.69999999999996
47 0.33791363211951425 1.8222613065326625 35.679999999999986 35.679999999999986
48 0.337314659197012 1.8219849246231146 35.675000000000004 35.67499999999999
49 0.33616153127917797 1.8218090452261284 35.68499999999997 35.68500000000001
50 0.33632726423902876 1.8215326633165814 35.695000000000014 35.695
51 0.3359449112978524 1.8217839195979892 35.68499999999999 35.684999999999974
52 0.336578898225957 1.8217336683417078 35.710000000000015 35.70999999999997
53 0.3350303454715218 1.8218592964824105 35.72499999999999 35.725000000000016
54 0.3336157796451911 1.8216582914572885 35.75000000000003 35.75
55 0.336302054154995 1.8214572864321614 35.705000000000005 35.70499999999999
56 0.3354635854341735 1.8213316582914558 35.734999999999985 35.735000000000014
57 0.335738562091503 1.8217085427135715 35.67999999999998 35.68000000000001
58 0.3347964519140988 1.8217085427135657 35.66499999999999 35.66499999999998
59 0.3367703081232489 1.8216582914572879 35.70499999999998 35.70500000000001
60 0.33911344537815113 1.821859296482411 35.71000000000001 35.709999999999994
61 0.3350760971055085 1.8223366834170884 35.690000000000005 35.69
62 0.3343333333333329 1.8219849246231226 35.66000000000001 35.65999999999999
63 0.3387712418300653 1.8219849246231141 35.675000000000026 35.675000000000004
64 0.33317040149393107 1.8221105527638197 35.69999999999999 35.69999999999996
65 0.33883286647992533 1.8221859296482468 35.71500000000002 35.71499999999997
66 0.33956722689075636 1.8215075376884393 35.705 35.70499999999997
67 0.33651727357609695 1.8216834170854292 35.65499999999999 35.655
68 0.3341307189542483 1.8217085427135677 35.68499999999998 35.68499999999997
69 0.33591876750700267 1.8218592964824114 35.695 35.69499999999997
70 0.3378244631185807 1.8220100502512615 35.69500000000001 35.695
