# index clusteringCoefficient averagePathLength inDegreeMean outDegreeMean
1 0.9397995736936023 4.487320424734541 1.7723577235772359 1.7723577235772365
2 0.8296618112279878 3.893776824034335 3.0449999999999995 3.045000000000001
3 0.7122048957034254 4.3312139876813065 5.119999999999999 5.119999999999999
4 0.6646411247055785 3.456907752273705 9.135000000000009 9.135000000000003
5 0.5980055424979107 3.0401853336897413 13.32 13.320000000000002
6 0.5467405247002772 2.378607066787266 18.265000000000022 18.265000000000008
7 0.46273481712075076 2.1705603788476635 23.38000000000001 23.380000000000003
8 0.40049794307653885 1.9934490923441235 27.669999999999998 27.670000000000005
9 0.36910233211726023 1.8854750065427899 31.109999999999996 31.109999999999978
10 0.35283759814510196 1.8535721724640692 32.70999999999998 32.70999999999997
11 0.3580868258860586 1.8350386628134023 33.66499999999999 33.665
12 0.3536587032420622 1.829019995834196 34.11999999999998 34.119999999999976
13 0.352766106442577 1.8302639417722213 34.290000000000035 34.290000000000006
14 0.34848506069094287 1.8290983500401534 34.355000000000025 34.35499999999999
15 0.35501503267973855 1.8287616235397726 34.370000000000026 34.36999999999999
16 0.34880213464696225 1.822997051660043 34.855000000000025 34.855
17 0.34349159663865514 1.822403474659727 35.485000000000014 35.48499999999997
18 0.3393506069094301 1.8231155778894488 35.67 35.66999999999999
19 0.33720261437908455 1.8220351758793956 35.71999999999998 35.71999999999999
20 0.3387114845938375 1.8229396984924624 35.67000000000002 35.67
21 0.3400298786181135 1.82208542713568 35.72500000000001 35.72500000000001
22 0.342266573295985 1.8223618090452265 35.70000000000001 35.69999999999996
23 0.33858870214752557 1.8220100502512555 35.68999999999999 35.69
24 0.3409430438842202 1.8222110552763813 35.695000000000036 35.695
25 0.33747012138188603 1.8219849246231135 35.72 35.720000000000006
26 0.33499906629318366 1.822135678391961 35.714999999999996 35.714999999999996
27 0.33989962651727323 1.8219346733668345 35.675000000000026 35.675000000000004
28 0.3345667600373481 1.82188442211055 35.67 35.66999999999997
29 0.3334145658263302 1.8216834170854257 35.675000000000004 35.675
30 0.3328323996265173 1.8219597989949785 35.67500000000002 35.675
31 0.3357012138188607 1.8212060301507595 35.71499999999997 35.71500000000001
32 0.33744771241830046 1.821809045226127 35.71 35.71
33 0.3356493930905693 1.8223869346733632 35.679999999999986 35.679999999999964
34 0.3390420168067226 1.8217336683417085 35.73500000000003 35.735
35 0.33699533146591976 1.8221859296482419 35.68999999999998 35.689999999999976
36 0.33407796451914107 1.8221105527638197 35.68000000000001 35.68000000000007
37 0.3339925303454714 1.8218090452261324 35.70500000000001 35.705
38 0.3350714285714287 1.8217587939698492 35.68500000000002 35.684999999999995
39 0.33626984126984133 1.821783919597986 35.66000000000001 35.65999999999998
40 0.3340233426704015 1.8215829145728628 35.70500000000001 35.704999999999984
41 0.3350294117647056 1.821758793969852 35.68000000000001 35.67999999999999
42 0.3398688141923436 1.8222864321607997 35.694999999999965 35.69500000000001
43 0.3377110177404293 1.8219095477386913 35.69499999999999 35.69499999999998
44 0.33450233426704024 1.821733668341706 35.710000000000015 35.710000000000015
45 0.338422502334267 1.821834170854273 35.68 35.67999999999999
46 0.33309523809523794 1.8221859296482406 35.66499999999997 35.66499999999999
47 0.3384827264239027 1.8217587939698507 35.71999999999999 35.71999999999999
48 0.3357684407096169 1.8217085427135677 35.684999999999995 35.68499999999999
49 0.33319374416433256 1.821557788944727 35.72000000000001 35.71999999999999
50 0.3353981835158305 1.8217085427135693 35.709999999999994 35.71
51 0.3355849673202613 1.8216582914572865 35.66 35.65999999999999
52 0.33670541549953303 1.821532663316583 35.70499999999999 35.70499999999999
53 0.33871802054154965 1.822060301507537 35.69500000000001 35.69500000000003
54 0.3387525676937442 1.822110552763819 35.675 35.674999999999976
55 0.34055322128851534 1.8220603015075405 35.680000000000035 35.680000000000014
56 0.33570180799592564 1.8223115577889484 35.64500000000003 35.644999999999996
57 0.3341890756302518 1.822462311557786 35.69500000000002 35.69499999999998
58 0.33577964519141007 1.822512562814074 35.690000000000005 35.69000000000001
59 0.33564845938375354 1.8218090452261284 35.70500000000003 35.704999999999984
60 0.3418711484593836 1.821884422110555 35.69999999999999 35.700000000000024
61 0.3383020541549952 1.8222361809045249 35.66499999999999 35.665
62 0.3356942110177403 1.8221105527638184 35.69499999999997 35.695000000000014
63 0.3369318394024276 1.821758793969851 35.685 35.685000000000024
64 0.33504715219421116 1.8220100502512555 35.66999999999997 35.67000000000001
65 0.3342553688141922 1.8218341708542736 35.66999999999999 35.669999999999995
66 0.33434407096171775 1.8218341708542698 35.74000000000003 35.73999999999998
67 0.33439729225023307 1.8214572864321585 35.715 35.715
68 0.33924556489262353 1.821834170854268 35.714999999999996 35.714999999999996
69 0.3374687208216617 1.8218592964824138 35.704999999999984 35.705
70 0.33392857142857124 1.8216080402010029 35.72000000000002 35.71999999999999
