# index clusteringCoefficient averagePathLength inDegreeMean outDegreeMean
1 0.9243888395272615 4.906087602078679 1.7317073170731703 1.7317073170731718
2 0.8253071418969873 4.669152080018163 3.475 3.4750000000000005
3 0.7342509256384879 2.6895452874126793 5.6450000000000005 5.645000000000004
4 0.6807845505975592 3.5027231607126454 8.779999999999998 8.780000000000001
5 0.6669306173430682 3.136560899260104 12.549999999999994 12.549999999999999
6 0.61527193949989 2.6233625666074434 17.685000000000002 17.685000000000013
7 0.548653947464262 2.2089125832206737 25.46 25.46000000000002
8 0.47858077055089815 1.9335854530383871 33.33 33.33000000000002
9 0.4338593770149982 1.8322799564834424 38.60500000000002 38.60499999999999
10 0.42077186742313627 1.795841452158748 42.695 42.69500000000002
11 0.43137585940987777 1.7839195979899494 44.31500000000001 44.315000000000005
12 0.42641659284959244 1.7738949851297288 45.07500000000003 45.07499999999996
13 0.4269032788570254 1.7709978463747345 45.42500000000001 45.42499999999999
14 0.4281449415524347 1.7655456771034592 45.51999999999999 45.52
15 0.4264193150507794 1.771001472006503 45.90000000000001 45.899999999999984
16 0.42428893000308365 1.7705866013484464 46.19999999999998 46.19999999999996
17 0.42562339397677035 1.770435090022977 46.22499999999997 46.225000000000016
18 0.42644351937506414 1.770611853236027 46.19499999999997 46.19499999999999
19 0.4258396546407648 1.7706281407035194 46.470000000000006 46.469999999999985
20 0.42403844177202193 1.766180904522602 46.685000000000024 46.684999999999974
21 0.423073799979443 1.7657788944723662 46.67499999999999 46.67499999999998
22 0.42440137732552174 1.766030150753771 46.71999999999999 46.72000000000003
23 0.42350242013100453 1.7662060301507596 46.675000000000004 46.67500000000002
24 0.4238329735841299 1.765753768844221 46.66999999999999 46.66999999999999
25 0.42345790934320043 1.7655276381909537 46.690000000000005 46.689999999999976
26 0.42035543221297145 1.7655778894472354 46.66 46.65999999999998
27 0.4222601500668102 1.7655778894472332 46.67 46.66999999999999
28 0.4255365402405179 1.7654271356783953 46.680000000000014 46.67999999999998
29 0.42189001952924265 1.7654522613065342 46.685 46.684999999999995
30 0.4221520197348135 1.7656030150753776 46.65000000000001 46.65000000000002
31 0.4195308870387503 1.7653768844221103 46.690000000000005 46.68999999999996
32 0.418478260869565 1.765351758793969 46.694999999999986 46.694999999999986
33 0.4198827217596873 1.7654773869346696 46.67 46.66999999999997
34 0.4198152944804193 1.7655527638190962 46.655 46.65499999999999
35 0.42233066091067956 1.7654522613065344 46.675000000000004 46.67500000000002
36 0.42296536129098555 1.7653517587939662 46.695000000000014 46.695
37 0.41817545482577856 1.7653768844221092 46.695 46.695000000000014
38 0.41723486483708494 1.7654020100502557 46.684999999999995 46.684999999999974
39 0.4212820433754754 1.7653768844221083 46.69 46.69
40 0.4196771507863089 1.7654020100502534 46.684999999999974 46.68499999999999
41 0.41746911296124983 1.7653768844221114 46.695 46.695
42 0.4209754342686811 1.7654020100502488 46.685 46.68499999999999
43 0.4189970192208859 1.7653266331658284 46.70000000000001 46.70000000000001
44 0.4174080583821565 1.7653768844221063 46.69000000000001 46.68999999999999
45 0.4239593997327574 1.7653015075376874 46.70500000000001 46.70500000000001
46 0.42044393051701084 1.7654271356783906 46.679999999999986 46.67999999999997
47 0.4215604892589166 1.7650753768844198 46.75000000000003 46.74999999999998
48 0.4229160242573745 1.765477386934674 46.67499999999997 46.674999999999976
49 0.42134042553191475 1.765477386934682 46.67000000000001 46.669999999999995
50 0.4234887449892074 1.7654020100502505 46.685000000000024 46.68499999999998
51 0.4208449994860727 1.765477386934675 46.66999999999999 46.669999999999995
52 0.4197181154748224 1.7652010050251241 46.72500000000001 46.725
53 0.41750447116867095 1.7654020100502477 46.685 46.68499999999999
54 0.42012488436632744 1.7655527638190947 46.66 46.659999999999954
55 0.4214012745400349 1.765276381909549 46.71000000000003 46.71000000000001
56 0.42284181313598557 1.7656281407035197 46.639999999999986 46.639999999999986
57 0.4211109055401377 1.7656783919598 46.63999999999998 46.640000000000036
58 0.421914688046048 1.765703517587944 46.64000000000003 46.64
59 0.423703977798335 1.7655025125628148 46.665000000000035 46.664999999999985
60 0.4186562853325112 1.7654271356783897 46.67999999999999 46.67999999999999
61 0.4223913043478263 1.7653768844221092 46.69000000000001 46.68999999999999
62 0.42156665638811774 1.765276381909552 46.71000000000002 46.71
63 0.420632130743139 1.7653015075376888 46.71499999999997 46.714999999999996
64 0.4238793298386267 1.765402010050249 46.68499999999999 46.68499999999999
65 0.4179250693802036 1.7654773869346694 46.66999999999999 46.67
66 0.42019940384417703 1.7655025125628125 46.67999999999997 46.67999999999998
67 0.4180246685168057 1.7653266331658277 46.7 46.69999999999999
68 0.4206247301880975 1.7653266331658262 46.70000000000002 46.69999999999999
69 0.423744134219157 1.7654271356783915 46.67999999999998 46.679999999999986
70 0.4227899064652069 1.7653768844221114 46.694999999999986 46.69500000000002
