# index clusteringCoefficient averagePathLength inDegreeMean outDegreeMean
1 0.9256503592910494 4.262224938875291 1.8699186991869916 1.8699186991869912
2 0.8125207661873888 4.594018005717471 3.0050000000000003 3.005000000000001
3 0.6909394667855931 3.4569475803990986 5.3599999999999985 5.359999999999999
4 0.6139202148745554 3.1975896095791683 9.310000000000008 9.310000000000002
5 0.615885314505118 2.8355973172641384 13.925 13.924999999999997
6 0.568726725601937 2.5688007906874533 18.795000000000012 18.794999999999987
7 0.531473971928243 2.2102701005024925 24.654999999999994 24.655000000000005
8 0.459084780279878 1.9952079987566727 29.315000000000005 29.315000000000005
9 0.4065340245369326 1.892629150108959 33.65000000000001 33.65000000000001
10 0.3795069794494217 1.8291203492208505 37.335 37.33499999999997
11 0.38812653129289215 1.8089944672859268 39.24499999999999 39.245
12 0.3876126830395126 1.8035655665260981 40.10499999999998 40.10499999999999
13 0.38205609160487247 1.8026633165829142 40.320000000000036 40.31999999999998
14 0.37919955946731443 1.801482412060303 40.40499999999998 40.405
15 0.3856113548790577 1.8012060301507589 40.464999999999996 40.46499999999998
16 0.381108818011257 1.8007035175879418 40.515000000000015 40.51499999999999
17 0.3814960913070668 1.800979899497494 40.46499999999998 40.46500000000001
18 0.3838314571607257 1.800703517587941 40.48500000000002 40.485
19 0.3840054721701063 1.8006532663316572 40.515 40.51499999999999
20 0.3789671669793621 1.800678391959802 40.505000000000024 40.505
21 0.38062664165103177 1.8006532663316572 40.515000000000015 40.514999999999986
22 0.3814151031894933 1.80092964824121 40.49499999999999 40.495000000000005
23 0.37913414634146325 1.800628140703522 40.524999999999984 40.52500000000001
24 0.3786457160725454 1.7961306532663324 40.68999999999999 40.68999999999999
25 0.3788513133208254 1.7957788944723625 40.69500000000001 40.695
26 0.3785544090056284 1.796532663316583 40.679999999999986 40.68000000000001
27 0.3848547529706065 1.7961055276381903 40.674999999999976 40.675
28 0.379279393370857 1.7961557788944709 40.68000000000002 40.680000000000014
29 0.38215212632895573 1.7958542713567853 40.695000000000014 40.695
30 0.3792951844903065 1.7957035175879397 40.71000000000001 40.70999999999999
31 0.3802908067542214 1.7957537688442216 40.70000000000001 40.69999999999999
32 0.3816322701688555 1.7955025125628166 40.754999999999995 40.754999999999974
33 0.37582254534083803 1.7959296482412082 40.664999999999985 40.66499999999999
34 0.3813581926203878 1.7957788944723618 40.715 40.71500000000002
35 0.3800262664165105 1.7959547738693504 40.684999999999974 40.68500000000001
36 0.3778261413383366 1.7959045226130639 40.69500000000001 40.69499999999998
37 0.3781546278924328 1.7957537688442222 40.70500000000002 40.705000000000005
38 0.37816901188242624 1.795854271356787 40.66999999999999 40.67000000000002
39 0.37822795497185757 1.7958040201005026 40.704999999999984 40.70499999999999
40 0.374275015634772 1.7955025125628163 40.734999999999985 40.735
41 0.3805573796122577 1.795753768844224 40.685000000000024 40.68499999999998
42 0.375468886804253 1.7955276381909548 40.72499999999998 40.725000000000016
43 0.37522435897435924 1.7954773869346718 40.735000000000014 40.73500000000001
44 0.3798516260162602 1.7960552763819102 40.685 40.68500000000001
45 0.37903345841150726 1.7955025125628163 40.71000000000001 40.71000000000004
46 0.3769046278924326 1.7957286432160842 40.714999999999996 40.715000000000025
47 0.37494903064415247 1.7959045226130674 40.684999999999995 40.68500000000002
48 0.3773638211382112 1.795753768844216 40.72499999999999 40.724999999999994
49 0.3800268918073796 1.795854271356784 40.68 40.68
50 0.3755755159474669 1.7954522613065333 40.73000000000001 40.73
51 0.37806828280833427 1.7957035175879397 40.685000000000024 40.685
52 0.3796171044402752 1.7957788944723663 40.684999999999995 40.684999999999974
53 0.38211475922451527 1.796005025125628 40.62999999999998 40.63000000000002
54 0.3800966228893057 1.7958793969849232 40.664999999999964 40.66499999999999
55 0.3783262236266086 1.79597989949749 40.63499999999997 40.63500000000001
56 0.37499233896185125 1.795577889447228 40.71000000000004 40.70999999999997
57 0.3820247029393371 1.7959798994974903 40.665000000000006 40.66499999999999
58 0.37792464040025026 1.7957788944723603 40.67500000000001 40.67499999999996
59 0.3825569105691056 1.7956783919597916 40.69999999999999 40.70000000000001
60 0.3794507504690435 1.795804020100501 40.67500000000001 40.675000000000004
61 0.3809702939337086 1.7958542713567869 40.66999999999998 40.67000000000001
62 0.37673217636022516 1.7957537688442182 40.71 40.71
63 0.37932520325203256 1.7957788944723603 40.690000000000005 40.69
64 0.37869918699187016 1.7956030150753783 40.71499999999997 40.714999999999975
65 0.37983896185115673 1.7954522613065311 40.735000000000014 40.735000000000014
66 0.3790534709193243 1.7957788944723552 40.69999999999998 40.7
67 0.3762961225766103 1.7957788944723603 40.689999999999976 40.689999999999976
68 0.38218261413383386 1.7959045226130657 40.669999999999995 40.670000000000016
69 0.3818133208255158 1.7959798994974856 40.695000000000014 40.695
70 0.3815345528455285 1.7957035175879412 40.72500000000002 40.72499999999999
