# index clusteringCoefficient averagePathLength inDegreeMean outDegreeMean
1 0.9278393010951151 4.550561797752798 1.6422764227642284 1.6422764227642275
2 0.812178088837284 3.566270746479979 3.2849999999999993 3.285000000000002
3 0.7119773212423204 3.23540450375313 5.394999999999998 5.394999999999998
4 0.6517224281068207 3.308855534709191 8.779999999999998 8.78
5 0.6204589781245166 2.838369413521144 12.974999999999996 12.975000000000001
6 0.5348091455509673 2.389131774302414 18.609999999999992 18.60999999999998
7 0.48802693232644884 2.146486635436769 23.914999999999996 23.915
8 0.43551665107400794 1.981574539363486 29.875 29.874999999999996
9 0.41737938667954405 1.871967337538277 34.865000000000016 34.86500000000001
10 0.40745778011306494 1.8312737155163583 38.60500000000006 38.60500000000001
11 0.4037827521280582 1.8149886488278995 39.945 39.94499999999998
12 0.40851223960426764 1.8087406730622888 40.999999999999986 41.0
13 0.4019608756718796 1.8015329171108065 41.50500000000001 41.50500000000001
14 0.405293601274883 1.79621726724073 42.054999999999986 42.05500000000001
15 0.4049154579585661 1.7960405040276741 42.004999999999995 42.005
16 0.4018126569970015 1.7958132370394646 42.07000000000001 42.070000000000014
17 0.40381033411663003 1.7958384889270467 42.08000000000002 42.080000000000005
18 0.3991266239904922 1.795611221938843 42.099999999999994 42.10000000000002
19 0.3992100856224507 1.7952763819095476 42.330000000000005 42.33000000000002
20 0.39515859060583963 1.7906281407035118 42.495 42.49499999999998
21 0.3913063829569781 1.7855276381909544 42.704999999999984 42.705
22 0.3901305944953136 1.7855025125628194 42.71999999999999 42.72000000000001
23 0.3934144990951568 1.7854020100502446 42.72499999999995 42.72499999999999
24 0.38891405342624835 1.7855527638190947 42.71999999999996 42.720000000000006
25 0.39481808605461444 1.785603015075381 42.705 42.70499999999998
26 0.38994368365610604 1.7857035175879374 42.66999999999999 42.67
27 0.39503254733543997 1.7858291457286462 42.68 42.680000000000035
28 0.39260405693757905 1.785703517587944 42.669999999999995 42.66999999999999
29 0.3908624368635711 1.7857035175879352 42.66999999999999 42.669999999999995
30 0.39193757934257095 1.7854773869346727 42.69500000000002 42.69500000000001
31 0.3923551576047324 1.785376884422111 42.720000000000034 42.72000000000001
32 0.3890211490154769 1.7854020100502506 42.71499999999998 42.71500000000001
33 0.3944238716473544 1.7856281407035155 42.679999999999986 42.68000000000002
34 0.3930865948194365 1.7854271356783908 42.71499999999999 42.71500000000002
35 0.39546011938524694 1.785577889447237 42.68000000000001 42.68
36 0.39311441536342273 1.7853768844221165 42.72000000000003 42.71999999999997
37 0.390003106177241 1.7855778894472383 42.70999999999999 42.71000000000001
38 0.395209194284634 1.7856030150753799 42.7 42.7
39 0.39394457499392227 1.7853015075376877 42.73500000000001 42.73499999999999
40 0.39281136050563126 1.785628140703514 42.68999999999998 42.68999999999999
41 0.3906833589930583 1.7855527638190984 42.69000000000001 42.689999999999976
42 0.39420887016179146 1.785728643216083 42.67 42.67
43 0.39020001080409455 1.7853266331658277 42.73500000000002 42.73500000000002
44 0.394134321908003 1.7854522613065342 42.704999999999984 42.705000000000005
45 0.3914081786997272 1.7855778894472405 42.67500000000001 42.675000000000026
46 0.3881728385057935 1.7856281407035202 42.695000000000014 42.695
47 0.3869656699889258 1.7855025125628141 42.69500000000001 42.69499999999997
48 0.38783688517948306 1.7855276381909488 42.69000000000001 42.690000000000005
49 0.3919738675958186 1.7857537688442193 42.655000000000015 42.654999999999994
50 0.39085230802474114 1.785402010050258 42.71 42.710000000000015
51 0.39383261756205606 1.7854522613065344 42.71000000000003 42.70999999999997
52 0.3900294411581988 1.7856532663316582 42.66999999999998 42.67
53 0.39457485887151217 1.785678391959795 42.66999999999998 42.66999999999997
54 0.3914834022094373 1.785703517587934 42.680000000000014 42.67999999999998
55 0.3983188828566025 1.785502512562812 42.71499999999999 42.714999999999996
56 0.39377130432433866 1.785753768844221 42.65499999999997 42.65499999999997
57 0.3957304918564135 1.7855778894472398 42.69499999999998 42.694999999999986
58 0.39401412635388816 1.7856030150753777 42.680000000000014 42.68000000000002
59 0.3950144504767305 1.7855527638190947 42.705000000000005 42.705
60 0.3952012262647542 1.7854522613065316 42.705000000000005 42.70500000000003
61 0.3962986521891795 1.7857035175879425 42.66 42.660000000000004
62 0.3922341517435106 1.785728643216082 42.65999999999998 42.65999999999997
63 0.39216730140723305 1.7854522613065282 42.704999999999984 42.70499999999999
64 0.39153769278556544 1.7854020100502461 42.71000000000002 42.70999999999998
65 0.3933702023066743 1.7855527638190918 42.705 42.70500000000001
66 0.3959880344650621 1.7856532663316576 42.68 42.67999999999999
67 0.39229546498122786 1.7853266331658313 42.71999999999995 42.719999999999985
68 0.39091591713259327 1.7855527638190978 42.680000000000014 42.680000000000014
69 0.39115833400858924 1.7856281407035208 42.68499999999999 42.68499999999998
70 0.3932921427220915 1.7858542713567842 42.65999999999999 42.65999999999999
