# index clusteringCoefficient averagePathLength inDegreeMean outDegreeMean
1 0.9083502458252436 4.069321354862199 1.8943089430894315 1.8943089430894313
2 0.830099007684624 4.092730519621987 3.685 3.6849999999999996
3 0.7329009018906062 3.4633032631696223 5.885 5.885000000000004
4 0.6503562057511144 2.8528110145877736 9.35 9.349999999999996
5 0.570066767572498 2.5571614825852054 13.205 13.205000000000002
6 0.5423512112759211 2.4025898129921295 17.825000000000006 17.825000000000006
7 0.48522199581773084 2.1685790945937957 23.964999999999982 23.965000000000014
8 0.45781975485400744 2.009157707061419 30.06999999999999 30.070000000000007
9 0.43229812145500657 1.9002130962089914 34.47499999999999 34.474999999999994
10 0.4100306659669522 1.8620925521559564 36.9 36.900000000000006
11 0.4137583133658485 1.8203826323641041 39.250000000000014 39.249999999999986
12 0.4106399670822076 1.8146343964721556 41.084999999999965 41.08499999999998
13 0.41224373546665094 1.8080504043057921 41.68499999999997 41.684999999999995
14 0.4106492264365583 1.79176183950053 42.64500000000001 42.644999999999996
15 0.4094205600460402 1.7962311557788937 42.930000000000014 42.93000000000001
16 0.4045977807407188 1.7855862225701364 43.26499999999999 43.264999999999986
17 0.40472591362126237 1.7909045226130715 43.28 43.279999999999994
18 0.408663797442867 1.7913819095477412 43.279999999999994 43.27999999999998
19 0.40743128964059194 1.7910050251256289 43.24000000000001 43.24
20 0.40689167421725514 1.7905527638190941 43.24499999999998 43.245
21 0.405250743442604 1.780611600717154 43.45499999999999 43.455
22 0.4080894493103795 1.780485341279257 43.49000000000003 43.48999999999999
23 0.40370129870129856 1.7802580742910497 43.525000000000006 43.525
24 0.4059556528742576 1.7853517587939727 43.494999999999976 43.49500000000001
25 0.4043544246451223 1.7856783919597967 43.45499999999999 43.455
26 0.40055748515050815 1.7806621044923145 43.460000000000015 43.45999999999999
27 0.4035636262961846 1.7857537688442227 43.43000000000001 43.42999999999998
28 0.4041810127856638 1.7856783919597943 43.43499999999999 43.43499999999998
29 0.40456533776301234 1.7854522613065305 43.49 43.48999999999998
30 0.4007047216349542 1.7854522613065338 43.47499999999998 43.47499999999998
31 0.4005660424846473 1.7855276381909573 43.46 43.459999999999965
32 0.3975145978052956 1.785527638190954 43.459999999999994 43.46000000000001
33 0.40424769123861615 1.7855025125628134 43.470000000000006 43.470000000000006
34 0.40370482230947347 1.7802580742910525 43.515000000000015 43.514999999999986
35 0.39918931843350436 1.7855025125628154 43.455000000000005 43.45499999999998
36 0.3993232155441459 1.7855276381909577 43.470000000000006 43.470000000000006
37 0.3969566092821906 1.780586348829578 43.45000000000002 43.44999999999997
38 0.40145399174468926 1.7804600893916807 43.46999999999999 43.47
39 0.3994150810429875 1.7855025125628192 43.46 43.460000000000015
40 0.4023406825732406 1.785577889447234 43.455000000000005 43.45499999999996
41 0.39898072245991467 1.7807788944723593 43.635000000000026 43.63499999999999
42 0.3991908285512935 1.7804522613065334 43.69500000000001 43.694999999999986
43 0.39855834088392217 1.7805025125628111 43.690000000000005 43.68999999999997
44 0.40200826022153285 1.780502512562815 43.68999999999999 43.689999999999976
45 0.40066092821906774 1.780301507537687 43.730000000000004 43.730000000000004
46 0.40070497332125243 1.7805276381909518 43.68999999999999 43.68999999999998
47 0.39941206080740954 1.7805276381909518 43.690000000000005 43.68999999999998
48 0.4016238799959729 1.7803768844221113 43.730000000000004 43.72999999999999
49 0.4049305591364577 1.7805276381909556 43.68000000000002 43.679999999999986
50 0.39931490989630547 1.7806030150753784 43.69000000000002 43.689999999999976
51 0.4018448605657906 1.7805276381909592 43.679999999999986 43.67999999999997
52 0.3969973824624986 1.7806030150753809 43.66999999999999 43.669999999999995
53 0.4031211617839524 1.7804020100502498 43.705000000000005 43.705000000000005
54 0.3989313399778516 1.7806783919597968 43.65499999999999 43.65499999999997
55 0.4015607067351252 1.7805025125628133 43.67999999999999 43.67999999999997
56 0.4020907580791301 1.7806030150753769 43.66 43.65999999999998
57 0.3982331621866504 1.7806532663316583 43.66000000000004 43.66
58 0.39923915232054746 1.7806783919598013 43.66 43.659999999999975
59 0.4020260747004933 1.7805527638190926 43.690000000000005 43.68999999999999
60 0.40356840833584995 1.780678391959802 43.655000000000015 43.65499999999998
61 0.40572082955803895 1.78030150753769 43.73000000000001 43.73
62 0.3986305748515053 1.7806030150753813 43.66 43.65999999999999
63 0.3986129568106312 1.7805276381909523 43.675 43.67499999999999
64 0.4032699083861875 1.7804522613065334 43.69500000000001 43.69499999999997
65 0.40004429678848274 1.7805527638191028 43.670000000000016 43.669999999999995
66 0.40416691835296475 1.7807035175879427 43.66000000000002 43.66000000000001
67 0.3980305547166012 1.7804020100502504 43.710000000000015 43.71000000000001
68 0.3996599718111347 1.7807537688442159 43.639999999999986 43.64
69 0.40234986605378004 1.780376884422112 43.710000000000015 43.709999999999994
70 0.4012403100775193 1.780502512562819 43.68000000000001 43.67999999999997
