# index clusteringCoefficient averagePathLength inDegreeMean outDegreeMean
1 0.9377093818557234 4.7275014979029555 1.699186991869919 1.6991869918699183
2 0.8160669518580917 4.523143066227596 3.1 3.099999999999998
3 0.7386609867708218 3.1471484545058757 5.070000000000003 5.070000000000001
4 0.6798406569608972 3.0684390276568587 7.8100000000000005 7.810000000000002
5 0.6549192269372522 3.0964445472774957 11.42 11.419999999999996
6 0.6252966043897122 2.7608786669271725 15.160000000000007 15.159999999999991
7 0.5708985888026782 2.3667300231728774 20.554999999999993 20.554999999999996
8 0.4628696011472556 2.0340879656011914 25.755000000000003 25.75500000000001
9 0.3979628192052202 1.9143943065581701 30.31 30.30999999999999
10 0.3655407946577651 1.8654129232018695 32.90500000000001 32.90500000000003
11 0.34971026610419886 1.8491954723110509 34.03499999999998 34.035
12 0.34430524394295936 1.8432615337996507 34.755 34.754999999999995
13 0.34817973856209145 1.8436180904522632 35.00000000000002 35.00000000000001
14 0.3464439775910364 1.8438442211055237 35.01000000000001 35.01000000000002
15 0.3481087768440711 1.8429396984924624 34.970000000000006 34.97
16 0.349672735760971 1.8382111562839314 35.03 35.03000000000002
17 0.3447455648926237 1.8374788515441558 35.01000000000002 35.010000000000026
18 0.34105952380952376 1.833489053306731 35.115 35.115
19 0.34041549953314637 1.8326130653266317 35.32999999999999 35.330000000000005
20 0.3402824463118583 1.8321105527638157 35.319999999999986 35.32
21 0.3383305322128851 1.8320351758793985 35.35999999999999 35.35999999999997
22 0.339250233426704 1.8317839195979886 35.33500000000003 35.33499999999999
23 0.3399309056956117 1.8267215474356702 35.32999999999999 35.32999999999999
24 0.3347483152681361 1.8270603015075377 35.47 35.470000000000006
25 0.3361917494270435 1.8271859296482411 35.49499999999998 35.494999999999976
26 0.3370634920634918 1.8265829145728643 35.53999999999998 35.53999999999996
27 0.3362871148459387 1.8269597989949713 35.54999999999998 35.550000000000004
28 0.3335845004668531 1.826733668341708 35.529999999999994 35.53000000000001
29 0.33403548085901 1.8263065326633152 35.51499999999998 35.514999999999986
30 0.3338370681605975 1.8219095477386926 35.71499999999999 35.71500000000002
31 0.33484941855530076 1.8214572864321623 35.695000000000014 35.69499999999999
32 0.33555275443510735 1.8218844221105541 35.68499999999999 35.68499999999998
33 0.33157422969187683 1.8217839195979892 35.674999999999955 35.67499999999998
34 0.33386461251167104 1.8222110552763864 35.68999999999997 35.68999999999998
35 0.33297198879551815 1.8214824120603044 35.72 35.71999999999998
36 0.33282586367880457 1.821834170854272 35.65500000000002 35.65500000000001
37 0.3319112978524745 1.8221105527638144 35.66499999999998 35.66499999999997
38 0.33526330532212895 1.821758793969847 35.680000000000014 35.679999999999986
39 0.3338029878618113 1.8217336683417062 35.67999999999999 35.679999999999964
40 0.3342460317460318 1.821206030150752 35.73000000000002 35.730000000000004
41 0.33520168067226885 1.8218090452261293 35.68999999999996 35.689999999999976
42 0.3338748832866481 1.821834170854273 35.65999999999998 35.65999999999998
43 0.3345859010270771 1.8224623115577883 35.68499999999998 35.684999999999995
44 0.3330578898225957 1.8218090452261284 35.68500000000001 35.68499999999999
45 0.33448459383753515 1.8215577889447208 35.66 35.65999999999999
46 0.3272773109243699 1.8216582914572879 35.70000000000004 35.70000000000002
47 0.33062745098039187 1.8216582914572854 35.695000000000014 35.695
48 0.33495564892623725 1.8219095477386935 35.66500000000002 35.665000000000006
49 0.332580298786181 1.8216080402010053 35.705000000000005 35.705
50 0.3325359477124183 1.8218844221105521 35.69 35.68999999999999
51 0.3314523809523806 1.8216331658291436 35.695 35.695
52 0.3319318394024277 1.8209798994974904 35.760000000000005 35.75999999999999
53 0.33514892623716136 1.8221356783919598 35.73499999999999 35.73500000000001
54 0.3297007469654526 1.8220100502512562 35.71000000000003 35.710000000000036
55 0.33158169934640513 1.8213567839195977 35.729999999999976 35.72999999999999
56 0.33503174603174574 1.8217336683417094 35.67500000000002 35.67500000000002
57 0.3327483660130718 1.8215577889447259 35.694999999999986 35.69500000000002
58 0.3335415499533145 1.8218090452261293 35.70499999999999 35.70500000000002
59 0.3349897292250232 1.821482412060302 35.739999999999995 35.74
60 0.33469934640522864 1.8217336683417085 35.69500000000001 35.69500000000003
61 0.33171428571428535 1.8218592964824127 35.679999999999986 35.679999999999964
62 0.3305098039215684 1.8219849246231148 35.68499999999998 35.68499999999999
63 0.33386741363211914 1.8217587939698507 35.679999999999986 35.67999999999997
64 0.337095704948646 1.8217839195979915 35.675000000000004 35.675
65 0.33274649859943944 1.8218090452261313 35.694999999999986 35.694999999999986
66 0.3308781512605038 1.821909547738692 35.70000000000003 35.70000000000001
67 0.3282436974789917 1.8213316582914565 35.71 35.71
68 0.33308356676003725 1.821683417085427 35.69500000000002 35.695
69 0.33775443510737624 1.8220854271356748 35.69999999999998 35.7
70 0.3347366946778711 1.8215075376884393 35.71500000000002 35.71500000000002
