# index clusteringCoefficient averagePathLength inDegreeMean outDegreeMean
1 0.9300149714783861 5.059882533197158 1.7804878048780486 1.78048780487805
2 0.8113948163555764 4.195560074563613 3.0100000000000007 3.01
3 0.6894609241775097 3.640448563196015 5.33 5.3300000000000045
4 0.6769377492143233 3.374249553788744 8.58500000000001 8.584999999999997
5 0.6276593635891807 2.886386160915405 13.589999999999996 13.589999999999998
6 0.5614083114884497 2.4429556430226196 18.935000000000016 18.935
7 0.46592615017725514 2.138710711994867 24.249999999999996 24.249999999999993
8 0.39963181712523616 2.013434701103971 28.005000000000006 28.004999999999992
9 0.37522006469468666 1.918975213497188 30.564999999999994 30.56500000000002
10 0.3583030358042236 1.8794226233206848 32.255000000000024 32.255
11 0.3462067156413131 1.839350599149597 33.640000000000015 33.64000000000001
12 0.34725747485293273 1.834632345400473 34.364999999999974 34.364999999999995
13 0.34436691820373044 1.8280998903145227 34.91499999999997 34.915000000000006
14 0.3443030381383317 1.829754834779956 35.03500000000003 35.03500000000002
15 0.3448590102707748 1.8278259986802723 35.18500000000001 35.185
16 0.34524696545284783 1.828206690015733 35.16 35.16000000000002
17 0.3437679738562091 1.8278259986802705 35.180000000000014 35.18
18 0.3454920634920633 1.8276991015684423 35.15499999999997 35.15499999999998
19 0.34360597572362267 1.827673722146084 35.19500000000002 35.19499999999999
20 0.34292296918767495 1.827504355950607 35.34500000000001 35.345
21 0.3382850918145035 1.8224034746597313 35.464999999999996 35.46499999999997
22 0.33844783974195736 1.8226633165829094 35.72499999999998 35.725000000000016
23 0.3401456582633052 1.8226633165829145 35.67499999999999 35.67499999999998
24 0.3367338935574227 1.8230904522613092 35.735000000000014 35.73500000000001
25 0.3341858076563958 1.8221356783919604 35.72999999999999 35.72999999999999
26 0.336661998132586 1.8222864321608054 35.695000000000014 35.695
27 0.33325303454715205 1.8215829145728637 35.744999999999976 35.745
28 0.3341605975723623 1.8215829145728621 35.74000000000001 35.73999999999999
29 0.3357488328664801 1.821608040201005 35.740000000000016 35.739999999999995
30 0.3364677871148459 1.8224623115577885 35.709999999999994 35.71000000000001
31 0.33184873949579824 1.8224120603015075 35.69999999999998 35.7
32 0.33504948646125093 1.8222110552763813 35.65500000000001 35.65499999999997
33 0.3382502334267037 1.8221608040200976 35.714999999999996 35.714999999999996
34 0.33563445378151274 1.821859296482412 35.69000000000004 35.68999999999997
35 0.3329313725490192 1.8217085427135709 35.67999999999998 35.67999999999998
36 0.33542997198879504 1.8219095477386906 35.670000000000016 35.67
37 0.33128711484593837 1.8219095477386926 35.685 35.68499999999998
38 0.3341563958916899 1.8220351758793978 35.665000000000006 35.664999999999964
39 0.3337773109243694 1.8217839195979915 35.70000000000004 35.699999999999996
40 0.33626984126984105 1.821482412060306 35.705 35.70500000000002
41 0.3354094304388424 1.8220603015075354 35.67500000000002 35.67500000000001
42 0.3341339869281048 1.8216331658291487 35.675000000000004 35.67500000000001
43 0.33674883286648 1.821758793969847 35.65000000000002 35.649999999999984
44 0.33362511671335204 1.8219597989949727 35.71500000000001 35.71499999999999
45 0.3329995331465917 1.8215075376884364 35.71499999999998 35.714999999999996
46 0.334360877684407 1.8216080402010053 35.74000000000001 35.73999999999999
47 0.33626423902894503 1.8217085427135657 35.71 35.71000000000001
48 0.33546545284780577 1.8224874371859303 35.63000000000003 35.63
49 0.3387894491129786 1.8220351758794013 35.689999999999976 35.69
50 0.33785387488328694 1.8220351758794 35.70500000000003 35.705
51 0.3344659197012137 1.8217085427135686 35.69000000000002 35.69000000000002
52 0.3334943977591034 1.8215577889447214 35.714999999999996 35.71500000000002
53 0.33393650793650775 1.8215829145728657 35.68500000000002 35.68499999999997
54 0.3367068160597569 1.821683417085433 35.71500000000001 35.71500000000002
55 0.33593137254901956 1.822110552763819 35.68500000000001 35.684999999999995
56 0.33701540616246495 1.8215326633165865 35.720000000000006 35.71999999999999
57 0.3360695611577961 1.8218090452261284 35.69499999999999 35.695
58 0.33291176470588224 1.8215326633165823 35.70499999999998 35.705000000000034
59 0.3355252100840334 1.8219849246231135 35.67000000000002 35.66999999999998
60 0.332129318394024 1.8219849246231148 35.67500000000001 35.67499999999998
61 0.3329831932773109 1.8216080402010053 35.694999999999986 35.695
62 0.33574463118580794 1.821608040200999 35.689999999999976 35.689999999999976
63 0.33679971988795543 1.821984924623117 35.655000000000015 35.65499999999997
64 0.3388109243697477 1.82153266331658 35.69999999999999 35.699999999999996
65 0.331194677871148 1.821859296482415 35.68499999999999 35.68499999999998
66 0.3347989559460143 1.8213819095477402 35.72000000000002 35.72000000000001
67 0.33754248366013057 1.821909547738697 35.675000000000026 35.674999999999976
68 0.33327030812324937 1.8216582914572883 35.695000000000014 35.69499999999998
69 0.3358902894491129 1.8218844221105541 35.71 35.71
70 0.338279178338002 1.8218844221105512 35.71500000000001 35.71499999999998
