# index clusteringCoefficient averagePathLength inDegreeMean outDegreeMean
1 0.9397830887452061 4.105295718881472 1.9268292682926829 1.9268292682926833
2 0.817438715968955 3.8912677006068805 3.284999999999999 3.285000000000002
3 0.7282623975671279 3.0952895752895704 5.774999999999996 5.774999999999996
4 0.6522359363948952 3.208845100291593 9.429999999999998 9.429999999999996
5 0.6208861221767783 2.572426347661327 13.889999999999995 13.890000000000002
6 0.6054456276935811 2.2555218426805013 19.564999999999998 19.56499999999999
7 0.5481733581693894 2.1107900347884545 25.95 25.950000000000003
8 0.5054558525771056 1.9522224071916106 31.594999999999967 31.59500000000001
9 0.4506030867410699 1.8889061569145513 36.68000000000002 36.67999999999998
10 0.4191110671390875 1.817902520308265 40.645 40.645000000000024
11 0.4351422268432979 1.7866885447646417 44.34000000000003 44.34
12 0.43811702768715016 1.7815218223095164 45.34499999999997 45.34499999999998
13 0.4361933521021183 1.776001218212276 46.22500000000002 46.22499999999999
14 0.44143311648911343 1.772524237348359 46.629999999999995 46.629999999999974
15 0.440609389454209 1.7659002081112605 46.930000000000014 46.93000000000001
16 0.43764685476410753 1.7656210344652548 46.954999999999956 46.954999999999984
17 0.4361807868229007 1.7657225521547155 46.92 46.92000000000001
18 0.4344621492445269 1.7654941373534294 46.95500000000004 46.95499999999998
19 0.43833526056120903 1.7653672402416085 46.984999999999985 46.984999999999985
20 0.4317846130126427 1.765392619663978 46.97500000000001 46.97500000000003
21 0.43600061671292034 1.7602152175016497 47.245000000000054 47.245000000000005
22 0.42996550262102984 1.7604605944294365 47.43499999999999 47.435
23 0.4307121106999695 1.7603343349915417 47.46499999999997 47.464999999999996
24 0.4341342892383594 1.760384838766703 47.45500000000002 47.45499999999997
25 0.43296966543324084 1.7603848387666978 47.44500000000001 47.444999999999986
26 0.43292630280604383 1.760359586879117 47.46000000000003 47.45999999999999
27 0.42920328399629953 1.7602080755536442 47.48 47.48
28 0.4312950971322851 1.76510050251256 47.49499999999998 47.49499999999999
29 0.43057643385753935 1.760536350092162 47.415000000000006 47.415
30 0.43037639494589075 1.7604522613065245 47.67000000000003 47.66999999999998
31 0.4285719241443109 1.7602010050251256 47.720000000000006 47.720000000000034
32 0.42715810977489965 1.760351758793967 47.69000000000001 47.68999999999997
33 0.4268482115325318 1.760351758793968 47.689999999999976 47.68999999999999
34 0.42793015726179484 1.7604522613065297 47.675000000000004 47.67500000000001
35 0.4301377967930927 1.7602763819095477 47.705 47.705000000000005
36 0.43249996145544256 1.760150753768846 47.730000000000025 47.73000000000001
37 0.43216697502312634 1.7602512562814139 47.720000000000006 47.720000000000034
38 0.43015417823003405 1.7603015075376935 47.700000000000024 47.69999999999999
39 0.43253989361702105 1.7601005025125651 47.74999999999999 47.749999999999986
40 0.4301747224791859 1.7603015075376913 47.69999999999999 47.69999999999999
41 0.4273834027135367 1.76012562814071 47.735 47.735
42 0.4276894465001541 1.7604271356783876 47.69 47.68999999999999
43 0.4258632053654024 1.7600502512562735 47.75000000000001 47.749999999999986
44 0.42733252389762577 1.7603015075376856 47.700000000000024 47.7
45 0.4274098057354302 1.7602763819095453 47.70999999999999 47.71
46 0.43169962226333647 1.7601758793969922 47.72499999999999 47.72500000000003
47 0.4273770428615478 1.760477386934676 47.664999999999985 47.664999999999985
48 0.4285838729571386 1.7603517587939648 47.69500000000004 47.69500000000001
49 0.42933857539315445 1.7604773869346713 47.665000000000006 47.66499999999996
50 0.4293898139582689 1.7602512562814119 47.71000000000002 47.71000000000001
51 0.4294443802035154 1.7602512562814023 47.71000000000002 47.71
52 0.4300986740672218 1.7603015075376849 47.699999999999974 47.699999999999996
53 0.4272492676534071 1.7603517587939672 47.69 47.68999999999999
54 0.4296143617021276 1.7602261306532667 47.71500000000003 47.715000000000025
55 0.4278029602220167 1.760376884422114 47.68999999999998 47.689999999999976
56 0.42884462688868324 1.7603517587939705 47.68999999999998 47.69
57 0.42940275208140627 1.760201005025117 47.72 47.719999999999985
58 0.42447656490903496 1.7604773869346704 47.665000000000006 47.66499999999999
59 0.42819611470860297 1.7604522613065328 47.67499999999999 47.675
60 0.42912523126734514 1.760351758793967 47.68999999999998 47.69
61 0.43044981498612406 1.760251256281404 47.71000000000002 47.710000000000015
62 0.4286208757323466 1.7603768844221077 47.68500000000001 47.68500000000003
63 0.43077267704800043 1.7602512562814063 47.71499999999998 47.71500000000002
64 0.42894676996608083 1.7605025125628144 47.67 47.669999999999995
65 0.4295702281837802 1.7601005025125613 47.73999999999999 47.739999999999995
66 0.4288172602528523 1.7601758793969802 47.724999999999994 47.725
67 0.4315758942337343 1.760427135678389 47.67999999999999 47.68000000000002
68 0.4265668362627197 1.7605276381909505 47.65499999999999 47.654999999999994
69 0.43038159111933394 1.7603266331658245 47.69999999999998 47.69999999999999
70 0.4275512642614862 1.7605025125628162 47.66 47.65999999999998
