# index clusteringCoefficient averagePathLength inDegreeMean outDegreeMean
1 0.9401120816233203 4.572511369378469 1.6991869918699187 1.6991869918699203
2 0.8125996222421124 4.684352275787747 2.960000000000001 2.96
3 0.7126151897514755 3.1617589320769603 5.155000000000002 5.154999999999999
4 0.6635801251553122 3.4274193548387095 7.880000000000002 7.880000000000003
5 0.6378333683900729 2.7689686165830207 11.589999999999995 11.590000000000002
6 0.5683885530869487 2.4287989901418583 15.975 15.974999999999993
7 0.46962487991493584 2.1698097669439416 20.350000000000012 20.350000000000005
8 0.3980583294246391 2.0050509209695675 24.085000000000004 24.085000000000004
9 0.35284338691645734 1.9418928872053876 27.550000000000004 27.54999999999999
10 0.3394439731011626 1.9010929244794388 29.999999999999993 29.999999999999996
11 0.3315599959652701 1.8650651215259966 31.57 31.569999999999993
12 0.3290742970734099 1.8600578650829893 32.4 32.399999999999984
13 0.3301265597147953 1.8535643039317184 32.794999999999995 32.795000000000016
14 0.3296641381152054 1.8473523395873819 33.02500000000002 33.025
15 0.32477272727272727 1.8398020252013838 33.27999999999999 33.28000000000001
16 0.3232531194295899 1.8395728643216058 33.504999999999995 33.504999999999995
17 0.326805369875223 1.838994974874373 33.54 33.540000000000006
18 0.32358678698752236 1.8392964824120592 33.535000000000025 33.53499999999999
19 0.32028135026737936 1.8336934673366871 33.649999999999984 33.650000000000006
20 0.3190175241504226 1.834120603015071 33.645 33.644999999999996
21 0.316765262923351 1.833743718592966 33.70500000000003 33.704999999999984
22 0.3163463680926917 1.8338693467336669 33.63999999999999 33.64
23 0.3222788547237075 1.8339698492462326 33.66499999999995 33.664999999999985
24 0.3177885472370764 1.8330653266331651 33.67999999999999 33.68000000000002
25 0.3213524955436719 1.8337437185929655 33.67000000000004 33.66999999999998
26 0.3174220142602497 1.8334422110552786 33.70499999999998 33.70499999999998
27 0.31802194741533 1.8329145728643206 33.705 33.70499999999998
28 0.3160689616755794 1.833266331658293 33.700000000000024 33.699999999999996
29 0.3227595811051694 1.8332663316582916 33.684999999999995 33.684999999999974
30 0.31663992869875224 1.8330150753768852 33.680000000000014 33.680000000000014
31 0.3182319518716576 1.8333919597989965 33.699999999999974 33.70000000000001
32 0.320960338680927 1.833291457286432 33.669999999999995 33.66999999999999
33 0.31806205436720164 1.8330150753768888 33.69500000000001 33.695
34 0.31849264705882324 1.8328391959798995 33.69000000000001 33.68999999999999
35 0.31755069073083786 1.8330653266331658 33.684999999999995 33.68499999999997
36 0.3173245320855616 1.8334422110552742 33.695 33.69499999999999
37 0.3192424242424241 1.833542713567837 33.69000000000002 33.69
38 0.3179457585820254 1.8341206030150747 33.69999999999999 33.69999999999998
39 0.32049520944741533 1.8326884422110574 33.7 33.69999999999997
40 0.3212628119429587 1.8331909547738716 33.715000000000025 33.71500000000002
41 0.31985349821746856 1.8330150753768855 33.68999999999999 33.68999999999998
42 0.31763706802369057 1.8329145728643217 33.70500000000001 33.705
43 0.31544284759358293 1.8330150753768881 33.69000000000002 33.689999999999955
44 0.31684324866310165 1.8330904522613072 33.669999999999995 33.67
45 0.31657698306595344 1.8333668341708558 33.70000000000001 33.69999999999999
46 0.3164232397504454 1.832462311557789 33.69499999999998 33.69499999999998
47 0.31734625668449223 1.8324120603015097 33.66500000000001 33.66499999999998
48 0.3174793894830659 1.8328643216080385 33.68499999999998 33.684999999999995
49 0.31611296791443844 1.8327135678391953 33.67 33.67
50 0.3175935828877004 1.8329396984924593 33.70500000000001 33.70499999999998
51 0.3190491310160426 1.8340201005025125 33.629999999999995 33.629999999999995
52 0.32252618092691604 1.8331909547738672 33.679999999999964 33.68
53 0.3187945632798575 1.8332160804020123 33.684999999999995 33.685000000000024
54 0.32000000000000006 1.8327889447236174 33.69499999999997 33.69499999999998
55 0.315161541889483 1.8338190954773863 33.68 33.67999999999999
56 0.3213430258467025 1.833015075376886 33.73000000000002 33.73
57 0.3181489527629231 1.8339447236180935 33.664999999999985 33.664999999999985
58 0.32088402406417127 1.8333668341708542 33.70500000000001 33.70499999999998
59 0.3195382130124776 1.8334422110552775 33.70500000000001 33.70499999999999
60 0.31604445187165764 1.8331155778894457 33.665000000000006 33.66499999999997
61 0.3168989527629236 1.8327386934673373 33.71999999999998 33.720000000000006
62 0.31985851158645273 1.8332160804020123 33.66999999999998 33.67
63 0.31808111954459223 1.8327386934673342 33.690000000000005 33.69
64 0.31626949643493774 1.832512562814071 33.70499999999999 33.70499999999999
65 0.3192563502673796 1.832587939698488 33.69500000000003 33.69499999999998
66 0.3177863190730838 1.8330653266331636 33.68499999999999 33.685000000000024
67 0.31694964349376137 1.833040201005025 33.68499999999999 33.68499999999999
68 0.3187438725490196 1.8337688442211049 33.68 33.679999999999986
69 0.3173367869875224 1.8338693467336662 33.68999999999998 33.690000000000005
70 0.32106197170950523 1.8330904522613072 33.69 33.689999999999976
