# index clusteringCoefficient averagePathLength inDegreeMean outDegreeMean
1 0.9343615142605892 4.802467671135368 1.8373983739837396 1.8373983739837407
2 0.803341898697068 5.397419472913613 3.1750000000000007 3.174999999999999
3 0.7161763333204513 3.911190441497891 5.365000000000001 5.364999999999999
4 0.6818699509408976 3.292775180620494 8.81 8.81000000000001
5 0.6381570470087378 2.861907043603257 12.904999999999998 12.905000000000008
6 0.5766844613921623 2.429947124331663 17.755000000000003 17.75500000000001
7 0.48325280650751895 2.136999530918015 22.72999999999999 22.729999999999993
8 0.40419002675055893 2.0180837139728203 27.075000000000003 27.074999999999996
9 0.3603247144942506 1.9058695539553436 30.980000000000004 30.979999999999997
10 0.35770515769715644 1.8732950466618816 32.91 32.91000000000002
11 0.3578170985644714 1.8424172142765123 34.104999999999976 34.10500000000001
12 0.35745459083563924 1.836273202748433 34.924999999999976 34.92500000000001
13 0.35722718320672286 1.843358205167252 35.28000000000002 35.28000000000002
14 0.3547135064736268 1.8278259986802734 35.85000000000002 35.850000000000016
15 0.3526803946803945 1.822014110958834 36.149999999999984 36.14999999999999
16 0.3496965536965535 1.8223529708845736 36.269999999999996 36.27
17 0.3523605748605746 1.8216964218075316 36.350000000000016 36.34999999999998
18 0.34553689403689414 1.8212166359435369 36.33000000000005 36.32999999999999
19 0.3494813384813382 1.8220499482336296 36.279999999999994 36.28
20 0.34993114543114545 1.8221257038963685 36.294999999999995 36.295000000000016
21 0.3478914628914629 1.8215449104820567 36.339999999999975 36.34
22 0.34732956065308973 1.8216964218075264 36.279999999999994 36.280000000000015
23 0.3449322475184542 1.8166965480669661 36.49 36.49
24 0.34234899184899165 1.8167085427135679 36.67499999999998 36.67499999999997
25 0.34090647790647766 1.8165577889447235 36.695 36.695000000000014
26 0.3422539682539682 1.8166834170854294 36.69000000000002 36.689999999999976
27 0.34410338910338895 1.8165577889447235 36.699999999999996 36.69999999999999
28 0.3443247533247538 1.8164572864321638 36.72500000000001 36.72499999999999
29 0.34453410553410535 1.8167085427135685 36.70000000000001 36.69999999999996
30 0.3416954096954097 1.8164070351758779 36.675 36.67499999999998
31 0.344189618189618 1.8165326633165837 36.690000000000026 36.68999999999998
32 0.3450072930072931 1.8166331658291457 36.66000000000001 36.659999999999975
33 0.3446515633280338 1.816407035175875 36.66499999999997 36.66499999999998
34 0.3447308022308022 1.8168341708542688 36.684999999999995 36.684999999999974
35 0.3409729729729728 1.8165326633165828 36.64999999999999 36.64999999999997
36 0.34292192192192195 1.815979899497485 36.73000000000001 36.73
37 0.3410248820248821 1.8160804020100525 36.70499999999999 36.70499999999998
38 0.34192771342771316 1.8162814070351736 36.72000000000002 36.72000000000001
39 0.34118125268125254 1.8161055276381888 36.69499999999999 36.695
40 0.3439757614757612 1.8160301507537655 36.72000000000002 36.719999999999985
41 0.3446780351780352 1.8161809045226152 36.689999999999976 36.69
42 0.3447711282711284 1.8165075376884408 36.689999999999976 36.68999999999999
43 0.34126340626340634 1.8166080402010027 36.685 36.685
44 0.3421741741741738 1.8164572864321615 36.704999999999984 36.705
45 0.34014650364650356 1.8167839195979871 36.69999999999999 36.7
46 0.34238009438009426 1.8166834170854298 36.670000000000016 36.669999999999995
47 0.34371928230751714 1.8167336683417081 36.65500000000001 36.65499999999996
48 0.34283891033891045 1.8170100502512534 36.67499999999996 36.675
49 0.33978635778635746 1.8165829145728658 36.694999999999986 36.694999999999986
50 0.34487837837837837 1.8169346733668335 36.69499999999998 36.695
51 0.34292449592449586 1.8168592964824117 36.650000000000034 36.649999999999984
52 0.3428622908622907 1.816256281407035 36.67499999999999 36.675000000000004
53 0.3449251394251391 1.816432160804019 36.68499999999998 36.68500000000002
54 0.3430465465465462 1.81645728643216 36.70999999999998 36.71000000000001
55 0.34216924066924087 1.8164321608040201 36.67999999999999 36.68000000000001
56 0.34543178893178883 1.8165577889447266 36.68 36.67999999999998
57 0.34122586872586874 1.8164321608040235 36.69999999999998 36.7
58 0.3427824967824963 1.816532663316581 36.71500000000002 36.715000000000025
59 0.34190454740454734 1.816356783919599 36.67999999999999 36.68000000000001
60 0.3390527670527666 1.8163819095477372 36.699999999999996 36.69999999999998
61 0.34050386100386093 1.816381909547737 36.65000000000003 36.64999999999998
62 0.3458588588588586 1.8165829145728665 36.65999999999999 36.65999999999997
63 0.33935542685542663 1.81655778894472 36.66999999999998 36.67
64 0.34237258687258665 1.8164070351758816 36.68999999999999 36.69
65 0.34115765765765743 1.8165075376884423 36.68499999999996 36.68499999999998
66 0.34269476619476613 1.816582914572864 36.665000000000006 36.66499999999999
67 0.3411960531960533 1.8164824120603011 36.679999999999986 36.68000000000001
68 0.3450053625053623 1.8166080402010027 36.7 36.70000000000001
69 0.3471731016731015 1.8167336683417048 36.63 36.62999999999997
70 0.34195002145002124 1.8166080402010067 36.68500000000001 36.684999999999974
