# index clusteringCoefficient averagePathLength inDegreeMean outDegreeMean
1 0.9284441037971204 3.968944858784692 2.2357723577235777 2.2357723577235786
2 0.8353089070214753 4.4815542457978585 3.6149999999999984 3.615000000000001
3 0.7089274240338821 3.880428866877109 6.065000000000006 6.0649999999999995
4 0.627595917138503 3.0829697917523946 10.315000000000001 10.315000000000001
5 0.6136496076198744 2.7430336259846553 14.18 14.180000000000003
6 0.5901690595415835 2.3904647676161765 18.824999999999992 18.824999999999996
7 0.5078844220515433 2.1712245437714635 24.90500000000001 24.905
8 0.45657634455386925 1.9607003067809146 30.92000000000001 30.919999999999987
9 0.4284286853642656 1.8682154226630565 35.82000000000002 35.82
10 0.4146795811526131 1.8260533436412834 39.44999999999999 39.450000000000024
11 0.41633379860038994 1.8084075198326655 41.775000000000006 41.775
12 0.4203520564674181 1.793000535673288 42.94000000000001 42.94
13 0.41955781651277163 1.7866999974491777 43.41000000000002 43.410000000000004
14 0.4210771670190273 1.7859857663954288 43.53000000000002 43.530000000000015
15 0.42241729649628146 1.7759157228854183 43.97000000000003 43.969999999999985
16 0.42157599248296923 1.7757116620752957 44.014999999999986 44.014999999999986
17 0.4126981442330279 1.7809248261509545 43.97500000000001 43.97500000000004
18 0.40904933051444686 1.7792479987879104 44.22000000000001 44.220000000000006
19 0.41140392704289475 1.7772864321608048 44.48000000000002 44.48
20 0.4090632194033357 1.7760804020100536 44.58000000000003 44.58
21 0.41143163795128473 1.776055276381905 44.61999999999999 44.62000000000001
22 0.41302208127789514 1.7755778894472354 44.67999999999998 44.68
23 0.40735835095137424 1.7755778894472354 44.705 44.705000000000005
24 0.4068073425282728 1.7754522613065384 44.71 44.709999999999994
25 0.41272128259337576 1.7753015075376848 44.730000000000004 44.73000000000001
26 0.40812814188395596 1.775502512562817 44.704999999999984 44.705
27 0.409747592201081 1.775452261306531 44.7 44.7
28 0.4115976039464412 1.7755778894472332 44.68 44.68
29 0.4113246417665023 1.775301507537682 44.72000000000001 44.719999999999985
30 0.41218639887244557 1.77532663316583 44.71500000000001 44.71500000000002
31 0.4117495889123797 1.7752010050251286 44.73500000000002 44.73500000000003
32 0.41052325581395344 1.7755276381909573 44.680000000000014 44.68000000000001
33 0.40644303500117474 1.7754522613065333 44.69 44.690000000000005
34 0.41011851068827815 1.7757286432160797 44.63 44.629999999999995
35 0.41324759220108087 1.7756030150753717 44.664999999999985 44.664999999999985
36 0.4107219873150106 1.7755778894472376 44.69500000000001 44.69499999999996
37 0.41177742541696033 1.775376884422112 44.710000000000015 44.71000000000002
38 0.40961028893587026 1.775452261306531 44.699999999999996 44.699999999999996
39 0.4122653276955602 1.7753517587939656 44.74000000000001 44.739999999999995
40 0.4075902043692743 1.7754522613065342 44.699999999999996 44.700000000000024
41 0.4088794926004228 1.775603015075377 44.660000000000025 44.659999999999975
42 0.4083536528071413 1.7754020100502539 44.69500000000002 44.69499999999999
43 0.4110954897815364 1.7754271356783908 44.70499999999997 44.705000000000005
44 0.4109652337326758 1.7753266331658204 44.72499999999998 44.72500000000004
45 0.4094445618980505 1.7755025125628154 44.68 44.679999999999986
46 0.41061757105943175 1.7755025125628163 44.68999999999998 44.68999999999996
47 0.40943786704251833 1.7753266331658284 44.715 44.71500000000002
48 0.40777378435518 1.7754522613065327 44.69499999999997 44.69499999999999
49 0.41036774723984015 1.775452261306536 44.71 44.70999999999999
50 0.4075591966173362 1.7751758793969816 44.74999999999999 44.749999999999986
51 0.4127937514681699 1.7752261306532686 44.74000000000001 44.740000000000016
52 0.411070824524313 1.7753015075376875 44.72000000000001 44.71999999999999
53 0.41123220577871755 1.7753517587939736 44.71499999999999 44.714999999999996
54 0.409595019967113 1.7754020100502461 44.69500000000001 44.69499999999997
55 0.4107008456659619 1.7756783919597994 44.65000000000003 44.650000000000006
56 0.4113985200845665 1.775201005025122 44.73499999999999 44.73500000000001
57 0.41282053089029846 1.775477386934674 44.690000000000005 44.69
58 0.41108315715292415 1.7754271356783942 44.7 44.69999999999999
59 0.4088123091378907 1.7752763819095458 44.719999999999985 44.720000000000006
60 0.4116982616866337 1.7756281407035184 44.675000000000004 44.675
61 0.4096959126145172 1.7756030150753748 44.674999999999976 44.675
62 0.4087334977683814 1.7751758793969834 44.745 44.745000000000005
63 0.41042494714587735 1.7756030150753799 44.67500000000001 44.674999999999976
64 0.4095936105238433 1.775452261306532 44.685000000000024 44.685
65 0.40865398167723754 1.7753768844221105 44.705000000000005 44.705
66 0.40526403570589636 1.7753015075376914 44.725 44.72499999999999
67 0.4096995536762978 1.7754773869346738 44.68499999999998 44.685
68 0.4077094868955334 1.7755276381909593 44.67999999999998 44.68000000000003
69 0.4067331454075639 1.7757035175879468 44.64500000000001 44.644999999999996
70 0.4078501291989668 1.775351758793968 44.71000000000003 44.71000000000001
