# index clusteringCoefficient averagePathLength inDegreeMean outDegreeMean
1 0.9172927608167304 4.505506744214815 1.886178861788618 1.8861788617886177
2 0.8294990678679399 4.878059046359212 3.145 3.1450000000000014
3 0.7208591011035597 3.4106988783434034 5.159999999999999 5.160000000000003
4 0.6358603561386074 3.0951426704421827 8.804999999999994 8.805000000000007
5 0.62696137630271 2.7536038044286038 13.605000000000004 13.604999999999995
6 0.5457493663748771 2.437077862430441 18.439999999999998 18.44
7 0.4695941912208756 2.1555684180062387 23.415 23.415000000000006
8 0.4036317459016048 1.9506695782577819 28.38500000000001 28.384999999999984
9 0.35728719329067443 1.8856979196500616 31.224999999999998 31.225
10 0.3625104621852933 1.8507498026835028 32.71999999999999 32.71999999999995
11 0.3536205594199402 1.8481345517977614 33.35999999999999 33.36
12 0.36171895424836586 1.8499201154460665 33.87 33.87
13 0.3532015196883349 1.8441220429830458 34.074999999999996 34.07500000000002
14 0.35245530207903436 1.8318933470067933 34.644999999999996 34.644999999999996
15 0.3485235124352771 1.8246635046788877 34.90999999999999 34.91000000000001
16 0.3486092436974789 1.8229201384437879 35.01500000000002 35.01499999999999
17 0.3481942110177399 1.822920138443793 34.99000000000001 34.99000000000001
18 0.34552287581699337 1.8230226893987957 35.01000000000001 35.01000000000003
19 0.341077223993045 1.8232577026546855 35.285000000000004 35.285000000000004
20 0.34214939309056946 1.8226485965179462 35.31500000000002 35.31500000000002
21 0.3366568144499179 1.82288944723618 35.61500000000002 35.61499999999997
22 0.3382343282140443 1.8239195979899483 35.620000000000005 35.62
23 0.33895658263305295 1.8233668341708542 35.69500000000001 35.695
24 0.339471988795518 1.8234673366834206 35.705 35.70499999999999
25 0.3356498599439773 1.8224371859296447 35.64999999999998 35.65000000000001
26 0.33861297852474287 1.8224623115577867 35.67999999999998 35.67999999999999
27 0.33842857142857136 1.8222864321608019 35.655 35.65499999999997
28 0.3345952380952377 1.8218341708542736 35.69500000000001 35.695
29 0.33383986928104564 1.8217336683417071 35.670000000000016 35.669999999999995
30 0.33637161531279136 1.821758793969852 35.66499999999998 35.664999999999964
31 0.33660084033613413 1.8215829145728637 35.66999999999999 35.67
32 0.3330409982174687 1.8218090452261313 35.68500000000002 35.68499999999996
33 0.3334743230625582 1.8218341708542678 35.695000000000036 35.694999999999986
34 0.33696078431372556 1.8217085427135657 35.700000000000024 35.699999999999974
35 0.33297292250233435 1.8220854271356766 35.7 35.69999999999998
36 0.3384005602240894 1.8221356783919564 35.71999999999997 35.72
37 0.3367469654528479 1.8214824120602993 35.74000000000002 35.73999999999998
38 0.33357516339869286 1.8217587939698463 35.71 35.70999999999999
39 0.33452287581699375 1.8213065326633178 35.724999999999994 35.72499999999998
40 0.3331167133520075 1.822386934673362 35.644999999999975 35.645
41 0.33603127917833786 1.8217336683417085 35.690000000000026 35.68999999999997
42 0.3346942110177404 1.8218844221105535 35.685 35.684999999999974
43 0.3372735760971054 1.822361809045231 35.68500000000002 35.684999999999995
44 0.33639542483660095 1.8214572864321605 35.70499999999999 35.70500000000003
45 0.33447105508870206 1.8215326633165836 35.69999999999998 35.69999999999998
46 0.3371676003734823 1.8219346733668333 35.70000000000004 35.699999999999974
47 0.3323935574229692 1.8218090452261306 35.679999999999964 35.67999999999998
48 0.3383954248366012 1.822110552763823 35.680000000000014 35.67999999999995
49 0.3366680672268906 1.8220603015075363 35.67000000000003 35.67000000000001
50 0.3369061624649861 1.8217587939698507 35.68500000000001 35.685
51 0.3378627450980391 1.8218090452261313 35.65999999999998 35.65999999999996
52 0.3371073762838469 1.8217085427135657 35.694999999999986 35.695
53 0.33875863678804863 1.8220100502512595 35.69499999999999 35.69499999999999
54 0.33881279178337964 1.8219095477386953 35.67499999999998 35.67499999999998
55 0.3391886087768439 1.8224623115577874 35.64000000000002 35.63999999999998
56 0.33510877684407087 1.8219597989949785 35.66999999999999 35.669999999999995
57 0.3352208216619985 1.8216080402010053 35.69500000000001 35.69499999999999
58 0.33579971988795504 1.8225628140703547 35.699999999999946 35.69999999999996
59 0.33695891690009333 1.8220854271356792 35.719999999999985 35.720000000000006
60 0.3355037348272641 1.8217085427135686 35.71000000000003 35.710000000000015
61 0.3354150326797385 1.8222613065326634 35.62500000000001 35.62499999999998
62 0.3341031746031743 1.8218341708542742 35.684999999999995 35.684999999999995
63 0.332813258636788 1.8218341708542718 35.695000000000014 35.694999999999986
64 0.3337292250233422 1.8218592964824092 35.68499999999999 35.68499999999998
65 0.336517273576097 1.8213567839195988 35.70999999999997 35.71
66 0.3330854341736694 1.8215075376884438 35.68500000000002 35.68499999999998
67 0.33525816993464064 1.8218592964824136 35.654999999999994 35.654999999999994
68 0.33753081232492976 1.8219346733668342 35.72000000000002 35.719999999999985
69 0.3376619981325865 1.8223869346733654 35.64500000000002 35.645
70 0.33577684407096137 1.8218592964824114 35.665 35.665000000000006
