# index clusteringCoefficient averagePathLength inDegreeMean outDegreeMean
1 0.9301469792137872 4.546366528015683 1.7967479674796754 1.7967479674796754
2 0.8113618397546606 5.560179901993676 3.125 3.1250000000000004
3 0.7277061900979439 3.475177304964541 5.33 5.329999999999997
4 0.6626486349823546 3.5525891558211753 7.959999999999996 7.959999999999994
5 0.6284989822830997 2.7122652681441224 11.82 11.820000000000004
6 0.5690026296960883 2.408447975198608 15.344999999999994 15.344999999999999
7 0.5032290962980241 2.2498270095721553 19.689999999999994 19.690000000000005
8 0.4346118972439985 2.078899481246117 23.600000000000005 23.6
9 0.3869325319720675 2.0016058431971686 26.595000000000002 26.594999999999995
10 0.351273492399903 1.9241329292615326 28.470000000000002 28.470000000000002
11 0.34351410934014937 1.8908158532185753 30.069999999999993 30.070000000000004
12 0.32169111611410595 1.8847282095757971 30.955000000000005 30.955000000000016
13 0.3182340816292427 1.8662347269341673 31.309999999999988 31.309999999999995
14 0.3239293206559687 1.859601035480433 31.715000000000014 31.714999999999996
15 0.3162346529814274 1.851796671801216 32.10499999999999 32.10500000000001
16 0.3159039034673769 1.8474785990252778 32.23500000000001 32.235
17 0.3150832111436953 1.8439433347642735 32.40500000000001 32.40500000000002
18 0.3157755987292281 1.8421251988586125 32.44000000000002 32.44
19 0.3120178157805262 1.8430847705866003 32.45499999999999 32.45500000000001
20 0.3141352028347997 1.8420241913083 32.50000000000001 32.5
21 0.31433589931573785 1.8424282215095555 32.51500000000001 32.51500000000001
22 0.31761027614858284 1.8416454129946214 32.510000000000026 32.509999999999984
23 0.31151392961876856 1.8415949092194657 32.539999999999985 32.53999999999999
24 0.3152092497556208 1.8424534733971327 32.500000000000014 32.50000000000001
25 0.3111736314760509 1.8432412060301493 32.704999999999984 32.70499999999999
26 0.31391526148582594 1.840402010050252 32.69500000000001 32.69499999999999
27 0.3081051441837728 1.8397738693467325 32.7 32.700000000000024
28 0.30747372922776156 1.839899497487435 32.67999999999999 32.68000000000001
29 0.3092094330400783 1.8389447236180916 32.69000000000002 32.690000000000005
30 0.3077877565982405 1.8382160804020065 32.71 32.710000000000015
31 0.3085902370478984 1.8385427135678385 32.72500000000001 32.725000000000016
32 0.30863850195503434 1.839145728643217 32.655000000000015 32.654999999999994
33 0.310860520527859 1.8387688442211085 32.69000000000001 32.68999999999998
34 0.308241080156403 1.839020100502511 32.680000000000014 32.68000000000001
35 0.30892076001955043 1.8392211055276422 32.67999999999998 32.67999999999997
36 0.3088318670576736 1.8385427135678374 32.70999999999998 32.71
37 0.3127779814271752 1.8387939698492461 32.67499999999997 32.67500000000002
38 0.31060270039100685 1.8392713567839174 32.69500000000001 32.695
39 0.30934188660801576 1.8392964824120621 32.71499999999999 32.715000000000025
40 0.3104346896383188 1.8382412060301463 32.69000000000001 32.68999999999999
41 0.3088336999022483 1.839522613065323 32.69999999999999 32.699999999999996
42 0.3091077101661778 1.8386432160803965 32.70499999999999 32.70500000000002
43 0.31180443548387066 1.8389195979899513 32.69500000000001 32.695000000000014
44 0.3072140762463345 1.8393969849246234 32.65999999999999 32.66
45 0.31392717497556216 1.8395226130653288 32.65499999999998 32.654999999999994
46 0.31266067937438924 1.8394974874371897 32.684999999999995 32.68500000000003
47 0.3102869623655915 1.8395728643216058 32.66 32.659999999999975
48 0.3066477272727273 1.8388693467336636 32.68999999999998 32.69000000000001
49 0.3110462487781036 1.8388944723618112 32.730000000000025 32.72999999999999
50 0.3103726783968718 1.839698492462314 32.675000000000004 32.675
51 0.3120436217008797 1.83967336683417 32.675 32.675
52 0.31295057429130013 1.8388190954773869 32.72 32.72
53 0.3125219941348971 1.839296482412061 32.72500000000004 32.72500000000001
54 0.3108391373411535 1.8391959798994963 32.724999999999994 32.724999999999994
55 0.309484359726295 1.8390452261306562 32.67000000000002 32.669999999999995
56 0.30987200635386103 1.8389195979899475 32.690000000000026 32.69000000000002
57 0.31082141984359707 1.8402010050251278 32.68499999999998 32.68499999999998
58 0.3068334555229714 1.8395226130653266 32.69499999999999 32.69500000000003
59 0.3114387829912022 1.839070351758791 32.69499999999999 32.69499999999999
60 0.3114042644183771 1.839321608040204 32.684999999999995 32.685
61 0.31136333088954077 1.8393969849246217 32.69000000000001 32.68999999999999
62 0.314323680351906 1.8388442211055276 32.69000000000002 32.69
63 0.31154417155425224 1.8392964824120588 32.71000000000002 32.71
64 0.30762585532746833 1.8381407035175878 32.71 32.71000000000002
65 0.3089650537634408 1.8386432160803983 32.69499999999997 32.695
66 0.3101719819159332 1.8388190954773884 32.70000000000002 32.69999999999998
67 0.3092836632453569 1.8396482412060275 32.65999999999998 32.65999999999997
68 0.30746792521994126 1.8388693467336727 32.635 32.635000000000005
69 0.3061311705767348 1.8390452261306514 32.655000000000015 32.65499999999998
70 0.30931512707722364 1.8382914572864337 32.720000000000034 32.72
