# index clusteringCoefficient averagePathLength inDegreeMean outDegreeMean
1 0.939831980491808 4.975498081920544 1.9024390243902436 1.9024390243902431
2 0.7832346536291073 3.8980404164115123 3.1950000000000003 3.194999999999999
3 0.7252071698801177 3.6797765489222427 6.09 6.089999999999998
4 0.6653117739005122 3.1798300882077917 9.384999999999996 9.385000000000002
5 0.6300750211663337 2.745776784288687 14.069999999999999 14.070000000000007
6 0.5986739918953702 2.356868990739109 19.44500000000001 19.444999999999997
7 0.5038693635529401 2.077748648205805 26.810000000000013 26.809999999999988
8 0.4668616301084917 1.893780881662849 32.77000000000003 32.77
9 0.43684851730522245 1.836740631033295 37.99499999999998 37.995
10 0.4337997779167666 1.7996807034991764 41.680000000000014 41.680000000000014
11 0.4325076023181787 1.7789779055611659 43.84 43.83999999999999
12 0.4298356893902682 1.7724246898230922 44.74499999999999 44.74500000000003
13 0.42900551682790355 1.771843913444774 45.28500000000001 45.28499999999998
14 0.4304355460115144 1.771063439022523 45.67499999999998 45.674999999999976
15 0.4289730702024871 1.7704767492283775 45.74999999999998 45.74999999999999
16 0.42337660602322935 1.7703236997168628 45.78499999999999 45.78500000000002
17 0.4230080172679618 1.7692523531362432 45.79499999999999 45.795000000000016
18 0.4274142769041013 1.7683850725709767 45.769999999999996 45.77
19 0.4208834194109768 1.7687680828384382 46.00999999999999 46.00999999999999
20 0.4265231781272484 1.7660271052230818 46.115 46.115
21 0.4253077362028205 1.7658494492665318 46.130000000000024 46.13000000000001
22 0.42452469119619424 1.7655109719451603 46.430000000000014 46.43
23 0.4210075632865447 1.7657286432160797 46.62500000000001 46.62500000000001
24 0.42375095076575175 1.7654522613065298 46.68999999999998 46.690000000000005
25 0.4189868434577042 1.7653266331658313 46.710000000000015 46.70999999999998
26 0.4229423373419673 1.7653517587939713 46.69499999999997 46.695
27 0.4235921471888169 1.7653768844221103 46.69499999999999 46.69500000000003
28 0.42575989310309353 1.7653768844221054 46.69999999999999 46.7
29 0.42664724020968214 1.7653266331658333 46.704999999999984 46.70500000000002
30 0.4237467365607974 1.7653768844221172 46.69499999999999 46.695
31 0.4222800904512283 1.7652763819095407 46.71499999999999 46.715
32 0.4232585054990238 1.765276381909544 46.715 46.71499999999999
33 0.42218799465515483 1.765326633165824 46.705 46.704999999999984
34 0.4243802035152637 1.765150753768845 46.750000000000014 46.74999999999999
35 0.42354424915202005 1.7653266331658313 46.70999999999998 46.709999999999994
36 0.42512416486792054 1.765351758793968 46.72 46.72000000000001
37 0.42687429334977905 1.7653517587939676 46.710000000000015 46.71
38 0.4250130537568094 1.7653768844221116 46.69000000000003 46.69
39 0.42404872032069085 1.7652512562814051 46.72000000000001 46.719999999999985
40 0.42637732552163643 1.7654271356783957 46.69 46.69000000000002
41 0.42313094871004187 1.7651005025125643 46.74499999999999 46.745000000000005
42 0.4233459292275203 1.765402010050249 46.685 46.68499999999998
43 0.42080645492856406 1.7653015075376877 46.70499999999999 46.705000000000005
44 0.4196250385445576 1.765527638190956 46.665000000000006 46.66499999999999
45 0.4218149861239596 1.7653768844221127 46.690000000000005 46.68999999999998
46 0.4224420803782508 1.7652763819095492 46.70999999999999 46.709999999999994
47 0.42257837393360054 1.765251256281405 46.714999999999996 46.71500000000001
48 0.42516021454134295 1.7654020100502572 46.690000000000005 46.69
49 0.4245569945523689 1.765376884422108 46.695000000000014 46.694999999999965
50 0.42503546099290795 1.765527638190951 46.66000000000002 46.66
51 0.4262994141227257 1.7654271356783895 46.695 46.695
52 0.4252090656799261 1.7654020100502519 46.68999999999997 46.68999999999998
53 0.42476092095796075 1.765527638190953 46.660000000000004 46.65999999999999
54 0.418476719087265 1.7654522613065384 46.680000000000014 46.67999999999999
55 0.42297070613629345 1.765301507537688 46.70499999999999 46.705
56 0.42068732654949137 1.7651758793969805 46.73 46.72999999999998
57 0.41923013670469755 1.7655527638190933 46.660000000000004 46.65999999999998
58 0.4227335800185014 1.7654773869346718 46.680000000000014 46.67999999999998
59 0.42513300441977586 1.7655276381909542 46.66000000000002 46.660000000000025
60 0.4244420803782505 1.765452261306532 46.679999999999986 46.67999999999998
61 0.4249408983451534 1.7654020100502499 46.68500000000001 46.685
62 0.42209641278651444 1.7656532663316598 46.64 46.639999999999986
63 0.424829581663069 1.7653015075376854 46.72000000000001 46.71999999999998
64 0.42859790317607127 1.7653266331658277 46.715 46.71500000000002
65 0.42623825675814586 1.7651256281407006 46.754999999999995 46.755
66 0.4235602836879432 1.7655276381909542 46.66500000000002 46.664999999999985
67 0.4256215438380099 1.765326633165829 46.720000000000006 46.719999999999985
68 0.42392784458834426 1.765201005025123 46.725 46.72500000000002
69 0.42461465721040165 1.7654271356783868 46.69499999999999 46.69499999999998
70 0.42531287902148235 1.7653517587939662 46.699999999999996 46.7
