# index clusteringCoefficient averagePathLength inDegreeMean outDegreeMean
1 0.9370824437687347 5.104869989943994 1.739837398373984 1.7398373983739839
2 0.8155673971797036 4.555309145746451 2.9699999999999984 2.9700000000000015
3 0.6954228883534675 3.3899366541894635 5.315 5.315000000000002
4 0.6548985854817276 3.6961129168707463 8.135000000000003 8.134999999999998
5 0.6106520650844169 2.787420990484145 12.734999999999996 12.735000000000001
6 0.5511942639893701 2.364875822096737 17.829999999999995 17.83
7 0.5233559177930425 2.1653397622785717 22.895000000000014 22.894999999999992
8 0.448375765388629 1.9882180475621674 27.915000000000017 27.915000000000003
9 0.4017446688627949 1.8970833109523546 31.77000000000001 31.770000000000014
10 0.3864154180587223 1.8498683998496015 34.16999999999999 34.16999999999998
11 0.3879814707143116 1.8499568164568543 35.72999999999999 35.73000000000001
12 0.37305570280243733 1.8304084525190076 36.830000000000005 36.83000000000001
13 0.3753283888095795 1.8195382157398359 37.63000000000001 37.63
14 0.3777727973780605 1.8183519639011376 38.10499999999999 38.10499999999996
15 0.3734070413590538 1.8151362874980999 38.62500000000001 38.62499999999999
16 0.3718254289570077 1.808283843459725 38.97000000000001 38.97000000000004
17 0.36614893001735127 1.8072179077204225 38.954999999999984 38.95500000000002
18 0.3715419483722568 1.8060250748692919 39.06999999999998 39.069999999999986
19 0.3709358244884562 1.8059743160245714 39.115000000000016 39.115
20 0.3735769230769232 1.8008060607606546 39.14 39.139999999999986
21 0.3698788798920376 1.801050708085888 39.299999999999976 39.29999999999998
22 0.368794197031039 1.8008222932846074 39.339999999999996 39.339999999999996
23 0.36929601889338737 1.8010403777682353 39.465 39.46499999999998
24 0.3669055330634279 1.8007878588924526 39.52000000000003 39.51999999999998
25 0.36579217273954107 1.8006110956794017 39.53499999999999 39.53499999999999
26 0.3670266531713902 1.8009646221055038 39.45000000000002 39.449999999999996
27 0.36863353940985527 1.800778894472364 39.70000000000001 39.699999999999996
28 0.3661285425101217 1.8006783919597993 39.70500000000001 39.70499999999997
29 0.3658255735492577 1.8006783919597982 39.70500000000002 39.705000000000005
30 0.36493049932523663 1.8005778894472362 39.72999999999999 39.73000000000001
31 0.3668009446693656 1.800954773869347 39.680000000000014 39.680000000000014
32 0.36682658569500654 1.8008793969849253 39.699999999999996 39.69999999999998
33 0.3707547233468287 1.8008291457286403 39.70999999999999 39.71000000000001
34 0.36591902834008067 1.8008793969849273 39.68499999999999 39.684999999999974
35 0.367967273954116 1.800929648241206 39.669999999999995 39.66999999999998
36 0.37079125177809374 1.8013567839195972 39.62999999999998 39.63000000000003
37 0.36853778677462906 1.8006281407035172 39.73499999999999 39.73500000000002
38 0.36871018893387314 1.800854271356781 39.68499999999999 39.684999999999995
39 0.3655371120107966 1.801180904522613 39.65999999999999 39.659999999999975
40 0.36386504723346846 1.8007537688442203 39.66000000000001 39.66
41 0.365406545209177 1.8009296482412016 39.68 39.68
42 0.3672756410256406 1.8007286432160812 39.68500000000001 39.684999999999995
43 0.36760863697705837 1.800552763819097 39.73 39.72999999999996
44 0.3637928475033736 1.8006030150753762 39.71 39.70999999999999
45 0.3653981106612684 1.8007537688442226 39.71 39.71000000000001
46 0.3643677462887993 1.8004773869346709 39.72999999999997 39.72999999999998
47 0.365981781376518 1.8005276381909576 39.71499999999999 39.714999999999996
48 0.3662503373819162 1.800753768844221 39.694999999999986 39.69499999999999
49 0.36499527665317144 1.8009296482412056 39.66000000000001 39.65999999999996
50 0.368629892037787 1.8007035175879404 39.699999999999974 39.69999999999999
51 0.36330836707152514 1.8005276381909552 39.745000000000005 39.74500000000001
52 0.36220209176788143 1.8010050251256273 39.65499999999999 39.65499999999997
53 0.3666788124156543 1.8007788944723588 39.69500000000002 39.69499999999998
54 0.3663424426450737 1.8008542713567846 39.68499999999998 39.685
55 0.36293319838056687 1.800904522613063 39.684999999999995 39.68499999999998
56 0.36678373819163307 1.8006783919598055 39.720000000000006 39.71999999999998
57 0.3661197705802973 1.8010050251256295 39.67500000000002 39.67499999999998
58 0.36639642375168696 1.8010301507537685 39.680000000000014 39.67999999999999
59 0.3664574898785425 1.8006532663316568 39.70499999999999 39.705000000000005
60 0.3676342780026987 1.8007286432160812 39.68500000000002 39.68499999999999
61 0.3678437921727399 1.8005025125628105 39.74499999999998 39.745000000000005
62 0.36665047233468256 1.8007035175879433 39.695 39.69499999999998
63 0.36568319838056706 1.8005778894472333 39.704999999999984 39.705000000000005
64 0.3670651147098515 1.8010050251256295 39.66499999999998 39.66499999999999
65 0.3680273279352225 1.8008542713567877 39.68500000000002 39.68500000000004
66 0.3670978407557353 1.800653266331658 39.71 39.71000000000001
67 0.3637864372469639 1.8009296482412045 39.67000000000001 39.66999999999999
68 0.3668658678921835 1.8008040201005018 39.66500000000001 39.664999999999964
69 0.3676703778677466 1.8007537688442226 39.68999999999998 39.68999999999996
70 0.36446221322537115 1.8007286432160818 39.699999999999996 39.7
