# index clusteringCoefficient averagePathLength inDegreeMean outDegreeMean
1 0.9325347636577077 4.577729833393261 1.9512195121951224 1.9512195121951197
2 0.8098029165007393 4.279702261666168 3.264999999999999 3.2650000000000015
3 0.7055165954719036 3.2735168273836144 6.185000000000003 6.1850000000000005
4 0.6280277930458289 3.3687056567593423 9.850000000000007 9.850000000000003
5 0.6182154262351183 2.5179827205143632 15.774999999999995 15.774999999999991
6 0.5733661569792502 2.303720903566122 21.729999999999997 21.73000000000001
7 0.5307627700794325 2.0103705364650604 28.325000000000017 28.324999999999992
8 0.49724640605557874 1.8716498988387271 34.315 34.31499999999999
9 0.46432110521530495 1.808164720074573 38.680000000000014 38.680000000000014
10 0.4424842199561209 1.7967644344169802 42.595000000000006 42.595000000000006
11 0.43609455711486333 1.7785852338616162 43.834999999999965 43.83499999999999
12 0.4325237292094302 1.7761140729025862 44.799999999999976 44.79999999999998
13 0.4312199216815112 1.77270189330491 45.57999999999999 45.580000000000005
14 0.42959546922159497 1.7711791279630549 45.90500000000002 45.90499999999999
15 0.431270621033036 1.7712311557788938 46.34000000000001 46.34
16 0.4278006989413094 1.7707788944723588 46.394999999999996 46.395
17 0.42889700894233757 1.770753768844216 46.404999999999994 46.405
18 0.4306438482886216 1.7705778894472282 46.42499999999999 46.425
19 0.4284187480727721 1.7704522613065279 46.45 46.45000000000001
20 0.42608335902970473 1.770251256281403 46.489999999999995 46.49
21 0.42567881871443375 1.7703015075376878 46.47499999999999 46.47499999999998
22 0.42666533045533955 1.7701507537688463 46.499999999999986 46.49999999999998
23 0.4280146983245964 1.7703266331658316 46.46999999999999 46.470000000000006
24 0.4230852185126009 1.7705276381909523 46.449999999999996 46.44999999999996
25 0.4214637592374613 1.7655778894472347 46.65499999999996 46.65499999999999
26 0.4248633980881899 1.7653015075376903 46.71000000000003 46.71
27 0.42344978928975235 1.7654773869346712 46.675000000000026 46.675
28 0.426585774488642 1.7654773869346767 46.68500000000002 46.68500000000002
29 0.4253802035152636 1.7656030150753732 46.665000000000006 46.665000000000006
30 0.4243722890327888 1.7651005025125661 46.755000000000024 46.75499999999996
31 0.42274570870593053 1.7653517587939662 46.694999999999986 46.694999999999986
32 0.42533600575598735 1.7654020100502468 46.69499999999997 46.69500000000001
33 0.4253053756809538 1.765326633165829 46.699999999999996 46.7
34 0.4252028985507244 1.7652512562814093 46.715 46.71499999999999
35 0.4236287388220784 1.7654773869346727 46.67499999999999 46.67499999999997
36 0.42223095898859114 1.7653517587939707 46.70500000000001 46.704999999999984
37 0.4247949429540549 1.7652763819095485 46.71 46.70999999999999
38 0.425119642306506 1.7653768844221092 46.69499999999998 46.69499999999999
39 0.42047312159523087 1.7654271356783913 46.685 46.684999999999974
40 0.4234372494603765 1.7653768844221092 46.69000000000002 46.68999999999998
41 0.42319097543426876 1.7652763819095447 46.71500000000001 46.715
42 0.42397635933806155 1.765351758793972 46.709999999999994 46.70999999999999
43 0.42049707061362923 1.76550251256281 46.66999999999999 46.67
44 0.41969339089320584 1.76532663316583 46.69999999999997 46.699999999999996
45 0.4236055093020865 1.7654522613065393 46.69 46.68999999999998
46 0.42465392126631707 1.7652763819095467 46.70999999999999 46.71
47 0.42314492753623173 1.7652261306532664 46.72500000000002 46.725
48 0.4241271456470345 1.765527638190952 46.665000000000006 46.66499999999999
49 0.4244923424812415 1.765276381909544 46.70999999999999 46.710000000000015
50 0.4237983348751156 1.7655025125628159 46.665000000000006 46.665
51 0.4247134340631101 1.7654020100502499 46.68500000000002 46.685
52 0.4227660602322956 1.7656532663316575 46.654999999999994 46.655
53 0.42182639531298205 1.765477386934679 46.680000000000014 46.68000000000001
54 0.4216154794942951 1.7652261306532686 46.725000000000016 46.724999999999994
55 0.42660550930208657 1.7653768844221127 46.69999999999999 46.69999999999999
56 0.42472545996505273 1.7655778894472347 46.660000000000025 46.65999999999998
57 0.4194266625552469 1.7653266331658277 46.70500000000001 46.705
58 0.42198447939150996 1.7654773869346836 46.66999999999998 46.67
59 0.4245072463768117 1.7653768844221105 46.69000000000002 46.689999999999976
60 0.42020587932983866 1.7652512562814124 46.71500000000001 46.71500000000001
61 0.4220695857744889 1.7654271356783942 46.679999999999986 46.67999999999998
62 0.4223295302703257 1.7652261306532642 46.72500000000001 46.72500000000002
63 0.4259959913660192 1.765402010050249 46.690000000000005 46.68999999999997
64 0.4269394593483398 1.7653266331658284 46.700000000000024 46.7
65 0.422598417103505 1.7653266331658277 46.7 46.699999999999996
66 0.4238904306711895 1.765577889447228 46.64999999999998 46.64999999999998
67 0.4216986329530272 1.7653266331658317 46.699999999999996 46.70000000000002
68 0.42577212457600994 1.7651507537688453 46.735 46.73499999999999
69 0.42413331277623617 1.7654773869346718 46.67999999999997 46.68000000000006
70 0.42294840168568193 1.765603015075376 46.65 46.64999999999998
