# index clusteringCoefficient averagePathLength inDegreeMean outDegreeMean
1 0.9397445311922102 4.594932104752658 1.7154471544715442 1.7154471544715453
2 0.8212178196499917 4.717639531449983 2.895000000000001 2.8950000000000005
3 0.7075627687881166 3.0806686046511675 4.915000000000002 4.915
4 0.6414668626557216 3.4378913443830625 7.684999999999994 7.685000000000002
5 0.6274655862772363 2.854608838306158 11.715000000000005 11.715000000000003
6 0.5781790049875325 2.4269301470588207 15.479999999999997 15.48
7 0.5196814422725413 2.27939529675254 19.125000000000007 19.124999999999996
8 0.46842179260305267 2.1022115790956466 22.965000000000014 22.965000000000007
9 0.39833868743064477 2.0188120087617496 25.70499999999999 25.705
10 0.34116349100968785 1.9350814988648812 28.065 28.06500000000001
11 0.32155398738411883 1.8698338631935156 29.855000000000004 29.854999999999997
12 0.31159496553932126 1.8564032282625245 30.919999999999998 30.92000000000001
13 0.31335293131970027 1.8527232120196921 31.21 31.210000000000008
14 0.3116844675300596 1.8557359662634794 31.239999999999995 31.239999999999995
15 0.309557123655914 1.8472920156337231 31.404999999999998 31.405000000000015
16 0.31338978494623637 1.848281813105937 31.389999999999986 31.39
17 0.3079489247311828 1.8469874625653506 31.359999999999992 31.359999999999996
18 0.30586869850579534 1.8479583848892691 31.479999999999993 31.480000000000004
19 0.3069089861751154 1.8485175879396991 31.644999999999992 31.644999999999992
20 0.3025591397849464 1.8468090452261328 31.674999999999994 31.675000000000004
21 0.3011639784946238 1.8464572864321587 31.68000000000001 31.679999999999996
22 0.300956317204301 1.8466080402010094 31.68 31.679999999999996
23 0.2992506720430107 1.8457788944723632 31.684999999999995 31.685
24 0.30312567204301066 1.8458040201005017 31.714999999999993 31.71500000000001
25 0.3002090053763442 1.8450251256281407 31.745000000000005 31.74499999999999
26 0.3038151881720431 1.8455276381909573 31.675 31.675000000000004
27 0.2997110215053761 1.8452512562814045 31.655000000000012 31.655
28 0.3014892473118279 1.8448492462311536 31.669999999999998 31.670000000000005
29 0.30017405913978534 1.8455527638190947 31.684999999999995 31.685000000000002
30 0.30246841397849494 1.8455025125628126 31.675000000000008 31.674999999999997
31 0.30419959677419345 1.8451507537688427 31.680000000000017 31.680000000000003
32 0.30082123655913967 1.8455276381909533 31.70500000000001 31.705
33 0.300040322580645 1.8448492462311579 31.730000000000008 31.73
34 0.29893413978494604 1.8445728643216102 31.700000000000014 31.699999999999996
35 0.2988971774193545 1.8443467336683406 31.740000000000002 31.73999999999999
36 0.30149932795698925 1.8443467336683403 31.700000000000003 31.70000000000001
37 0.29919220430107507 1.8453266331658285 31.724999999999994 31.724999999999987
38 0.3024932795698925 1.8456030150753762 31.675000000000026 31.674999999999994
39 0.3020537634408601 1.8451256281407036 31.674999999999997 31.675
40 0.3044368279569893 1.8451507537688467 31.700000000000006 31.699999999999996
41 0.30411491935483886 1.8456281407035147 31.695 31.694999999999997
42 0.30283131720430073 1.8449246231155787 31.73000000000001 31.729999999999993
43 0.3005759408602152 1.845979899497489 31.66499999999999 31.665000000000013
44 0.299900537634409 1.8457035175879422 31.64499999999998 31.644999999999996
45 0.30134543010752707 1.8457537688442225 31.710000000000008 31.710000000000004
46 0.3007405913978496 1.8456281407035209 31.72999999999999 31.729999999999993
47 0.30190188172043014 1.8455025125628133 31.685 31.685000000000013
48 0.3039912634408601 1.8457035175879346 31.67 31.67000000000001
49 0.3023595430107525 1.8454020100502508 31.72500000000001 31.724999999999977
50 0.3034549731182795 1.8460552763819096 31.680000000000007 31.679999999999996
51 0.3037681451612901 1.8462562814070338 31.690000000000005 31.689999999999987
52 0.29997782258064526 1.84502512562814 31.735000000000003 31.734999999999978
53 0.3003797043010753 1.8452763819095506 31.68500000000001 31.68499999999999
54 0.3033252688172043 1.8457286432160867 31.695000000000018 31.694999999999993
55 0.30590793010752715 1.8446984924623115 31.740000000000027 31.740000000000002
56 0.29853494623655896 1.8453768844221083 31.709999999999994 31.709999999999987
57 0.30052553763440876 1.8458040201005068 31.71499999999998 31.714999999999993
58 0.30090927419354835 1.8450753768844226 31.700000000000006 31.69999999999998
59 0.30089852150537644 1.8441959798994976 31.719999999999985 31.720000000000002
60 0.2997788978494624 1.8450000000000066 31.689999999999998 31.69
61 0.30143750000000014 1.8454271356783913 31.670000000000016 31.670000000000005
62 0.2979872311827958 1.8445979899497509 31.71 31.709999999999987
63 0.3002157258064517 1.8443969849246231 31.67500000000002 31.674999999999994
64 0.29867674731182775 1.8453266331658291 31.685000000000006 31.685
65 0.30163389877641855 1.8456030150753797 31.69 31.689999999999994
66 0.3014590053763442 1.8450502512562792 31.669999999999987 31.669999999999998
67 0.2995705645161289 1.8456783919598019 31.680000000000003 31.679999999999993
68 0.3017197580645161 1.845427135678392 31.685000000000013 31.68499999999999
69 0.29747782258064503 1.8451256281407058 31.69500000000001 31.695000000000004
70 0.30170228494623674 1.8449999999999986 31.685000000000002 31.685
