# index clusteringCoefficient averagePathLength inDegreeMean outDegreeMean
1 0.9257547940549976 4.781660502486961 1.8617886178861798 1.8617886178861793
2 0.8069266716757043 4.350223656229353 3.140000000000001 3.1399999999999992
3 0.6977837454138219 3.6381134969325175 5.4700000000000015 5.47
4 0.6618673583523323 3.5451362044658654 8.065000000000003 8.065
5 0.6671077189705735 3.1178049828178622 11.324999999999998 11.325000000000006
6 0.6226447359494424 2.7048514097028122 15.524999999999995 15.524999999999999
7 0.5414677778614163 2.349884464506406 19.809999999999988 19.809999999999995
8 0.4709917478722657 2.081906635474253 24.194999999999986 24.19499999999999
9 0.3918177036320349 1.936564264622078 28.185000000000006 28.184999999999995
10 0.35146916917200505 1.8704290684190148 30.879999999999995 30.88000000000002
11 0.34212169182509994 1.8507666537817289 32.21500000000002 32.215
12 0.33387923074711523 1.847759204184187 32.51500000000002 32.51499999999999
13 0.33632275439820186 1.8506236767594324 32.66499999999999 32.665000000000006
14 0.3338779397389455 1.8501552991086048 33.01000000000002 33.010000000000005
15 0.3299334026539908 1.8455342036817266 33.15500000000001 33.15499999999998
16 0.3273364952041423 1.8387666978106563 33.37 33.37000000000003
17 0.3261413770053477 1.8442964824120602 33.35500000000002 33.35500000000002
18 0.32894997771836054 1.8388929572485557 33.350000000000016 33.34999999999997
19 0.32840964795008937 1.8397515214262221 33.33500000000002 33.335000000000015
20 0.3235728609625667 1.8341961061589391 33.52499999999998 33.52499999999999
21 0.32339739304812826 1.8392964824120628 33.53000000000001 33.529999999999994
22 0.3294647375079064 1.83969849246231 33.54000000000003 33.539999999999964
23 0.3235600490196079 1.834246609934091 33.56500000000001 33.56500000000001
24 0.3226156848369846 1.8331909547738745 33.745000000000026 33.74500000000002
25 0.3170382130124779 1.8335678391959807 33.70999999999997 33.709999999999994
26 0.32163992869875235 1.8335678391959829 33.705000000000005 33.705000000000005
27 0.3175185440745214 1.8330653266331651 33.699999999999974 33.7
28 0.31963792335115854 1.833015075376883 33.73499999999998 33.73499999999999
29 0.3204617869875219 1.8338442211055277 33.685 33.68499999999997
30 0.3212706105169341 1.8342211055276385 33.680000000000014 33.67999999999997
31 0.32227662655971473 1.8338190954773899 33.655 33.65500000000001
32 0.31982676024955453 1.8335678391959769 33.660000000000004 33.659999999999975
33 0.3216287878787884 1.8336934673366845 33.65999999999999 33.660000000000004
34 0.32264204545454556 1.8338944723618082 33.7 33.699999999999974
35 0.31823696524064166 1.8330402010050262 33.680000000000014 33.68000000000001
36 0.3232653743315509 1.8333919597989943 33.72 33.72000000000002
37 0.3194847370766489 1.8334673366834155 33.64999999999999 33.650000000000006
38 0.31939895276292307 1.833366834170855 33.695000000000014 33.69499999999999
39 0.3232007575757574 1.833844221105524 33.66 33.65999999999998
40 0.3201258912655971 1.8331658291457293 33.689999999999976 33.69000000000002
41 0.31632464349376127 1.8341457286432123 33.64000000000001 33.64
42 0.3165290775401069 1.8333668341708564 33.699999999999974 33.70000000000001
43 0.3202334001782534 1.8335678391959762 33.65500000000001 33.65499999999999
44 0.3188458110516931 1.8342713567839137 33.7 33.69999999999997
45 0.31684603386809285 1.8332663316582924 33.75000000000001 33.74999999999999
46 0.31921847147950083 1.8330150753768837 33.714999999999996 33.71500000000004
47 0.32188446969696954 1.8334673366834155 33.705 33.70499999999997
48 0.31839126559714814 1.8330402010050237 33.68500000000001 33.68499999999998
49 0.32018772281639957 1.8329899497487452 33.70500000000002 33.705000000000005
50 0.3222259358288768 1.8328894472361832 33.72999999999998 33.72999999999999
51 0.32325590463458076 1.8339698492462282 33.67500000000001 33.67499999999999
52 0.3239510918003565 1.8339949748743747 33.690000000000026 33.689999999999976
53 0.3219490864527627 1.833241206030151 33.7 33.69999999999999
54 0.3215177749985624 1.8331407035175915 33.745000000000005 33.745
55 0.3203086007130125 1.8330402010050273 33.695000000000014 33.695
56 0.31883745543672026 1.8329648241206038 33.69999999999999 33.69999999999998
57 0.31866031639928705 1.8329648241206038 33.70500000000003 33.704999999999984
58 0.32127116755793206 1.8331407035175873 33.67499999999996 33.67499999999999
59 0.32099041889483054 1.8333165829145728 33.71000000000002 33.710000000000015
60 0.32430204559829806 1.8344723618090446 33.63500000000001 33.63499999999999
61 0.3242340686274509 1.8339949748743694 33.66500000000002 33.66499999999999
62 0.3182982397504456 1.8331407035175875 33.669999999999995 33.67
63 0.32017491087343997 1.833467336683416 33.65999999999999 33.659999999999975
64 0.3183032531194295 1.8332160804020108 33.69500000000003 33.694999999999986
65 0.3165942513368983 1.8334170854271328 33.699999999999974 33.699999999999996
66 0.3177946746880571 1.8328643216080391 33.705 33.70500000000003
67 0.31938513455235473 1.8333417085427135 33.69 33.69
68 0.32174688057040995 1.8335678391959835 33.67499999999999 33.675
69 0.31891265597147933 1.8334924623115585 33.68500000000001 33.68499999999997
70 0.32058099376114085 1.8336683417085446 33.68000000000001 33.68000000000001
