# index clusteringCoefficient averagePathLength inDegreeMean outDegreeMean
1 0.9235881692683794 4.4764569899014495 2.186991869918699 2.1869918699187
2 0.8087945370585572 4.367156862745091 3.485 3.4850000000000003
3 0.7155429125204472 3.136666067254083 5.894999999999999 5.895000000000001
4 0.6641860404414576 2.9971935339021063 9.890000000000004 9.889999999999995
5 0.6016661311796484 2.5654898683935508 13.574999999999996 13.575000000000006
6 0.5600659415560553 2.2559164510874727 18.755 18.755000000000003
7 0.4965377875580469 2.065331507474593 25.059999999999995 25.06
8 0.449002366200302 1.9598139534883732 31.345000000000006 31.34500000000001
9 0.40807348539243354 1.8969485523849205 34.73000000000002 34.730000000000025
10 0.4132815424510761 1.8375032713949235 37.654999999999994 37.654999999999994
11 0.404736269485226 1.815179272441773 38.96499999999999 38.964999999999996
12 0.4050983352801789 1.8215824018049431 40.16 40.160000000000004
13 0.40233068961104224 1.806111777159918 40.86499999999999 40.865
14 0.3973638800014296 1.7997020277265734 41.66500000000002 41.664999999999985
15 0.3997521833274812 1.7934648114946585 42.02000000000001 42.02000000000003
16 0.3965352891647514 1.7915456680386888 42.12 42.11999999999999
17 0.3971444815937511 1.7908133632989065 42.224999999999994 42.225
18 0.39978675417983417 1.7856453987107261 42.26500000000001 42.265
19 0.39554668719444663 1.7908542713567908 42.45000000000001 42.45
20 0.39482916025173503 1.790402010050252 42.49000000000003 42.489999999999974
21 0.39511033681765406 1.7906281407035176 42.45999999999999 42.460000000000015
22 0.39184763525376104 1.7906030150753742 42.48499999999999 42.48499999999999
23 0.3941717310860819 1.7909045226130669 42.46999999999998 42.47000000000001
24 0.3969148907435916 1.7904522613065297 42.510000000000005 42.51000000000001
25 0.39836534046403554 1.7903015075376878 42.520000000000024 42.51999999999998
26 0.3948337519920049 1.7904271356783912 42.504999999999995 42.504999999999995
27 0.39394052345839065 1.7905527638190961 42.475 42.475000000000016
28 0.39546048954578067 1.7856030150753806 42.69999999999999 42.70000000000001
29 0.39269953812494923 1.785954773869342 42.690000000000005 42.68999999999999
30 0.39357710072117313 1.7856030150753748 42.68999999999999 42.69
31 0.39482970045647314 1.7857035175879412 42.67000000000001 42.669999999999995
32 0.3963433541312156 1.7855527638190969 42.71 42.70999999999998
33 0.3927889420090212 1.7855527638190947 42.70499999999997 42.705
34 0.3961278124409155 1.785603015075376 42.69999999999999 42.699999999999974
35 0.39422561650865673 1.7856783919597945 42.67499999999998 42.675000000000004
36 0.3931676255300757 1.7855527638191013 42.684999999999995 42.685
37 0.393580747103152 1.7857537688442233 42.690000000000005 42.69000000000001
38 0.39347716284471823 1.7853517587939698 42.724999999999994 42.72499999999996
39 0.3921013964292465 1.7856532663316598 42.67500000000001 42.67499999999997
40 0.3927809739891416 1.7856281407035168 42.690000000000005 42.690000000000005
41 0.3999669124598226 1.7856532663316558 42.709999999999994 42.709999999999994
42 0.3933585879048158 1.7855025125628137 42.699999999999996 42.69999999999998
43 0.39496124031007745 1.7857537688442193 42.68499999999997 42.685
44 0.3942379061664368 1.7854773869346727 42.715 42.71500000000003
45 0.3942433082138127 1.7855527638190984 42.695 42.695000000000014
46 0.39023134267887505 1.7853266331658226 42.724999999999994 42.72499999999999
47 0.3931936904086648 1.785527638190952 42.694999999999986 42.69499999999999
48 0.3902470086162655 1.785301507537695 42.73999999999996 42.739999999999995
49 0.3919843070523724 1.7856030150753777 42.68499999999999 42.685
50 0.3931241390486996 1.7855527638190922 42.69499999999999 42.695
51 0.3970480512114091 1.7855778894472387 42.68499999999999 42.685
52 0.3946290143964559 1.7857537688442255 42.659999999999975 42.65999999999998
53 0.3902179726116198 1.785376884422116 42.72000000000001 42.72
54 0.39435621100397006 1.7852010050251257 42.74499999999998 42.745
55 0.3946202360694705 1.7856281407035162 42.690000000000026 42.69
56 0.3985461739999456 1.7856281407035197 42.670000000000016 42.66999999999999
57 0.3908568997650111 1.7856281407035162 42.69000000000002 42.69
58 0.39181036112686707 1.785653266331659 42.7 42.70000000000001
59 0.390589093266348 1.7858040201005019 42.655000000000015 42.655
60 0.3954171731086082 1.7857035175879425 42.67499999999998 42.67500000000001
61 0.3957538557113146 1.785653266331655 42.66999999999999 42.669999999999966
62 0.39427112875779924 1.7856532663316576 42.67 42.66999999999999
63 0.3922282094913971 1.785703517587939 42.66999999999999 42.67000000000001
64 0.39488628690273603 1.7857035175879434 42.66999999999997 42.66999999999997
65 0.3927963698241633 1.7854271356783957 42.71999999999999 42.71999999999998
66 0.3946664235745345 1.7856281407035117 42.69500000000002 42.695
67 0.3913669880884854 1.7855527638190944 42.7 42.7
68 0.39299692083299526 1.7856281407035146 42.69 42.69000000000002
69 0.39358425843394634 1.785351758793975 42.725 42.725
70 0.39945862031709994 1.785804020100508 42.66999999999998 42.669999999999995
