# index clusteringCoefficient averagePathLength inDegreeMean outDegreeMean
1 0.901344635490977 3.9280879864636216 2.02439024390244 2.0243902439024404
2 0.824214904628505 4.023897058823556 3.3200000000000007 3.3200000000000016
3 0.7043088142739059 3.930913739439757 5.370000000000001 5.370000000000005
4 0.6663307235972334 3.254001852096846 8.680000000000001 8.680000000000003
5 0.6390120839948662 2.9729128014842368 12.289999999999996 12.289999999999994
6 0.5867870003379633 2.5712442450368242 16.970000000000017 16.97
7 0.5324152067334587 2.2533791954424407 22.395000000000014 22.395000000000017
8 0.44544003915215463 2.0033059162677507 27.965 27.964999999999993
9 0.39818549678111176 1.8666771356783904 32.88 32.88000000000001
10 0.38970571336841703 1.8260892089312553 36.45 36.45
11 0.38059718936034703 1.814998067259376 37.889999999999986 37.88999999999996
12 0.37813299953528934 1.8060301507537695 38.37500000000003 38.37500000000003
13 0.3687312565602037 1.805142463586971 38.84500000000001 38.84499999999999
14 0.370521929824561 1.8033094766763131 39.120000000000005 39.119999999999976
15 0.3681912955465588 1.8017726825080196 39.379999999999995 39.38000000000003
16 0.3710582493248395 1.8019494457210683 39.35499999999997 39.35500000000001
17 0.3710547905565069 1.8015706674073872 39.37500000000002 39.37499999999999
18 0.36570276653171363 1.8009646221054982 39.46500000000001 39.46499999999999
19 0.3703329959514171 1.800914118330343 39.5 39.49999999999998
20 0.3686541835357625 1.8008383626676094 39.47499999999997 39.47500000000001
21 0.3698164642375167 1.8009393702179193 39.45000000000001 39.44999999999998
22 0.3679168551142237 1.8014070351758793 39.62 39.62
23 0.3676997300944668 1.8010552763819117 39.66999999999999 39.669999999999966
24 0.3657442645074224 1.8007537688442203 39.705 39.705
25 0.36472300944669395 1.800954773869346 39.665000000000006 39.66499999999998
26 0.36636774628879887 1.8005025125628107 39.74500000000002 39.74499999999999
27 0.36483265856950065 1.8007788944723604 39.67500000000001 39.67499999999998
28 0.3655705128205126 1.8010552763819088 39.675000000000004 39.67499999999997
29 0.3648616734143049 1.8007788944723553 39.70999999999999 39.709999999999994
30 0.3669706477732795 1.8007788944723617 39.70499999999999 39.70499999999997
31 0.3683852901484478 1.8009798994974875 39.694999999999986 39.694999999999986
32 0.368421390013495 1.8009296482412076 39.66999999999997 39.66999999999999
33 0.36808367071525006 1.8009045226130727 39.644999999999975 39.644999999999975
34 0.36688326585694997 1.8009798994974888 39.675000000000026 39.67500000000001
35 0.3685752361673417 1.801231155778891 39.65500000000002 39.65499999999999
36 0.36755533063427775 1.8007286432160847 39.695000000000014 39.69499999999997
37 0.3677705802968962 1.8009547738693468 39.685 39.68499999999995
38 0.3683719590035377 1.8009045226130653 39.67999999999999 39.67999999999999
39 0.3698127530364371 1.800628140703515 39.690000000000005 39.689999999999976
40 0.36525371120107986 1.8010301507537652 39.63499999999999 39.63499999999999
41 0.36623785425101213 1.8007788944723637 39.67500000000002 39.674999999999976
42 0.3647196356275302 1.8008040201005033 39.70000000000002 39.7
43 0.36868083670715257 1.8008040201004982 39.67499999999998 39.674999999999976
44 0.3649635627530365 1.8009798994974897 39.66500000000004 39.66499999999998
45 0.3705739687055479 1.800703517587939 39.669999999999995 39.66999999999997
46 0.36469298245614035 1.8007788944723617 39.67000000000003 39.67
47 0.3666993927125503 1.8007788944723662 39.67999999999999 39.67999999999998
48 0.36280026990553293 1.8006783919598026 39.68 39.67999999999999
49 0.3640654520917679 1.8006783919597986 39.71000000000002 39.71000000000002
50 0.3663394062078273 1.8006030150753762 39.690000000000005 39.68999999999998
51 0.3656336032388661 1.800678391959802 39.69 39.69000000000001
52 0.3651447368421054 1.8006783919597975 39.69499999999999 39.694999999999986
53 0.3628697705802966 1.8006783919597993 39.704999999999984 39.705
54 0.3662607962213227 1.8010552763819043 39.65499999999998 39.655
55 0.36689541160593747 1.8006030150753762 39.720000000000006 39.72000000000003
56 0.36396322537111997 1.800778894472364 39.660000000000004 39.65999999999999
57 0.36687854251012175 1.8008291457286436 39.655000000000015 39.654999999999994
58 0.36766363022941967 1.801030150753763 39.66499999999999 39.664999999999985
59 0.3666450742240218 1.8009798994974888 39.675 39.67499999999997
60 0.36863765182186237 1.8007788944723622 39.689999999999976 39.69000000000003
61 0.36740654520917687 1.8006783919598055 39.695 39.695
62 0.36889979757085034 1.8008040201004973 39.69000000000001 39.68999999999998
63 0.3634581646423751 1.8008040201005011 39.67 39.669999999999995
64 0.3676764507422402 1.800829145728644 39.685 39.684999999999995
65 0.3642837381916329 1.8008793969849253 39.680000000000014 39.67999999999998
66 0.3686977058029688 1.8011306532663367 39.655000000000044 39.65499999999998
67 0.3690553306342783 1.8011809045226126 39.625 39.625
68 0.36957051282051284 1.8007788944723615 39.690000000000005 39.690000000000005
69 0.36613562753036427 1.8008291457286425 39.680000000000014 39.67999999999998
70 0.36482692307692316 1.8009296482412076 39.68999999999998 39.68999999999998
