# index clusteringCoefficient averagePathLength inDegreeMean outDegreeMean
1 0.9266747464974171 4.143044150898493 1.9268292682926824 1.9268292682926838
2 0.8165094077529096 5.117115908989276 3.229999999999999 3.2300000000000013
3 0.7207372618339711 3.416894320632632 5.620000000000001 5.620000000000003
4 0.6526864560764543 3.5123066104078786 9.374999999999996 9.374999999999998
5 0.6418074224305795 2.9508298326561513 13.960000000000003 13.959999999999999
6 0.6161884134829422 2.5155586398334493 18.985000000000007 18.985000000000007
7 0.5820664594088946 2.206136815519371 24.850000000000016 24.849999999999998
8 0.5061160266263441 1.966986044574047 31.090000000000007 31.09
9 0.43154858013261976 1.8470597330309735 36.565 36.565000000000026
10 0.41889893088724617 1.7998808506229391 40.25999999999998 40.26000000000002
11 0.41230509848378977 1.790297096381489 41.54499999999998 41.54499999999998
12 0.41222486606207537 1.791565183950774 42.27999999999997 42.279999999999966
13 0.4075124142566002 1.785771054992953 42.61500000000002 42.61500000000001
14 0.4108257827443871 1.7857197795154476 42.639999999999986 42.64
15 0.4090973781090058 1.7858134895583455 43.20999999999998 43.20999999999999
16 0.40606187272649924 1.7806783919598026 43.65999999999996 43.65999999999998
17 0.40524640088593555 1.7806281407035172 43.685 43.685
18 0.4059370280881911 1.78035175879397 43.755 43.755
19 0.40170894996476375 1.7804020100502498 43.70999999999999 43.70999999999999
20 0.4017970401691333 1.780427135678392 43.740000000000016 43.73999999999998
21 0.3997484917238178 1.7806532663316554 43.66000000000002 43.66
22 0.4050995081681413 1.7806030150753753 43.685000000000045 43.684999999999995
23 0.4008345917648243 1.7805276381909547 43.684999999999974 43.684999999999995
24 0.39976114970300985 1.7804773869346733 43.695 43.695
25 0.40036192489680855 1.7803517587939706 43.724999999999966 43.72500000000002
26 0.39951271077192807 1.780402010050251 43.72499999999999 43.724999999999994
27 0.4018536695862279 1.780276381909542 43.73499999999999 43.73500000000002
28 0.40256467723994654 1.7803768844221084 43.705 43.705
29 0.4012926608275446 1.7807035175879389 43.665000000000006 43.665
30 0.40268473774287705 1.7806783919597975 43.66000000000001 43.66000000000002
31 0.4050440451021847 1.780577889447239 43.69 43.68999999999999
32 0.4018146582100068 1.780376884422113 43.70999999999998 43.709999999999994
33 0.39965040773180305 1.7804020100502504 43.70500000000002 43.705000000000005
34 0.4032653780328196 1.780402010050252 43.71500000000002 43.71500000000002
35 0.40512005436424053 1.7805527638190914 43.68000000000001 43.679999999999986
36 0.40076688815060896 1.7804271356783898 43.69500000000002 43.69500000000001
37 0.3975926205577366 1.7803517587939683 43.70999999999999 43.71
38 0.39780705728380134 1.7806281407035176 43.660000000000004 43.65999999999999
39 0.3970582905466628 1.780402010050252 43.709999999999994 43.71
40 0.40160349340581886 1.7803768844221113 43.70999999999998 43.71000000000001
41 0.4011363636363635 1.7804020100502498 43.73500000000001 43.735000000000014
42 0.3992414174972312 1.7804522613065419 43.69999999999999 43.7
43 0.4033962549078828 1.7803517587939734 43.71999999999998 43.719999999999985
44 0.39974579683881983 1.7802512562814057 43.73000000000002 43.72999999999998
45 0.40000327192187685 1.7803266331658276 43.729999999999954 43.73000000000002
46 0.39910928219067743 1.7803517587939648 43.714999999999975 43.715
47 0.4027320547669383 1.7803517587939757 43.71000000000001 43.710000000000015
48 0.4013603644417597 1.7802512562814077 43.74500000000001 43.745000000000005
49 0.3997505788784859 1.78035175879397 43.71999999999999 43.71999999999999
50 0.3994188563374606 1.7806783919597993 43.645 43.64500000000001
51 0.39795555219973827 1.7803266331658274 43.724999999999994 43.72499999999997
52 0.3986612805798851 1.7803768844221142 43.70999999999998 43.709999999999994
53 0.40372460730798776 1.7804773869346713 43.68999999999997 43.68999999999998
54 0.4024932044699483 1.7804271356783905 43.710000000000036 43.70999999999998
55 0.40327871740662424 1.7803266331658305 43.73000000000001 43.73000000000002
56 0.4006277056277054 1.7804271356783905 43.70499999999996 43.704999999999984
57 0.400728631833283 1.7805778894472373 43.66999999999999 43.67000000000001
58 0.4034705023658512 1.7803266331658287 43.73499999999998 43.735
59 0.40279648645927724 1.7804020100502516 43.709999999999994 43.71
60 0.4037320044296787 1.7804522613065312 43.70500000000001 43.70500000000003
61 0.40168126447196245 1.7804522613065348 43.700000000000045 43.69999999999999
62 0.400535336756267 1.7805025125628169 43.69499999999997 43.695
63 0.40016711970200347 1.7805527638190988 43.70499999999999 43.70500000000001
64 0.4040093627302928 1.7805778894472337 43.71000000000001 43.71
65 0.40259614416591155 1.7807035175879389 43.66 43.65999999999999
66 0.3995610590959425 1.7805276381909496 43.675000000000004 43.67499999999997
67 0.40352763515554196 1.7805276381909536 43.69000000000002 43.690000000000026
68 0.4026980771166819 1.7806532663316565 43.66500000000002 43.665000000000006
69 0.400822762508809 1.7803266331658265 43.72500000000001 43.725
70 0.40115372999093885 1.7803015075376953 43.72999999999999 43.73000000000002
