# index clusteringCoefficient averagePathLength inDegreeMean outDegreeMean
1 0.9305170890536747 4.3689259119020445 1.764227642276423 1.7642276422764256
2 0.8276919491184195 4.896213714766516 2.9300000000000006 2.9299999999999997
3 0.7012202824666357 3.5002299643555226 5.335000000000001 5.335000000000003
4 0.6335562212231775 3.504430100629431 8.19 8.189999999999998
5 0.616236167068822 2.886158672069014 12.100000000000009 12.1
6 0.5751561250377176 2.531208203299164 16.725 16.72499999999999
7 0.5032729126560951 2.15342856359496 22.494999999999994 22.494999999999997
8 0.4356250181528224 2.040252021528953 27.344999999999995 27.345000000000002
9 0.37090816708075935 1.914034458004308 30.439999999999998 30.440000000000005
10 0.35223711148217346 1.8608942146630596 32.38500000000001 32.38500000000002
11 0.3511563663009011 1.8483789505905204 33.915000000000006 33.915000000000006
12 0.34383614957453934 1.835405717215743 34.35000000000001 34.350000000000016
13 0.34196506018209843 1.8314967860422364 34.70500000000004 34.705000000000005
14 0.34502419679993196 1.8324196741282162 34.97999999999998 34.98000000000001
15 0.3418603016475408 1.8313173909749738 35.169999999999995 35.17000000000001
16 0.3343064425770306 1.829773869346733 35.34499999999999 35.34500000000001
17 0.33336087768440703 1.8248781596424317 35.354999999999976 35.35499999999999
18 0.3324791083099909 1.8270603015075384 35.44 35.43999999999999
19 0.33765332109855406 1.8222519633342555 35.480000000000004 35.480000000000004
20 0.3391643323996263 1.827361809045224 35.49499999999999 35.49499999999997
21 0.3355564892623713 1.826733668341707 35.54500000000001 35.544999999999966
22 0.33661391223155923 1.8270351758794 35.53999999999999 35.540000000000006
23 0.3341792717086831 1.8269346733668328 35.54 35.53999999999999
24 0.3358099906629317 1.8268592964824135 35.54999999999997 35.54999999999999
25 0.3352563025210082 1.8272613065326648 35.52499999999997 35.525000000000006
26 0.3305742296918767 1.8215326633165807 35.709999999999994 35.709999999999994
27 0.33838141923436055 1.82180904522613 35.674999999999976 35.675
28 0.333300653594771 1.8216834170854275 35.64999999999996 35.64999999999998
29 0.3332969187675069 1.82143216080402 35.72499999999999 35.725000000000016
30 0.3332782446311857 1.8215829145728628 35.665 35.664999999999985
31 0.3341237161531277 1.821532663316591 35.74499999999999 35.745
32 0.334503267973856 1.8218090452261293 35.659999999999975 35.65999999999998
33 0.33426143790849644 1.8216834170854246 35.714999999999996 35.715000000000025
34 0.33296358543417365 1.8215075376884415 35.725 35.72500000000002
35 0.3313286647992531 1.8218844221105521 35.639999999999986 35.64000000000001
36 0.3337492997198877 1.8214321608040172 35.725 35.72500000000002
37 0.3340868347338932 1.8219346733668365 35.72500000000001 35.725
38 0.3319337068160598 1.8221859296482428 35.670000000000016 35.669999999999995
39 0.3345630252100839 1.8219346733668353 35.675000000000004 35.67500000000001
40 0.33004855275443495 1.8217839195979906 35.69000000000001 35.689999999999976
41 0.3331956115779645 1.8213819095477402 35.73999999999999 35.73999999999997
42 0.33409477124182985 1.821683417085422 35.69 35.690000000000005
43 0.33437955182072865 1.8221105527638197 35.67000000000004 35.669999999999995
44 0.3361839402427636 1.8219849246231177 35.69000000000002 35.68999999999999
45 0.33447899159663846 1.8217839195979906 35.714999999999996 35.714999999999996
46 0.3342726423902892 1.8218090452261273 35.70999999999999 35.71000000000001
47 0.333111111111111 1.8220351758793984 35.659999999999975 35.65999999999997
48 0.3333954248366014 1.8218592964824165 35.68 35.67999999999998
49 0.3365490196078432 1.8216080402010042 35.714999999999975 35.714999999999996
50 0.3342922502334266 1.8218341708542718 35.70499999999999 35.70500000000001
51 0.3376437908496732 1.8213065326633129 35.724999999999994 35.72500000000002
52 0.33626657329598464 1.821934673366836 35.68 35.67999999999998
53 0.3348795518207283 1.8219849246231163 35.68 35.679999999999964
54 0.33163912231559267 1.8220603015075334 35.664999999999985 35.66499999999999
55 0.3343389355742298 1.8217336683417107 35.67499999999999 35.67499999999999
56 0.3331279178337998 1.8220100502512553 35.72 35.720000000000006
57 0.33250093370681616 1.821809045226131 35.71500000000005 35.714999999999996
58 0.3300088702147525 1.8215829145728615 35.69499999999998 35.69500000000001
59 0.3346652661064423 1.8222613065326612 35.68499999999999 35.684999999999995
60 0.3310751633986925 1.8217839195979877 35.66000000000002 35.65999999999999
61 0.3345326797385617 1.8217587939698485 35.699999999999996 35.69999999999998
62 0.3348267973856211 1.8224371859296447 35.714999999999996 35.715000000000025
63 0.33615359477124157 1.822110552763819 35.705000000000005 35.705000000000005
64 0.3319253034547148 1.8217085427135686 35.74000000000003 35.73999999999999
65 0.33813305322128856 1.8226381909547718 35.66500000000005 35.665
66 0.33583940242763743 1.8222361809045262 35.68999999999999 35.68999999999999
67 0.3337301587301589 1.822261306532664 35.70000000000003 35.69999999999999
68 0.33899673202614367 1.8219597989949763 35.70499999999999 35.70499999999998
69 0.33875396825396803 1.8222110552763797 35.694999999999986 35.695
70 0.3326680672268905 1.8220854271356761 35.71 35.709999999999994
