# index clusteringCoefficient averagePathLength inDegreeMean outDegreeMean
1 0.9331252423736799 4.002694757471827 1.9105691056910572 1.9105691056910572
2 0.8354077713800667 4.180306783536631 3.345 3.3449999999999998
3 0.7140471407309761 3.6956174768903374 5.565 5.564999999999999
4 0.65472361375932 3.0016364884126103 9.095 9.095
5 0.6017467062835 2.8382605583392984 13.234999999999998 13.235
6 0.5836743339740091 2.7016399811305076 18.429999999999996 18.430000000000003
7 0.5299002439385859 2.178161385309431 25.275 25.275000000000002
8 0.4606518849275384 1.9426256077795778 31.690000000000005 31.689999999999987
9 0.442901380492878 1.851240111182381 36.810000000000024 36.80999999999999
10 0.44878437936620974 1.801467460655042 40.90500000000002 40.905000000000015
11 0.43917339281465323 1.7887443139743981 42.55000000000001 42.54999999999998
12 0.44366723077050596 1.791851218690909 43.97499999999999 43.974999999999994
13 0.43364030686139826 1.8004923607938677 44.61000000000004 44.60999999999999
14 0.4308739709771161 1.7896079381679937 44.83 44.82999999999999
15 0.43425995383997223 1.7933890558319223 45.27499999999999 45.274999999999984
16 0.4252353016754038 1.7857882376707686 45.39500000000002 45.39500000000002
17 0.4320685579196219 1.7801318148531602 45.81000000000002 45.809999999999974
18 0.43112169801623984 1.7705866013484493 46.184999999999974 46.184999999999995
19 0.42819313392948916 1.770409838135397 46.225 46.22500000000002
20 0.4272274037624703 1.7703266331658254 46.464999999999996 46.46499999999998
21 0.42678528111830616 1.765427135678389 46.68 46.68000000000003
22 0.42804378661732956 1.7653266331658233 46.69999999999999 46.7
23 0.4272611779216774 1.7652261306532677 46.729999999999976 46.73000000000001
24 0.4280263130845927 1.7652261306532688 46.720000000000006 46.72000000000001
25 0.42568999897214477 1.7652010050251212 46.72499999999999 46.72499999999997
26 0.42473686915407527 1.7652010050251314 46.72499999999997 46.724999999999994
27 0.42313506012950947 1.765527638190952 46.66 46.66000000000001
28 0.42567910371055606 1.765402010050249 46.684999999999995 46.68500000000001
29 0.4251966286360366 1.7654020100502454 46.694999999999986 46.69500000000001
30 0.4256573131873776 1.7653015075376892 46.705 46.70499999999999
31 0.4236627608181726 1.7655527638190973 46.675000000000026 46.67500000000004
32 0.42683862678589807 1.7654020100502572 46.685 46.68499999999998
33 0.42595292424709635 1.7653517587939662 46.69499999999997 46.69499999999999
34 0.4268574365299617 1.7653015075376899 46.704999999999984 46.70499999999997
35 0.42714194675711775 1.7654020100502519 46.68999999999998 46.68999999999998
36 0.4274595539109874 1.7652010050251241 46.72499999999999 46.725
37 0.4254111419467568 1.765326633165829 46.70499999999999 46.704999999999984
38 0.4248654537979236 1.765427135678388 46.679999999999964 46.679999999999986
39 0.4227227875423989 1.7654271356783908 46.68500000000003 46.684999999999995
40 0.42598447939151 1.7655025125628137 46.670000000000016 46.67
41 0.42768650426559757 1.7654773869346734 46.66999999999998 46.669999999999995
42 0.43276194881282765 1.765326633165829 46.704999999999984 46.70500000000002
43 0.42809137629766675 1.7654271356783853 46.695 46.69499999999999
44 0.427145133107205 1.7654773869346756 46.68000000000001 46.679999999999986
45 0.4233827731524306 1.765402010050254 46.69 46.68999999999998
46 0.42763007503340494 1.7652763819095478 46.71499999999998 46.715000000000025
47 0.42741977592763924 1.7649999999999992 46.77000000000001 46.76999999999999
48 0.4235101243704389 1.7653768844221145 46.69499999999998 46.69499999999998
49 0.42655349984582164 1.7653266331658335 46.69999999999999 46.70000000000001
50 0.42710967211429723 1.7650251256281415 46.75999999999999 46.760000000000005
51 0.4292558330763697 1.7652261306532642 46.72499999999997 46.72500000000001
52 0.42823178127248446 1.7654522613065298 46.675000000000004 46.67499999999998
53 0.427443930517011 1.7655025125628083 46.669999999999995 46.670000000000016
54 0.4270180902456573 1.7651758793969792 46.730000000000025 46.73
55 0.42336437455031306 1.7654020100502505 46.684999999999995 46.684999999999974
56 0.4251223147291604 1.7652261306532686 46.72499999999997 46.72500000000001
57 0.4228651454414638 1.7653517587939684 46.694999999999986 46.694999999999986
58 0.42446972967416985 1.7651256281407028 46.73999999999998 46.739999999999995
59 0.42252471990954893 1.7655778894472391 46.65499999999999 46.65499999999999
60 0.4269163326138351 1.76532663316583 46.705 46.70499999999999
61 0.42577829170521125 1.7653266331658277 46.7 46.70000000000001
62 0.42383143180182936 1.7652512562814107 46.714999999999996 46.71500000000002
63 0.4289938468870011 1.7653015075376886 46.70499999999998 46.704999999999984
64 0.42516980162401063 1.7653015075376877 46.72000000000002 46.72
65 0.42509939356562865 1.7655276381909522 46.66 46.65999999999998
66 0.4300090451228288 1.765326633165827 46.69999999999996 46.70000000000002
67 0.4231285846438482 1.7654271356783884 46.69 46.68999999999998
68 0.4218830301161475 1.7652763819095452 46.710000000000015 46.71
69 0.42667828142666264 1.7655276381909584 46.65999999999997 46.66
70 0.42791828553808214 1.7654271356783957 46.68500000000001 46.684999999999995
