# index clusteringCoefficient averagePathLength inDegreeMean outDegreeMean
1 0.9354914529914531 4.918488563123958 1.7235772357723584 1.7235772357723582
2 0.8076330276527763 3.9187566231013764 3.06 3.0600000000000014
3 0.7088408133262402 3.6760290931600137 5.129999999999999 5.129999999999997
4 0.641096286444728 3.2535031195663304 7.660000000000001 7.659999999999999
5 0.6075697701791406 2.9665631010504416 10.925000000000002 10.925000000000002
6 0.5600297124700894 2.758467647745855 15.000000000000002 14.999999999999996
7 0.5215577652579242 2.312237445429853 19.78 19.780000000000005
8 0.45202223054150115 2.103929761464017 24.01 24.010000000000005
9 0.3853222717601564 1.9576277840299405 27.37499999999998 27.375000000000007
10 0.3427760179565393 1.911588398847027 29.674999999999997 29.675000000000004
11 0.33818057495699916 1.872679725156395 30.89000000000001 30.889999999999983
12 0.32780982496024585 1.8599443385043561 31.085 31.085000000000004
13 0.3234600722070162 1.855011096089585 31.54999999999999 31.54999999999998
14 0.32058017792789806 1.8522663824171377 31.965 31.96500000000002
15 0.3212316715542524 1.8512512055225638 32.04 32.03999999999999
16 0.3184005376344089 1.845515456068218 32.17999999999999 32.179999999999986
17 0.3168921065493646 1.840084259682251 32.38500000000002 32.385000000000026
18 0.31964809384164194 1.8409979188873673 32.36500000000001 32.365
19 0.3214418377321604 1.8481351481023214 32.349999999999994 32.35000000000002
20 0.3185838220918864 1.8522864321608026 32.37000000000003 32.37
21 0.3160963465298144 1.84142936906756 32.37 32.37000000000001
22 0.31079734848484875 1.8414181460064132 32.52999999999999 32.529999999999994
23 0.3160014901823279 1.842412060301509 32.644999999999996 32.644999999999996
24 0.3123176319648097 1.8413316582914554 32.665 32.665000000000035
25 0.3129133064516128 1.8413819095477368 32.675000000000004 32.67499999999999
26 0.3124230205278588 1.840326633165831 32.68000000000001 32.67999999999997
27 0.31078079178885637 1.8393216080401982 32.7 32.70000000000001
28 0.31435544965786916 1.839849246231158 32.705 32.705000000000005
29 0.31228800097751686 1.8397236180904548 32.72 32.720000000000006
30 0.3117940493646137 1.8398492462311529 32.679999999999986 32.67999999999998
31 0.3125400171065493 1.84035175879397 32.68000000000001 32.680000000000014
32 0.313894489247312 1.8398743718592965 32.69500000000002 32.694999999999965
33 0.31236498044965794 1.8404773869346738 32.66499999999999 32.665
34 0.3120225439882693 1.8395477386934673 32.66499999999999 32.665
35 0.3119422043010752 1.8398492462311569 32.67500000000001 32.67499999999999
36 0.3132505498533723 1.8395728643216087 32.709999999999994 32.71
37 0.31237322825024455 1.8406532663316586 32.655000000000015 32.65499999999998
38 0.31539894916911065 1.8398743718592994 32.67500000000001 32.67499999999999
39 0.3116260386119254 1.839798994974872 32.66999999999999 32.66999999999999
40 0.30945014662756615 1.8393718592964803 32.71000000000001 32.709999999999994
41 0.3096493157380253 1.8393969849246217 32.66999999999998 32.67000000000001
42 0.307772177419355 1.8396482412060273 32.65500000000003 32.65499999999997
43 0.30845552297165213 1.8393467336683424 32.695000000000014 32.695
44 0.3075360459433039 1.8397236180904515 32.67 32.67
45 0.309790566959922 1.8395728643216087 32.694999999999965 32.695
46 0.31206011730205285 1.8397989949748743 32.655 32.654999999999994
47 0.3103454912023457 1.8393969849246228 32.68999999999999 32.690000000000026
48 0.31001221896383196 1.8389447236180816 32.695 32.69499999999999
49 0.3097980816226786 1.8391959798994961 32.67500000000001 32.674999999999955
50 0.3102098607038123 1.8388190954773884 32.68499999999998 32.68500000000004
51 0.31029722629521034 1.8400753768844191 32.63 32.629999999999995
52 0.31009194770283477 1.8393216080402002 32.725 32.72500000000002
53 0.3126246334310854 1.8396733668341698 32.70000000000002 32.70000000000002
54 0.3126389907135875 1.8392462311557778 32.695000000000014 32.69499999999999
55 0.3129719574780056 1.8392713567839174 32.70500000000002 32.70499999999999
56 0.30711571358748774 1.8388944723618068 32.690000000000005 32.69000000000001
57 0.311518817204301 1.8392211055276388 32.72 32.72
58 0.307588282013685 1.8393216080402002 32.72999999999999 32.730000000000004
59 0.3099202712609969 1.8389949748743704 32.74 32.73999999999997
60 0.31069434261974604 1.8394221105527626 32.73 32.73
61 0.3081149193548388 1.839095477386934 32.69999999999999 32.70000000000002
62 0.30794232649071374 1.8387437185929627 32.71000000000002 32.71
63 0.30850653714564996 1.839170854271355 32.709999999999994 32.71
64 0.3090062927663736 1.838693467336682 32.675000000000004 32.674999999999976
65 0.31032441348973594 1.8393969849246252 32.67999999999997 32.67999999999997
66 0.31059078690127107 1.8391206030150773 32.680000000000014 32.679999999999986
67 0.31296187683284477 1.8393467336683424 32.69499999999999 32.695
68 0.31063599706744854 1.8399497487437193 32.699999999999996 32.7
69 0.3107652126099709 1.840251256281406 32.67999999999999 32.67999999999997
70 0.3120671432062563 1.8394723618090467 32.694999999999986 32.694999999999986
