# index clusteringCoefficient averagePathLength inDegreeMean outDegreeMean
1 0.9226374766789092 4.260175677347543 1.8211382113821142 1.8211382113821144
2 0.8028483501738012 3.9994642378783523 3.0650000000000004 3.0650000000000013
3 0.6946722436929967 3.077094057089374 5.374999999999998 5.375
4 0.6732604012434122 3.293001581093457 9.16 9.16
5 0.6395328804468486 2.8796464505310193 12.290000000000001 12.29
6 0.6287900046248288 2.5432478428328333 17.195000000000004 17.195000000000014
7 0.5784920657590168 2.2107889601338124 22.31 22.309999999999988
8 0.49437623817304543 2.0377269139699865 27.52000000000001 27.52
9 0.41729546223064057 1.9215227171082063 31.06 31.060000000000002
10 0.38285311093234803 1.8690392933923885 33.670000000000016 33.669999999999995
11 0.3772684345916519 1.8407246115391516 35.73 35.73000000000002
12 0.379628541661981 1.8384348535863695 36.819999999999986 36.82000000000002
13 0.3664084327242225 1.826420773390469 37.379999999999995 37.37999999999998
14 0.3710399569610097 1.82552800734619 37.31000000000001 37.31
15 0.3625386604649761 1.8142471149718427 37.97500000000001 37.974999999999994
16 0.3634990106503264 1.8122269639655562 38.14499999999999 38.14500000000002
17 0.3629487179487177 1.8112673922375673 38.285 38.28500000000002
18 0.3628796002480214 1.8109896214742125 38.28500000000001 38.28500000000002
19 0.36304573804573786 1.8113178960127254 38.245000000000005 38.24500000000003
20 0.3605478960742119 1.810829145728643 38.510000000000005 38.50999999999997
21 0.36060528139475473 1.8110050251256238 38.52999999999998 38.529999999999994
22 0.3605956158587736 1.8110050251256267 38.48 38.48
23 0.364159645475435 1.8107035175879418 38.54000000000001 38.53999999999999
24 0.35857770726191796 1.8111306532663305 38.49000000000002 38.48999999999997
25 0.3566099500310025 1.8061809045226145 38.699999999999996 38.70000000000001
26 0.35817467264835684 1.805904522613064 38.735000000000014 38.73500000000002
27 0.35760513549987233 1.8058793969849232 38.724999999999994 38.72500000000002
28 0.36162508662508663 1.805929648241204 38.749999999999986 38.75
29 0.3595112521428315 1.8058291457286455 38.71000000000003 38.71
30 0.3579698727067152 1.8059547738693518 38.69999999999998 38.699999999999996
31 0.360160666739614 1.8061306532663328 38.695 38.69499999999998
32 0.35883429988693133 1.8060804020100503 38.71000000000003 38.71
33 0.35848305795674223 1.8061306532663317 38.67499999999999 38.67500000000001
34 0.3585767954189007 1.8061306532663364 38.66999999999997 38.66999999999999
35 0.35870226501805447 1.8057035175879372 38.70499999999998 38.705
36 0.3576155305102677 1.805904522613066 38.705 38.70500000000001
37 0.35853831564357874 1.805829145728644 38.719999999999985 38.71999999999999
38 0.3613493452967137 1.8060050251256319 38.68500000000002 38.684999999999995
39 0.3616442353284459 1.8056281407035184 38.74000000000001 38.739999999999974
40 0.35887569755990795 1.8058291457286417 38.69 38.68999999999998
41 0.3569858117226539 1.8059045226130646 38.68500000000001 38.685
42 0.3577927927927926 1.805954773869343 38.7 38.699999999999974
43 0.3557489878542506 1.8059296482412048 38.68999999999999 38.69
44 0.35950851661377975 1.806055276381915 38.70000000000002 38.7
45 0.3599093628040997 1.8060804020100496 38.69499999999999 38.695
46 0.35983404457088647 1.8060301507537706 38.69000000000002 38.69000000000001
47 0.36085822664770034 1.8056783919597996 38.73500000000001 38.73500000000002
48 0.3598203669256302 1.806005025125627 38.69499999999998 38.695000000000014
49 0.35557920268446563 1.805452261306529 38.73999999999998 38.73999999999996
50 0.3573020388809862 1.8060552763819158 38.66 38.65999999999999
51 0.3569390645706437 1.8060552763819089 38.65499999999999 38.65499999999999
52 0.35643049932523596 1.8057788944723618 38.73000000000002 38.72999999999998
53 0.3564722617354195 1.80618090452261 38.650000000000006 38.64999999999998
54 0.3566384603226709 1.8057788944723607 38.67500000000001 38.67500000000001
55 0.3561972498814605 1.8057788944723614 38.68999999999998 38.68999999999998
56 0.353610715979137 1.8057788944723603 38.705000000000005 38.70500000000002
57 0.3550920961447278 1.805929648241204 38.69500000000001 38.69500000000001
58 0.35447769631980125 1.806105527638195 38.675 38.67499999999999
59 0.3600138600138603 1.8058793969849203 38.70000000000002 38.69999999999999
60 0.3563854542801908 1.8059045226130663 38.685 38.68500000000001
61 0.35923769923769927 1.8061055276381923 38.69499999999997 38.694999999999986
62 0.3581961921435606 1.8059296482412046 38.685000000000024 38.68499999999998
63 0.3593562388299233 1.8060301507537704 38.685 38.684999999999995
64 0.3580896888791626 1.8059296482412046 38.674999999999976 38.675000000000004
65 0.358868402815771 1.8059296482412097 38.684999999999995 38.68499999999998
66 0.35622369332895637 1.8058793969849276 38.685 38.68499999999998
67 0.35964036911405317 1.8060301507537677 38.69000000000002 38.689999999999976
68 0.3545772695772697 1.8060552763819084 38.71000000000001 38.71
69 0.35943921654447986 1.8057035175879341 38.730000000000004 38.73000000000002
70 0.3565069117700696 1.8061557788944753 38.66999999999997 38.669999999999995
