# index clusteringCoefficient averagePathLength inDegreeMean outDegreeMean
1 0.9397871590124102 4.734876316433975 1.7479674796747975 1.7479674796747977
2 0.8262669708082683 4.414146020165178 3.12 3.1200000000000014
3 0.7157655651594292 3.7282468633435064 4.8999999999999995 4.899999999999996
4 0.6469427968814339 3.5590645074431664 7.9 7.9
5 0.6180973097209398 2.985857287170546 12.014999999999999 12.015
6 0.5442310876317159 2.5335080089678765 16.934999999999995 16.935000000000016
7 0.46877113642231166 2.2203562887927566 21.32999999999999 21.330000000000005
8 0.39660122574344464 2.0159168639831484 25.579999999999995 25.580000000000005
9 0.36919199671939473 1.9039012969247378 29.070000000000004 29.06999999999998
10 0.3463565822743567 1.8870182345627864 30.870000000000005 30.870000000000005
11 0.3380490221153274 1.8601247229809816 31.85 31.85000000000001
12 0.3276970835010448 1.8609969037104714 32.279999999999994 32.28
13 0.32686835794924035 1.84659337295615 32.57 32.570000000000014
14 0.3286115991851286 1.8527057397540465 32.73999999999999 32.739999999999974
15 0.32815548743008166 1.8395242544380228 33.35499999999999 33.355
16 0.3262605837789663 1.839045226130653 33.535000000000004 33.535000000000004
17 0.3224615641711225 1.8342213580465139 33.49999999999999 33.50000000000001
18 0.3206372549019608 1.8341708542713553 33.460000000000036 33.459999999999994
19 0.3215867091786211 1.833266331658293 33.63000000000002 33.62999999999998
20 0.3194373885918006 1.832889447236178 33.724999999999994 33.72499999999999
21 0.3169162210338682 1.8334170854271368 33.68000000000001 33.67999999999997
22 0.31905414438502677 1.832613065326631 33.764999999999986 33.765
23 0.3196290106951872 1.8335678391959802 33.705000000000005 33.705000000000005
24 0.31978163992869874 1.833869346733668 33.714999999999996 33.715
25 0.32172237076648846 1.8334924623115585 33.70499999999998 33.70500000000003
26 0.3226008244206772 1.8337688442211033 33.71000000000001 33.709999999999994
27 0.31851492869875225 1.8328894472361834 33.684999999999995 33.68499999999998
28 0.3195838903743313 1.8333417085427175 33.71 33.710000000000015
29 0.3230949197860963 1.8343969849246247 33.690000000000005 33.68999999999997
30 0.32204991087344026 1.8330402010050229 33.65499999999999 33.65499999999997
31 0.3208912655971481 1.833040201005026 33.684999999999995 33.684999999999974
32 0.31846980837789685 1.8331658291457293 33.705 33.705
33 0.31914271390374327 1.8326633165829131 33.70500000000001 33.705
34 0.31899119875222814 1.833165829145728 33.679999999999986 33.680000000000014
35 0.3219830659536543 1.8334170854271414 33.68000000000001 33.68
36 0.32149342691622107 1.8335929648241214 33.68 33.679999999999964
37 0.32058322192513367 1.8336432160804017 33.685 33.68499999999997
38 0.31999777183600725 1.8332663316582916 33.71999999999999 33.720000000000006
39 0.31795565953654203 1.833592964824122 33.68999999999998 33.68999999999999
40 0.32018493761140826 1.8334170854271357 33.68499999999998 33.684999999999974
41 0.32004734848484845 1.8329648241206005 33.705 33.705000000000005
42 0.31750891265597153 1.8332412060301515 33.67500000000002 33.675
43 0.3184631238859178 1.832738693467336 33.66000000000001 33.660000000000004
44 0.31901125222816384 1.8330904522613094 33.68500000000001 33.684999999999995
45 0.3199933155080214 1.8327889447236196 33.685 33.684999999999995
46 0.3149019607843141 1.832462311557789 33.705 33.704999999999984
47 0.31835617201426025 1.8339949748743694 33.60500000000001 33.60499999999998
48 0.3167997994652406 1.8335929648241192 33.67500000000001 33.67499999999997
49 0.31739750445632803 1.833718592964827 33.66000000000001 33.65999999999998
50 0.3224259135472372 1.8334924623115563 33.7 33.7
51 0.32337176916221033 1.833165829145728 33.71000000000001 33.71000000000001
52 0.32037433155080214 1.833567839195979 33.66000000000002 33.65999999999999
53 0.3217574643493758 1.8337185929648263 33.71999999999997 33.719999999999985
54 0.3206951871657755 1.8336683417085413 33.714999999999975 33.71500000000001
55 0.31837733957219233 1.833994974874373 33.735 33.73500000000001
56 0.3195705213903743 1.833115577889448 33.705000000000005 33.705
57 0.31860572638146184 1.8333668341708542 33.71 33.71000000000001
58 0.32099376114082 1.8335678391959784 33.70499999999998 33.70500000000001
59 0.32065897950089123 1.8339949748743727 33.65499999999998 33.654999999999994
60 0.32264148841354734 1.8329396984924624 33.71000000000002 33.709999999999994
61 0.31843360071301285 1.8324874371859268 33.70500000000001 33.70499999999999
62 0.3204200089126561 1.8333668341708564 33.65499999999999 33.654999999999994
63 0.3175607174688055 1.833090452261308 33.735000000000014 33.734999999999985
64 0.3229094251336896 1.8338442211055277 33.68499999999999 33.684999999999974
65 0.319282531194296 1.8335175879397039 33.67499999999998 33.67499999999995
66 0.318562762348341 1.8343467336683454 33.654999999999994 33.65499999999999
67 0.3169663547237077 1.8336683417085435 33.67999999999998 33.67999999999998
68 0.3213196301247771 1.8332160804020112 33.665 33.66499999999999
69 0.31903631907308405 1.8336934673366874 33.74000000000004 33.740000000000016
70 0.31800913547237064 1.8335929648241236 33.639999999999986 33.63999999999999
