# index clusteringCoefficient averagePathLength inDegreeMean outDegreeMean
1 0.9198490428722529 4.931272727272741 1.7642276422764225 1.7642276422764234
2 0.8357015974386667 4.3423991067156 3.0750000000000006 3.075000000000001
3 0.7270011154066326 3.1019249278152103 5.429999999999998 5.430000000000002
4 0.7071545733956865 3.354269948700253 8.74000000000001 8.740000000000006
5 0.6379917158185215 2.897990676740078 12.284999999999995 12.284999999999997
6 0.601166450560269 2.5677211702960445 16.119999999999997 16.120000000000005
7 0.5485966572097122 2.281042084168337 20.915000000000024 20.915000000000003
8 0.47410512679654127 2.0167241056878105 26.36500000000001 26.365000000000006
9 0.3930326738303087 1.8969282013323456 30.259999999999998 30.260000000000005
10 0.3699125118281417 1.8743213555213245 33.11999999999999 33.12
11 0.36674388517995077 1.8509128557359626 34.92500000000001 34.925
12 0.3610389917829432 1.8355993163788464 35.425000000000004 35.425000000000004
13 0.35682599880986965 1.837723973402365 35.54500000000001 35.544999999999995
14 0.3519646962233168 1.8324874371859268 36.11500000000001 36.11499999999999
15 0.3508955383955382 1.8272013332996664 36.134999999999984 36.135
16 0.3526477906477907 1.8270245700866166 36.10499999999996 36.10499999999999
17 0.3503526383526382 1.8317839195979886 36.12500000000002 36.125000000000014
18 0.35319472834178706 1.8268478068735594 36.139999999999986 36.14000000000001
19 0.353315315315315 1.8314321608040223 36.129999999999974 36.129999999999995
20 0.34697833547833584 1.8219489406833165 36.30499999999998 36.305
21 0.3464783354783351 1.8265326633165815 36.34500000000003 36.345
22 0.3443131555200521 1.8219346733668322 36.464999999999975 36.465
23 0.34695988845988845 1.8164824120603023 36.65499999999998 36.65500000000001
24 0.34210896610896613 1.816206030150754 36.71500000000001 36.71500000000001
25 0.34445795795795786 1.816457286432158 36.695 36.694999999999986
26 0.3418311883311882 1.8163819095477354 36.71000000000001 36.710000000000036
27 0.344032604032604 1.8163567839195969 36.699999999999996 36.69999999999998
28 0.34264821964821957 1.8165075376884423 36.675 36.674999999999976
29 0.34434405834405807 1.8169849246231133 36.65499999999998 36.655
30 0.34073187473187455 1.8165326633165808 36.690000000000026 36.69000000000002
31 0.3411377091377091 1.8163819095477394 36.65500000000001 36.65499999999999
32 0.34122007722007713 1.8167839195979942 36.67999999999998 36.67999999999997
33 0.3482421707421709 1.816809045226133 36.63500000000001 36.634999999999984
34 0.3437389532389532 1.8161809045226145 36.72499999999998 36.724999999999994
35 0.34549806949806944 1.8164572864321609 36.699999999999974 36.70000000000002
36 0.34234684684684674 1.8168341708542692 36.67500000000002 36.674999999999976
37 0.3412597597597597 1.8163065326633172 36.65999999999999 36.65999999999998
38 0.3392805662805663 1.8169597989949735 36.63500000000002 36.635
39 0.34117009867009834 1.8163567839195986 36.699999999999996 36.699999999999996
40 0.3402102102102099 1.8165326633165837 36.70000000000002 36.699999999999996
41 0.3438234663234661 1.8166331658291435 36.69000000000002 36.689999999999976
42 0.343400686400686 1.8165829145728647 36.695 36.69499999999999
43 0.34030287430287415 1.8164321608040208 36.69499999999998 36.694999999999986
44 0.3414105534105534 1.816281407035178 36.680000000000014 36.67999999999997
45 0.34209030459030465 1.816457286432161 36.705000000000005 36.70500000000001
46 0.34556456456456447 1.816331658291458 36.71499999999999 36.715
47 0.3466459863224569 1.8164572864321582 36.71000000000001 36.71000000000001
48 0.3475201630201631 1.817160804020099 36.68000000000002 36.679999999999986
49 0.34523616473616464 1.8168090452261307 36.695000000000014 36.69499999999999
50 0.3463470613470613 1.8165075376884423 36.69000000000001 36.690000000000005
51 0.34298305448305455 1.8163819095477372 36.68499999999998 36.684999999999995
52 0.3452001287001289 1.8165075376884412 36.715000000000025 36.71500000000001
53 0.3442154717742952 1.8167587939698515 36.68999999999997 36.68999999999997
54 0.3451173316173315 1.816407035175883 36.689999999999976 36.690000000000005
55 0.3471333686627806 1.816809045226133 36.67500000000001 36.67499999999998
56 0.34291398541398516 1.816608040201005 36.73000000000001 36.72999999999999
57 0.34606048906048914 1.816356783919595 36.68500000000001 36.68499999999998
58 0.34685735735735745 1.8167085427135674 36.69000000000003 36.68999999999998
59 0.3441728871728871 1.816557788944724 36.68000000000001 36.68
60 0.34216151866151845 1.816356783919598 36.684999999999995 36.68499999999999
61 0.343653153153153 1.8163316582914537 36.69 36.68999999999999
62 0.3456299871299867 1.8167085427135656 36.685000000000024 36.68499999999998
63 0.3459302874302875 1.8166834170854278 36.67 36.67
64 0.34410060060060066 1.8166331658291472 36.700000000000024 36.700000000000045
65 0.3466829686829685 1.8164070351758794 36.67999999999997 36.67999999999999
66 0.3445589875589873 1.81640703517588 36.72499999999995 36.72499999999997
67 0.3437503217503217 1.816331658291456 36.695000000000014 36.695
68 0.3433605748605747 1.8166080402010005 36.709999999999994 36.71
69 0.3439570999571002 1.816633165829145 36.714999999999996 36.715
70 0.3434663234663231 1.8162814070351767 36.70500000000003 36.70500000000002
