# index clusteringCoefficient averagePathLength inDegreeMean outDegreeMean
1 0.9231563112481334 4.273850716757309 1.9430894308943094 1.9430894308943099
2 0.8165937018233226 4.398798573305758 3.229999999999999 3.230000000000001
3 0.7148780943076143 3.828833392431987 4.960000000000004 4.959999999999999
4 0.6455279122837946 3.0518820404799083 7.459999999999998 7.460000000000002
5 0.5729908003680553 2.7548139142711503 11.069999999999993 11.070000000000011
6 0.5298196808960575 2.560031520882569 14.939999999999994 14.939999999999998
7 0.4729373036658531 2.2485743441983033 19.44500000000001 19.44499999999999
8 0.44166606875629344 2.1369498294367353 22.855000000000004 22.85499999999999
9 0.41329064870428556 2.030622714477393 26.31 26.310000000000013
10 0.36666749476161575 1.9289961064926866 28.474999999999994 28.475000000000005
11 0.339992205838606 1.8724613280016829 30.314999999999998 30.31500000000001
12 0.3332259019633013 1.8516027623170481 31.929999999999986 31.929999999999996
13 0.3250474676467323 1.8431483143186786 32.42 32.42000000000001
14 0.3232635907393261 1.8438150347698086 32.84000000000001 32.839999999999975
15 0.3232280525846703 1.8380285264707428 33.035000000000004 33.035
16 0.3245208225295731 1.8373273402186836 33.254999999999995 33.25499999999999
17 0.3225685160427809 1.8343981212595635 33.495000000000005 33.49500000000001
18 0.32188892602495556 1.8345748844726106 33.51000000000001 33.51
19 0.32005514705882304 1.8338944723618087 33.669999999999995 33.670000000000016
20 0.3173596256684493 1.8337437185929648 33.660000000000004 33.659999999999975
21 0.3169685828877007 1.8337939698492436 33.67500000000002 33.675000000000004
22 0.3227150178253118 1.8338442211055277 33.67000000000002 33.669999999999995
23 0.3183985610373181 1.8350251256281414 33.639999999999986 33.640000000000015
24 0.31706216577540114 1.8342713567839177 33.684999999999995 33.68500000000002
25 0.3172214795008915 1.833919597989949 33.699999999999996 33.69999999999998
26 0.3198367869875222 1.8327135678391981 33.75000000000002 33.75000000000001
27 0.31839182263814625 1.8338693467336653 33.71000000000001 33.71000000000001
28 0.3175111408199642 1.8337939698492456 33.69500000000002 33.69500000000001
29 0.3225534759358288 1.8327638190954774 33.70999999999999 33.71000000000003
30 0.3168276515151515 1.8332412060301486 33.73500000000002 33.734999999999985
31 0.31782364081996417 1.832889447236186 33.704999999999984 33.705000000000005
32 0.31922125668449214 1.8337939698492498 33.66500000000003 33.665000000000006
33 0.31633912655971486 1.8335427135678393 33.689999999999976 33.68999999999998
34 0.31738469251336915 1.8332160804020075 33.675000000000004 33.67499999999997
35 0.31885416666666694 1.8333417085427113 33.695000000000014 33.69500000000001
36 0.3219273618538325 1.832587939698488 33.68999999999998 33.69
37 0.3192045454545454 1.8334170854271312 33.70000000000001 33.69999999999999
38 0.3225841131907309 1.8331155778894477 33.66999999999999 33.67
39 0.32016098484848493 1.833592964824122 33.67999999999999 33.679999999999986
40 0.3209330436720142 1.832964824120602 33.725 33.72499999999999
41 0.319996657754011 1.833065326633163 33.68500000000002 33.684999999999974
42 0.31891321301247805 1.8332914572864285 33.65999999999999 33.65999999999999
43 0.3207057709447415 1.8329396984924624 33.70000000000001 33.7
44 0.31656194295900175 1.8333919597989965 33.62500000000001 33.624999999999986
45 0.315301916221034 1.832336683417085 33.65999999999998 33.65999999999999
46 0.3188758912655973 1.8324371859296498 33.73499999999998 33.73499999999998
47 0.3157252673796788 1.832839195979903 33.73 33.72999999999996
48 0.32003286541889475 1.832537688442207 33.72500000000001 33.72499999999997
49 0.31595476827094465 1.8328643216080394 33.72500000000002 33.725
50 0.3179434046345812 1.8327889447236232 33.69000000000001 33.690000000000026
51 0.3162410873440286 1.8330150753768866 33.69500000000001 33.694999999999986
52 0.3176236631016042 1.8337688442211026 33.65999999999999 33.659999999999975
53 0.3158756684491977 1.8335427135678388 33.68500000000001 33.68499999999999
54 0.3154690285204989 1.8330150753768837 33.69499999999998 33.69500000000001
55 0.3161391488413549 1.8337437185929666 33.660000000000004 33.65999999999999
56 0.31617758467023166 1.833442211055278 33.68999999999999 33.689999999999976
57 0.3204790552584671 1.833442211055273 33.72000000000001 33.71999999999999
58 0.31858678698752246 1.833693467336685 33.664999999999985 33.66499999999999
59 0.3175941399286988 1.8329648241206027 33.71 33.71000000000001
60 0.31722816399286996 1.8331407035175902 33.654999999999994 33.65500000000001
61 0.3195638368983958 1.8335427135678364 33.68000000000002 33.67999999999999
62 0.3202372994652407 1.833969849246232 33.670000000000016 33.66999999999998
63 0.31974710338680945 1.833618090452257 33.705 33.705000000000005
64 0.31713179590017787 1.8328391959799024 33.709999999999994 33.71
65 0.32066900623885913 1.8330653266331651 33.70000000000001 33.69999999999999
66 0.31826648841354716 1.8331155778894472 33.67 33.66999999999997
67 0.3173936051693405 1.8327638190954791 33.69499999999998 33.69499999999999
68 0.320268493761141 1.8326884422110568 33.73499999999999 33.73500000000002
69 0.31902462121212116 1.8329396984924624 33.74999999999999 33.74999999999998
70 0.31998273172905534 1.83331658291457 33.65999999999998 33.65999999999999
