# index clusteringCoefficient averagePathLength inDegreeMean outDegreeMean
1 0.9330674012689831 4.772738756947953 1.739837398373984 1.739837398373984
2 0.8144362700640657 4.659085253570881 3.055 3.054999999999999
3 0.7199536863080779 3.4318624721603537 5.230000000000002 5.230000000000001
4 0.6843355541908341 3.758149316508935 8.300000000000006 8.299999999999994
5 0.6378915127667687 3.1347193060957577 11.929999999999996 11.93
6 0.6263949392389042 2.7680195351970323 16.574999999999992 16.574999999999996
7 0.5514509298805291 2.215509982344134 22.165000000000006 22.16499999999999
8 0.46457391897174277 2.0058356297617133 26.644999999999996 26.644999999999996
9 0.4122807931847069 1.8753073880038509 31.47500000000001 31.47499999999999
10 0.3940328643694994 1.8451419400668254 34.07000000000002 34.06999999999999
11 0.3811135333201093 1.8318275314395807 35.425000000000004 35.425000000000026
12 0.3634599498994181 1.8230800466981387 36.70999999999999 36.71
13 0.36224024260739 1.8219125932693743 36.915000000000006 36.915
14 0.36263790105895344 1.8215196585944826 37.144999999999996 37.14499999999998
15 0.3599434961277065 1.8216582914572879 37.300000000000004 37.29999999999999
16 0.35876446565410935 1.8173366834170832 37.46499999999999 37.46499999999996
17 0.3589679152837047 1.817160804020102 37.50000000000002 37.50000000000003
18 0.35573487773487783 1.8128582611550184 37.46499999999999 37.46499999999997
19 0.35688161846056593 1.8167587939698506 37.52499999999996 37.525
20 0.3543891259680734 1.8166080402010043 37.480000000000004 37.47999999999999
21 0.3551193298561718 1.8169095477386945 37.48000000000002 37.47999999999999
22 0.3576774142563614 1.8160050251256246 37.525000000000006 37.52500000000001
23 0.35572230124861703 1.8163819095477438 37.495000000000005 37.495
24 0.35569859333017234 1.8168341708542692 37.47499999999998 37.47499999999999
25 0.3567666350561087 1.816633165829148 37.499999999999986 37.499999999999986
26 0.3594713134186819 1.8162311557788982 37.509999999999984 37.50999999999999
27 0.35370396712501967 1.8161557788944704 37.48499999999998 37.48499999999998
28 0.34965544491860306 1.8159547738693487 37.52000000000002 37.51999999999998
29 0.3530602971392446 1.8113431479003042 37.499999999999986 37.499999999999986
30 0.351097281492018 1.8110401252493638 37.49999999999998 37.499999999999986
31 0.351651866151866 1.8110552763819094 37.715 37.71499999999997
32 0.35140825035561896 1.810954773869344 37.715 37.71499999999999
33 0.3514426268373637 1.8110552763819103 37.71500000000002 37.71500000000002
34 0.3528899952584162 1.811407035175878 37.66999999999996 37.67
35 0.3509368579105421 1.811231155778896 37.709999999999994 37.71
36 0.35029674411253336 1.8113316582914614 37.66499999999998 37.664999999999985
37 0.35209222380275007 1.8111055276381913 37.68499999999997 37.68499999999999
38 0.3511281017859964 1.811507537688445 37.68500000000001 37.684999999999974
39 0.35458629682313914 1.811030150753769 37.70500000000002 37.705
40 0.3512138454243719 1.8115326633165814 37.70500000000002 37.705000000000005
41 0.3493887308360991 1.8111055276381887 37.7 37.69999999999999
42 0.35042674253200573 1.811005025125627 37.664999999999985 37.665000000000006
43 0.35194721036826304 1.8112311557789007 37.684999999999974 37.684999999999974
44 0.35395329540066384 1.8110804020100462 37.69500000000001 37.694999999999986
45 0.3515469416785206 1.811105527638194 37.73499999999997 37.73499999999998
46 0.3533100205468629 1.811030150753769 37.714999999999996 37.714999999999996
47 0.3516445392761179 1.8111306532663343 37.71499999999999 37.71500000000001
48 0.3522356567093412 1.8112060301507515 37.73999999999999 37.73999999999999
49 0.35857831515726263 1.8114070351758793 37.66499999999998 37.665000000000006
50 0.35434724197882067 1.811180904522613 37.704999999999984 37.705000000000005
51 0.3502592065749959 1.811432160804023 37.714999999999975 37.714999999999996
52 0.3548553816974871 1.8112814070351781 37.68000000000002 37.68
53 0.3536763078868342 1.8110301507537678 37.71000000000001 37.71000000000003
54 0.35028607554923347 1.810854271356784 37.73000000000002 37.73
55 0.3500304251620039 1.8113567839196005 37.64999999999998 37.64999999999999
56 0.34957404773194267 1.8110804020100533 37.67500000000001 37.674999999999955
57 0.34814485538169776 1.811281407035173 37.65499999999999 37.65500000000001
58 0.3532412675833727 1.8109296482412078 37.72500000000001 37.72500000000001
59 0.3510581634265844 1.811306532663315 37.65499999999997 37.654999999999966
60 0.3478714240556346 1.8110050251256347 37.66500000000001 37.665000000000006
61 0.34797889995258374 1.811281407035173 37.670000000000016 37.67000000000001
62 0.3543207681365575 1.8112814070351781 37.679999999999986 37.67999999999999
63 0.350697012802276 1.8115829145728657 37.66499999999998 37.665
64 0.35220048996364783 1.811130653266331 37.695000000000014 37.694999999999965
65 0.3532428481112686 1.8114824120603077 37.66999999999997 37.67
66 0.3514987355776828 1.8110804020100544 37.690000000000005 37.690000000000005
67 0.35204678362573105 1.8110804020100533 37.72500000000002 37.725000000000016
68 0.3548731626363204 1.8111809045226135 37.69 37.68999999999999
69 0.35348980559506854 1.811281407035177 37.694999999999965 37.695
70 0.3516252116778435 1.8110804020100488 37.71500000000002 37.714999999999975
