# index clusteringCoefficient averagePathLength inDegreeMean outDegreeMean
1 0.9401408714547975 5.135784131699469 1.6747967479674795 1.6747967479674795
2 0.7972949345238938 4.070997172963241 2.850000000000001 2.8499999999999996
3 0.7128678257022508 3.470773980773275 4.6250000000000036 4.625000000000002
4 0.6585785195221395 3.243534977722659 7.685 7.684999999999997
5 0.6180431130071365 2.968311176090582 10.919999999999996 10.92
6 0.5728312525204514 2.5505554932106187 15.029999999999998 15.030000000000001
7 0.4866554819893258 2.2729762063006733 19.315 19.315000000000005
8 0.38595704769945227 2.0885293343857003 22.875000000000004 22.875
9 0.35147086464460897 1.9565363794130561 26.424999999999997 26.425
10 0.3242578144006935 1.9203771336804192 27.695000000000014 27.694999999999986
11 0.31911603021071033 1.9012008452301163 28.51000000000001 28.509999999999998
12 0.314915114590539 1.8840631730078945 29.200000000000006 29.200000000000006
13 0.3079891914368214 1.8797522968377232 29.590000000000003 29.590000000000003
14 0.30944588431590675 1.8770620780671055 29.800000000000004 29.800000000000015
15 0.30915225912389427 1.8773010782555988 29.924999999999997 29.92500000000001
16 0.3057630219243123 1.8692457261180258 30.069999999999993 30.070000000000007
17 0.30245161290322586 1.865962980732809 30.219999999999995 30.219999999999995
18 0.3044493882091214 1.8651296684427188 30.23999999999999 30.23999999999999
19 0.30446051167964394 1.8652559278806062 30.245000000000008 30.245000000000005
20 0.30350723025584025 1.8602813060276255 30.42 30.420000000000005
21 0.30217760474601446 1.8598267720512107 30.369999999999997 30.369999999999994
22 0.2944291540865509 1.8544481199969691 30.55000000000001 30.549999999999997
23 0.30086577678902465 1.853943082245397 30.529999999999998 30.529999999999998
24 0.298069336299592 1.8540693416832907 30.545 30.545
25 0.2932758620689656 1.8518471755763728 30.54500000000001 30.545000000000005
26 0.29287486095661824 1.852437185929652 30.684999999999995 30.684999999999995
27 0.2938183166481274 1.851934673366832 30.70999999999999 30.710000000000004
28 0.29602002224694124 1.852864321608041 30.714999999999993 30.71499999999999
29 0.29362662217278435 1.8540954773869347 30.675000000000004 30.674999999999994
30 0.29276566555431943 1.8526381909547787 30.7 30.700000000000003
31 0.29209751575824994 1.8525879396984961 30.715 30.715000000000003
32 0.29490952910641466 1.853693467336686 30.674999999999997 30.675000000000008
33 0.2939395624768262 1.8536432160804017 30.680000000000014 30.680000000000007
34 0.2897285873192436 1.8521356783919576 30.710000000000008 30.709999999999994
35 0.29404115684093446 1.8528894472361783 30.694999999999986 30.694999999999997
36 0.29482350760103854 1.8520100502512593 30.75500000000001 30.755
37 0.29319651464590285 1.8519095477386915 30.694999999999993 30.69499999999999
38 0.2933088616981831 1.8521105527638173 30.694999999999993 30.694999999999993
39 0.291677419354839 1.8520854271356813 30.74 30.73999999999999
40 0.28955172413793123 1.8521105527638162 30.685 30.685000000000002
41 0.2923793103448276 1.8520603015075414 30.649999999999995 30.649999999999995
42 0.2901371894697814 1.8529145728643226 30.680000000000003 30.680000000000007
43 0.290171672228402 1.851708542713566 30.68999999999999 30.68999999999999
44 0.29069272736903434 1.8517085427135649 30.675 30.675000000000008
45 0.29126918798665186 1.8519346733668371 30.73000000000001 30.73
46 0.29511271783463144 1.8530150753768866 30.735000000000003 30.735000000000003
47 0.2958261030774933 1.8531155778894477 30.700000000000003 30.700000000000003
48 0.2952936596218022 1.8528140703517602 30.70999999999998 30.709999999999997
49 0.2949543937708565 1.8523366834170858 30.67 30.67000000000001
50 0.29115202076381186 1.8517085427135667 30.689999999999987 30.689999999999994
51 0.28894067482387825 1.8511306532663288 30.704999999999988 30.70499999999999
52 0.2915554319614388 1.8511809045226115 30.670000000000005 30.670000000000012
53 0.29132777159807194 1.8515075376884411 30.715000000000007 30.715
54 0.29097552836484986 1.852311557788944 30.69000000000001 30.689999999999984
55 0.2939640341119762 1.8517336683417085 30.705000000000002 30.704999999999984
56 0.2957823507601032 1.8521859296482412 30.685000000000013 30.68499999999998
57 0.29299035965888043 1.8522110552763837 30.729999999999997 30.73000000000001
58 0.29236855765665537 1.8527638190954778 30.714999999999996 30.714999999999982
59 0.29333592880978904 1.8525376884422111 30.739999999999995 30.740000000000006
60 0.29360659992584304 1.8530904522613072 30.699999999999992 30.700000000000006
61 0.29272043010752696 1.8531407035175842 30.69000000000001 30.69
62 0.2926473859844274 1.8521608040201 30.694999999999993 30.695000000000004
63 0.294950315164998 1.8528140703517577 30.684999999999995 30.684999999999985
64 0.2968042269187986 1.852914572864323 30.69499999999999 30.695
65 0.2944987022617721 1.8534673366834133 30.654999999999998 30.655000000000005
66 0.2898735632183911 1.8528391959798987 30.700000000000006 30.700000000000006
67 0.29158657767890256 1.8518341708542727 30.66999999999999 30.67
68 0.2942339636633297 1.8527638190954763 30.695000000000007 30.694999999999997
69 0.2926611049314057 1.8538442211055277 30.675000000000008 30.674999999999997
70 0.2918216536892847 1.8520351758793985 30.7 30.7
