# index clusteringCoefficient averagePathLength inDegreeMean outDegreeMean
1 0.9358097374077191 4.979556153328848 1.56910569105691 1.5691056910569108
2 0.8263564503952489 4.709407735697018 2.9049999999999994 2.905
3 0.7122538414734422 3.688333466421784 4.709999999999998 4.709999999999997
4 0.6563397928437964 3.4351763076595287 7.435 7.435000000000002
5 0.6125342846003331 3.4446234393878337 10.974999999999998 10.975000000000001
6 0.5709203817386022 2.768204283360786 15.675000000000004 15.675000000000002
7 0.48304781669984204 2.243476146739424 20.064999999999998 20.064999999999994
8 0.3984168401053939 2.0475302406299396 24.150000000000013 24.149999999999995
9 0.33150981869572793 1.9227439055816102 26.790000000000006 26.79000000000001
10 0.309864890856077 1.8799670154099901 28.130000000000003 28.12999999999999
11 0.30311145978767673 1.8690937059351374 28.755000000000006 28.755000000000003
12 0.2966470044198683 1.8675390266299357 29.07 29.06999999999999
13 0.2871231527093596 1.8670488118986857 29.379999999999995 29.380000000000003
14 0.2885500821018063 1.8683619100527775 29.36 29.35999999999998
15 0.2849564860426927 1.8632357768743188 29.524999999999988 29.525
16 0.2901124794745485 1.862629731572433 29.535000000000007 29.534999999999993
17 0.28818144499178977 1.8613166334183477 29.51 29.51000000000001
18 0.29049671592775067 1.8630842655488475 29.51000000000001 29.50999999999999
19 0.28783534986892506 1.862035175879397 29.60499999999999 29.604999999999997
20 0.2861765188834155 1.8603015075376876 29.7 29.7
21 0.2839663382594415 1.8598241206030122 29.72499999999999 29.72499999999997
22 0.2808571428571428 1.8588190954773873 29.669999999999998 29.670000000000012
23 0.284770935960591 1.8599246231155768 29.675 29.675
24 0.28097372742200355 1.8599497487437189 29.690000000000005 29.69000000000001
25 0.2836436781609193 1.8591708542713596 29.689999999999994 29.689999999999998
26 0.2831674876847291 1.8596482412060324 29.70999999999999 29.709999999999997
27 0.28275205254515606 1.8597236180904564 29.69999999999999 29.7
28 0.28647208538587826 1.859974874371859 29.695000000000007 29.69499999999999
29 0.2834285714285714 1.8595728643216074 29.695 29.695
30 0.28135796387520495 1.8586432160804012 29.730000000000008 29.73
31 0.28336206896551724 1.8590452261306547 29.674999999999997 29.674999999999986
32 0.2812019704433497 1.8593969849246246 29.72000000000001 29.719999999999995
33 0.286652709359606 1.8597738693467354 29.675000000000004 29.675000000000015
34 0.2836075533661739 1.8593467336683414 29.689999999999998 29.689999999999998
35 0.2834318555008211 1.8594974874371837 29.73500000000001 29.735
36 0.2849901477832511 1.859095477386938 29.709999999999997 29.709999999999983
37 0.281821018062397 1.8587688442211023 29.719999999999995 29.71999999999999
38 0.2860328407224956 1.8591206030150798 29.73999999999999 29.73999999999999
39 0.28607471264367823 1.8596231155778886 29.68 29.68
40 0.2803908045977011 1.8588944723618097 29.71 29.709999999999987
41 0.2847651888341544 1.8585175879396967 29.709999999999994 29.70999999999999
42 0.2826157635467979 1.8590954773869355 29.71 29.70999999999999
43 0.2840714285714287 1.8587437185929647 29.69499999999998 29.695000000000004
44 0.2814614121510675 1.8602261306532648 29.67 29.670000000000012
45 0.28665435139573064 1.858994974874372 29.705000000000002 29.705000000000005
46 0.2845952380952383 1.8598743718592943 29.699999999999996 29.70000000000001
47 0.2886699507389164 1.8596984924623094 29.705 29.704999999999984
48 0.2870139573070607 1.8592211055276389 29.755000000000006 29.755000000000003
49 0.2847972085385877 1.8592211055276364 29.7 29.699999999999996
50 0.2814277504105091 1.8595226130653293 29.69999999999999 29.7
51 0.28456814449917905 1.8593467336683402 29.685 29.685
52 0.2841338259441705 1.858994974874371 29.69500000000001 29.695
53 0.28430459770114935 1.8585929648241168 29.72 29.719999999999995
54 0.28099343185550063 1.8583417085427116 29.709999999999997 29.70999999999998
55 0.28561904761904783 1.85886934673367 29.735000000000007 29.734999999999996
56 0.2821592775041051 1.8600000000000014 29.66 29.66000000000001
57 0.28210262725779944 1.8581909547738698 29.674999999999994 29.675000000000008
58 0.2811494252873568 1.857814070351761 29.70499999999999 29.705000000000002
59 0.2850878489326766 1.8585427135678407 29.715000000000003 29.714999999999996
60 0.2850829228243022 1.8602763819095485 29.649999999999977 29.64999999999999
61 0.28624712643678163 1.860251256281407 29.704999999999995 29.704999999999995
62 0.2823481116584564 1.8599748743718572 29.675000000000004 29.67499999999999
63 0.2860016420361252 1.8592964824120595 29.70500000000001 29.704999999999995
64 0.28270197044334955 1.8597487437185922 29.684999999999988 29.685000000000006
65 0.28114696223316893 1.858944723618089 29.734999999999985 29.734999999999996
66 0.2821510673234812 1.8594221105527646 29.714999999999986 29.714999999999996
67 0.282549261083744 1.8595226130653266 29.70000000000002 29.700000000000003
68 0.28257471264367834 1.8601758793969834 29.685000000000002 29.685000000000016
69 0.28070242656449523 1.8586934673366826 29.705000000000002 29.70500000000001
70 0.2831707717569787 1.8593718592964832 29.66000000000001 29.66
