# index clusteringCoefficient averagePathLength inDegreeMean outDegreeMean
1 0.9373162030682355 4.541549834310486 1.6910569105691062 1.691056910569106
2 0.8061223252903753 4.776930821228268 3.0000000000000018 3.0
3 0.7075272884859508 3.618000941049942 5.1450000000000005 5.144999999999996
4 0.6219023365352924 3.272479742807478 8.785 8.785000000000002
5 0.5661472290582584 2.7812500000000173 12.869999999999996 12.870000000000001
6 0.5195813457220221 2.433492477655014 17.24999999999999 17.249999999999993
7 0.44960989711008326 2.1861664342655747 22.205000000000002 22.204999999999995
8 0.3990049727487125 2.0048928854800527 25.545000000000005 25.544999999999995
9 0.36185929675459455 1.9281380998255515 28.04500000000001 28.045
10 0.33648824286387685 1.8939877050225773 29.919999999999998 29.92000000000001
11 0.3241483413394367 1.893967324057476 30.899999999999988 30.900000000000002
12 0.31996776598550786 1.8682243705838844 31.16 31.160000000000004
13 0.3126434130385745 1.8507689964976404 32.02500000000001 32.02500000000001
14 0.3192296554252199 1.8476301103507473 32.30999999999999 32.309999999999995
15 0.3199178274682305 1.8534924623115607 32.25000000000001 32.24999999999997
16 0.3132920943304006 1.8448492462311579 32.525 32.524999999999984
17 0.31396535923753677 1.8451758793969828 32.519999999999996 32.519999999999996
18 0.31134866813294215 1.8442462311557821 32.55 32.54999999999997
19 0.3137481671554254 1.8391959798995003 32.68500000000001 32.68499999999999
20 0.3102260508308898 1.8394221105527608 32.71000000000002 32.71
21 0.31289558895405634 1.8396733668341712 32.71 32.71
22 0.3102211632453567 1.8397989949748714 32.685 32.68499999999997
23 0.3155058651026393 1.8396482412060338 32.690000000000005 32.690000000000005
24 0.31067479227761524 1.839597989949751 32.659999999999975 32.66
25 0.31022543988269824 1.8389195979899482 32.72000000000001 32.720000000000006
26 0.3126741202346042 1.8392964824120577 32.71999999999999 32.719999999999985
27 0.3117106549364613 1.8391708542713554 32.680000000000035 32.68000000000002
28 0.3100604838709678 1.8393467336683413 32.72 32.720000000000006
29 0.3119504521016615 1.84005025125628 32.675000000000026 32.67499999999999
30 0.31223484848484817 1.8394974874371859 32.70499999999999 32.705000000000005
31 0.30851967253176926 1.8395477386934658 32.694999999999986 32.694999999999986
32 0.3102407135874877 1.8385929648241202 32.73500000000002 32.73500000000001
33 0.3134353616813298 1.839346733668341 32.715000000000025 32.715
34 0.30717100439882694 1.8387437185929674 32.71499999999997 32.715
35 0.31008675464320634 1.8385427135678392 32.69000000000001 32.68999999999996
36 0.31319525904203344 1.8399246231155724 32.70000000000002 32.70000000000003
37 0.31234023704789854 1.839949748743717 32.71500000000001 32.715000000000025
38 0.3140594452590424 1.8396984924623108 32.679999999999964 32.68
39 0.31213831867057706 1.8393718592964832 32.675 32.675
40 0.3124899193548387 1.8397236180904513 32.71 32.70999999999999
41 0.31321847507331385 1.8401507537688435 32.69 32.69
42 0.30961113147605074 1.838869346733666 32.684999999999974 32.685000000000024
43 0.31039070136852404 1.838467336683415 32.70500000000002 32.70499999999999
44 0.3114914467253177 1.8392713567839203 32.71500000000001 32.715
45 0.3107905669599219 1.8390954773869328 32.67999999999999 32.67999999999999
46 0.3110716031280546 1.839597989949745 32.659999999999975 32.66000000000001
47 0.30628940615835787 1.8390954773869317 32.73499999999999 32.735
48 0.3102669843597266 1.8391457286432182 32.730000000000004 32.73
49 0.3135068426197455 1.8394472361809049 32.66 32.659999999999975
50 0.3123310728250244 1.8394723618090452 32.69999999999994 32.69999999999999
51 0.30606854838709674 1.8397236180904508 32.68499999999999 32.685
52 0.3136125366568916 1.8397236180904508 32.675000000000004 32.67499999999998
53 0.3130116691104595 1.8395477386934656 32.705 32.705000000000005
54 0.31088831867057676 1.8389949748743701 32.71499999999998 32.71499999999999
55 0.31345949413489754 1.8400502512562806 32.625000000000036 32.62499999999998
56 0.31269031036168143 1.8394974874371877 32.69999999999999 32.699999999999996
57 0.31316165689149567 1.8385175879397022 32.7 32.70000000000002
58 0.31017228739002933 1.8395477386934702 32.685 32.685
59 0.3124599828934507 1.8401005025125592 32.65499999999998 32.65499999999999
60 0.3098814760508307 1.8387437185929678 32.694999999999986 32.69500000000001
61 0.3095133797653963 1.8393216080402035 32.720000000000034 32.720000000000034
62 0.31357526881720454 1.8396482412060293 32.720000000000006 32.72000000000002
63 0.3132566593352882 1.8397236180904537 32.67500000000002 32.675000000000004
64 0.31223332111436947 1.839145728643217 32.670000000000016 32.66999999999998
65 0.30943334555229707 1.8392713567839167 32.68999999999998 32.68999999999999
66 0.3119620601173018 1.8394723618090438 32.71500000000004 32.714999999999996
67 0.3078842864125122 1.8379145728643222 32.71999999999999 32.72000000000002
68 0.308296370967742 1.8393216080402055 32.68499999999999 32.68499999999999
69 0.3100253543499514 1.839824120603011 32.66499999999999 32.66500000000003
70 0.30801380742913 1.839447236180906 32.709999999999994 32.71
