# index clusteringCoefficient averagePathLength inDegreeMean outDegreeMean
1 0.939684357919506 4.5831719128329285 1.9430894308943094 1.943089430894309
2 0.8174270654113394 4.154418526879012 3.16 3.1600000000000006
3 0.7277340724569835 2.890437090486841 6.010000000000004 6.010000000000002
4 0.6743372069179724 3.270864909793187 10.354999999999993 10.355
5 0.6495423252835164 2.504612998040497 15.534999999999995 15.534999999999997
6 0.61452196142173 2.740019560771749 19.644999999999992 19.645
7 0.5505077856100151 2.2319414982695207 24.890000000000004 24.88999999999999
8 0.49081762609099905 1.9892727173972073 31.009999999999994 31.009999999999994
9 0.4569579246629252 1.8629008918940297 36.964999999999996 36.96500000000001
10 0.4435414737750863 1.8187569974223434 40.67499999999999 40.675
11 0.43484771139560524 1.8004455266020822 42.89999999999997 42.900000000000006
12 0.4327109056377726 1.79009259495447 44.434999999999995 44.435
13 0.42878702516832085 1.7871518396000117 45.17500000000003 45.175000000000004
14 0.4288891261118149 1.7766975581424755 45.78499999999999 45.785000000000004
15 0.4280264158700791 1.780502512562815 45.995000000000005 45.99499999999998
16 0.4289085209168465 1.7805778894472362 45.97 45.97000000000001
17 0.42459338061465723 1.7803266331658305 46.01999999999999 46.019999999999975
18 0.4259663753575552 1.770536097573295 46.19499999999999 46.195000000000014
19 0.42167787226136 1.770502512562814 46.43 46.43
20 0.42571620927125103 1.7700502512562843 46.530000000000015 46.52999999999998
21 0.4278104635625449 1.7705527638190937 46.49499999999998 46.49499999999998
22 0.4271757631822387 1.7702763819095442 46.48500000000002 46.485
23 0.4254835029293861 1.7702261306532685 46.495000000000026 46.49499999999996
24 0.4265020043169902 1.770251256281402 46.480000000000004 46.479999999999976
25 0.42773183266522774 1.7701256281406976 46.509999999999984 46.509999999999984
26 0.42143984291369285 1.7655527638190933 46.665 46.66499999999999
27 0.42434463973686926 1.765477386934674 46.670000000000016 46.67
28 0.4259080069894132 1.7654271356783946 46.684999999999995 46.68499999999999
29 0.4260081200534481 1.7654271356783913 46.68 46.67999999999999
30 0.4271799773871933 1.7652512562814062 46.71499999999998 46.714999999999996
31 0.4236011923116456 1.7652512562814096 46.71999999999999 46.72000000000002
32 0.4232556275053963 1.765477386934675 46.67499999999998 46.67499999999999
33 0.42291828553808214 1.765577889447237 46.655 46.654999999999994
34 0.42278116969883844 1.7654271356783926 46.69000000000002 46.68999999999999
35 0.42549038955699436 1.7654522613065282 46.675000000000004 46.67499999999999
36 0.4205002569637167 1.7655276381909515 46.66 46.66
37 0.41880542707369695 1.76547738693467 46.675000000000026 46.67499999999998
38 0.4231766882516193 1.7654020100502499 46.68499999999999 46.685
39 0.42216610134649 1.7652261306532642 46.72499999999998 46.72499999999999
40 0.4253540960016447 1.765427135678397 46.68000000000001 46.67999999999998
41 0.42352317812724843 1.7653266331658302 46.705000000000005 46.70499999999997
42 0.42278168362627183 1.7653768844221092 46.7 46.69999999999999
43 0.4264300544763078 1.7651507537688436 46.74499999999998 46.745000000000005
44 0.4233561517113785 1.7652512562814056 46.72499999999999 46.725000000000016
45 0.42019251721656903 1.765376884422112 46.69000000000004 46.69
46 0.4252590194264569 1.7651256281407035 46.74000000000001 46.739999999999995
47 0.4241368074827834 1.7654271356783886 46.68 46.67999999999997
48 0.4294352965361291 1.7651758793969845 46.735 46.735
49 0.42681724740466664 1.7652261306532642 46.72 46.71999999999997
50 0.42452646726282267 1.7654522613065322 46.69999999999998 46.70000000000001
51 0.42317792167745955 1.7652763819095463 46.71999999999999 46.71999999999997
52 0.42467375886524794 1.765351758793973 46.69999999999998 46.699999999999996
53 0.42348997841504776 1.765477386934674 46.69499999999998 46.695
54 0.4247579401788468 1.765301507537695 46.705 46.70500000000001
55 0.4250720526261694 1.7653015075376863 46.70500000000001 46.704999999999984
56 0.42165782711481137 1.7655025125628145 46.66499999999999 46.66499999999999
57 0.42342748483914067 1.7655025125628163 46.665 46.664999999999985
58 0.4227504368383187 1.7653768844221127 46.68999999999999 46.68999999999999
59 0.4231296124987151 1.7652010050251212 46.735 46.73499999999999
60 0.4221322849213694 1.7652010050251263 46.72500000000004 46.72500000000001
61 0.42051567478672053 1.7651758793969856 46.73499999999999 46.735
62 0.42285651146058184 1.765452261306537 46.675000000000026 46.67500000000002
63 0.4267690410114091 1.765527638190957 46.665000000000006 46.66499999999999
64 0.42342789598108754 1.765376884422107 46.695 46.695000000000014
65 0.4278433549182856 1.765301507537687 46.704999999999984 46.70499999999997
66 0.4219064511909098 1.7654020100502499 46.68499999999999 46.684999999999995
67 0.4226061260150064 1.7653015075376886 46.705000000000005 46.70500000000002
68 0.42243817452975657 1.7655527638190955 46.65499999999998 46.65499999999998
69 0.425239798540446 1.7653015075376886 46.70500000000001 46.70499999999999
70 0.4224946037619484 1.7656532663316524 46.635000000000005 46.635000000000005
