# index clusteringCoefficient averagePathLength inDegreeMean outDegreeMean
1 0.9396807964327298 4.237599510104121 1.8536585365853662 1.853658536585367
2 0.8027235782411688 4.358840047521334 3.2049999999999996 3.2049999999999987
3 0.720315917519204 3.412906804733726 5.81 5.8100000000000005
4 0.6433016760781147 3.2621740496386975 9.529999999999994 9.529999999999994
5 0.6080444200647862 2.7212723907519476 14.299999999999999 14.3
6 0.565441226284545 2.3605371900826664 19.685 19.68500000000001
7 0.5090954969413808 2.028994755972359 26.400000000000002 26.40000000000001
8 0.4430908945312046 1.8998003022452485 31.71 31.709999999999983
9 0.42209979993931945 1.8692708471079853 34.815 34.815000000000005
10 0.4034700701207601 1.842748724324606 36.965 36.96499999999998
11 0.3980439835771168 1.8308766685564095 37.89500000000001 37.89499999999999
12 0.39320492568153576 1.8310376492194638 38.45500000000001 38.455000000000005
13 0.3925978995582181 1.8098321591380035 38.605 38.60500000000001
14 0.3850042825712163 1.8149678604224082 39.115000000000016 39.115
15 0.38185062209933845 1.8190197217241966 39.475 39.47499999999998
16 0.38017316744017643 1.8008825855164161 39.744999999999976 39.744999999999976
17 0.38019517406712516 1.8049337597076271 39.839999999999996 39.83999999999999
18 0.3815359599749845 1.800822293284609 40.075 40.074999999999974
19 0.38233927454659183 1.8007207755951486 40.09499999999998 40.09500000000002
20 0.3802498436522827 1.8007715344398787 40.09000000000001 40.089999999999996
21 0.3789225186972299 1.8007537688442197 40.474999999999994 40.47500000000001
22 0.3813794559099437 1.7957286432160833 40.67499999999999 40.67500000000002
23 0.3778846153846153 1.7956783919598012 40.7 40.69999999999999
24 0.38051407129455883 1.7956783919598018 40.68999999999997 40.68999999999997
25 0.3785914634146341 1.7956783919597965 40.705000000000005 40.705
26 0.37779080675422166 1.795628140703518 40.695 40.695
27 0.3780467479674799 1.795603015075374 40.715 40.71499999999999
28 0.3745866166353972 1.7955778894472392 40.71999999999998 40.72000000000002
29 0.37981597873671014 1.7956532663316642 40.71000000000003 40.71
30 0.38099499687304567 1.7959547738693482 40.675000000000004 40.67499999999999
31 0.38053783614759223 1.795954773869346 40.70500000000001 40.704999999999984
32 0.38098577235772374 1.7957035175879419 40.71499999999998 40.715
33 0.38045716072545327 1.7957788944723636 40.69000000000001 40.68999999999999
34 0.37829455909943704 1.796055276381905 40.645000000000024 40.644999999999996
35 0.37607989368355227 1.7958291457286446 40.68000000000003 40.679999999999986
36 0.377528298936836 1.795577889447237 40.69499999999998 40.695000000000014
37 0.3780434646654157 1.7956281407035184 40.68 40.68000000000001
38 0.37899108818011285 1.795829145728641 40.68000000000002 40.68
39 0.37637085678549087 1.7959045226130623 40.639999999999986 40.64000000000001
40 0.37519887429643506 1.796005025125631 40.64499999999999 40.645
41 0.3793383364602875 1.7957537688442171 40.68499999999998 40.68500000000001
42 0.38172435897435897 1.7958793969849276 40.715 40.71500000000002
43 0.38302892432770486 1.7957537688442256 40.67499999999999 40.675000000000004
44 0.3771802689180738 1.7960050251256299 40.660000000000004 40.65999999999999
45 0.3785356472795497 1.795703517587939 40.695 40.695
46 0.38044652908067533 1.795653266331658 40.68999999999999 40.69000000000002
47 0.3787088805503436 1.7955276381909577 40.72000000000001 40.71999999999998
48 0.3765314258911818 1.7955276381909533 40.72499999999998 40.725
49 0.37631425891181997 1.7956281407035197 40.695 40.69499999999999
50 0.37503080050031273 1.7957788944723632 40.69499999999999 40.69500000000002
51 0.376026579111945 1.7956532663316604 40.70999999999996 40.71
52 0.37738617886178893 1.795854271356778 40.67500000000002 40.675
53 0.37536991869918684 1.7956030150753755 40.72499999999999 40.725
54 0.38165947467166994 1.7957035175879454 40.705 40.70500000000002
55 0.37912914321450913 1.795603015075379 40.69000000000001 40.68999999999999
56 0.3785078173858664 1.795603015075379 40.72999999999997 40.72999999999999
57 0.3801192933083176 1.7957788944723612 40.69499999999999 40.695
58 0.3794987492182614 1.7956783919598005 40.719999999999985 40.72
59 0.37623139462163835 1.7956030150753755 40.714999999999975 40.71500000000001
60 0.3763520950594124 1.7955778894472376 40.68999999999998 40.68999999999998
61 0.37832489055659785 1.7956783919597954 40.68499999999995 40.68499999999999
62 0.37890619136960607 1.7958291457286444 40.69000000000001 40.69
63 0.3774144777986242 1.7959547738693482 40.68 40.679999999999986
64 0.37465562358052723 1.795527638190952 40.69500000000003 40.69500000000002
65 0.37660600375234554 1.7958793969849236 40.69000000000002 40.68999999999997
66 0.3783691369606002 1.79560301507538 40.714999999999996 40.714999999999975
67 0.37661929330831784 1.7956281407035184 40.71999999999999 40.720000000000006
68 0.3754498123827398 1.7958291457286433 40.69500000000002 40.695
69 0.3781438398999377 1.7955025125628132 40.724999999999994 40.72499999999999
70 0.37787585991244543 1.7954522613065333 40.71999999999998 40.71999999999999
