# index clusteringCoefficient averagePathLength inDegreeMean outDegreeMean
1 0.9310412771073668 4.413793103448269 1.6910569105691065 1.6910569105691065
2 0.8311307029108511 4.46943052857579 3.1799999999999993 3.1800000000000006
3 0.74022107416115 3.840597962983247 5.5950000000000015 5.594999999999998
4 0.6316637807746841 3.381582146156458 7.834999999999999 7.835000000000001
5 0.5733559340027627 2.7276096355774957 12.209999999999999 12.210000000000006
6 0.5374429811743096 2.545043581031172 16.350000000000005 16.349999999999994
7 0.4977516530451993 2.2684569603715987 19.844999999999985 19.845000000000006
8 0.4281471222392455 2.099967586840262 23.28999999999999 23.28999999999999
9 0.3636570086218916 1.9691894622112347 26.210000000000008 26.210000000000008
10 0.33384371769051263 1.9166513194243473 27.979999999999997 27.980000000000004
11 0.3363384046767787 1.8849428489598243 29.255000000000003 29.254999999999995
12 0.33054111990983537 1.871691792294805 30.41000000000001 30.410000000000004
13 0.3238071284944198 1.8619628756025015 30.85000000000001 30.849999999999994
14 0.3218231566820277 1.858706799302635 30.960000000000015 30.959999999999997
15 0.31899126344086054 1.8549379550815275 30.955000000000002 30.955000000000013
16 0.3186297043010754 1.8529381601887005 31.02499999999999 31.024999999999984
17 0.31383064516129033 1.8534338358458984 31.349999999999987 31.350000000000005
18 0.3185530913978491 1.8533323181564372 31.375000000000004 31.375
19 0.31560887096774193 1.8523679001065954 31.369999999999987 31.369999999999994
20 0.3162573924731179 1.8524186589513216 31.35 31.35
21 0.31234139784946263 1.8507943759200036 31.405000000000012 31.40500000000002
22 0.3094038978494626 1.8525709354855062 31.340000000000014 31.34
23 0.31104435483870957 1.8511243084107436 31.40000000000001 31.399999999999995
24 0.31166061827956976 1.8492208517334128 31.414999999999992 31.414999999999985
25 0.3097009408602151 1.8497538196030658 31.40000000000001 31.399999999999995
26 0.3090490591397852 1.8489670575097747 31.380000000000024 31.37999999999998
27 0.3074549731182796 1.8491700928886865 31.364999999999995 31.365
28 0.30790033309957976 1.8501300472210265 31.459999999999994 31.459999999999997
29 0.3032950268817202 1.8492964824120617 31.700000000000003 31.700000000000003
30 0.30426612903225814 1.849045226130654 31.689999999999994 31.68999999999999
31 0.3039791666666667 1.850376884422112 31.665 31.66500000000001
32 0.3035672043010753 1.8488944723618101 31.659999999999997 31.660000000000007
33 0.30228494623655916 1.8482914572864322 31.670000000000005 31.67000000000001
34 0.3045147849462364 1.8475628140703495 31.704999999999984 31.70499999999999
35 0.30067271505376364 1.8454522613065298 31.689999999999994 31.68999999999999
36 0.3075141129032259 1.8458040201005057 31.734999999999992 31.734999999999996
37 0.3021760752688175 1.8459798994974903 31.744999999999994 31.745
38 0.3016323924731182 1.8459798994974868 31.685000000000002 31.684999999999995
39 0.30361491935483864 1.8462311557788964 31.67499999999999 31.675000000000004
40 0.3049126344086024 1.8466080402010054 31.679999999999993 31.679999999999993
41 0.3069502688172045 1.84610552763819 31.684999999999995 31.685000000000002
42 0.30300604838709666 1.8459296482412053 31.70000000000001 31.699999999999996
43 0.3034704301075266 1.8454773869346741 31.68500000000001 31.685000000000013
44 0.30363978494623667 1.8461557788944742 31.689999999999998 31.68999999999999
45 0.30331518817204295 1.8452763819095448 31.740000000000013 31.73999999999999
46 0.3007540322580644 1.8454020100502564 31.699999999999992 31.69999999999998
47 0.3017513440860212 1.8449999999999982 31.695000000000007 31.694999999999993
48 0.29905981182795677 1.8463316582914566 31.67500000000001 31.674999999999994
49 0.30284744623655896 1.8452512562814047 31.70000000000002 31.7
50 0.30452620967741906 1.84530150753769 31.710000000000008 31.709999999999997
51 0.3034576612903226 1.845402010050253 31.705000000000002 31.705000000000002
52 0.30332190860215047 1.845376884422108 31.675 31.674999999999994
53 0.3024012096774193 1.8454020100502484 31.70499999999999 31.704999999999995
54 0.30265658602150525 1.8458040201005033 31.629999999999995 31.629999999999978
55 0.301068548387097 1.8447989949748766 31.714999999999996 31.714999999999996
56 0.30570564516129023 1.845829145728644 31.7 31.700000000000003
57 0.3014489247311828 1.8459045226130675 31.665 31.665
58 0.30336491935483895 1.8459296482412038 31.715000000000007 31.714999999999996
59 0.30538037634408605 1.8461557788944716 31.690000000000005 31.69000000000001
60 0.3036377688172042 1.8462814070351787 31.720000000000013 31.71999999999999
61 0.30340524193548424 1.8465326633165815 31.665 31.665000000000006
62 0.3022096774193547 1.845603015075378 31.674999999999976 31.675
63 0.30209543010752693 1.8459798994974896 31.660000000000007 31.66
64 0.3028125 1.8459045226130668 31.704999999999988 31.70499999999998
65 0.30243817204301066 1.8458040201005033 31.695 31.695000000000004
66 0.3054086021505375 1.8471859296482411 31.699999999999985 31.699999999999996
67 0.30505779569892455 1.845829145728644 31.70999999999999 31.709999999999997
68 0.30598991935483894 1.8487437185929627 31.624999999999968 31.624999999999996
69 0.30080645161290354 1.8467839195979885 31.64499999999999 31.645
70 0.3033701798294403 1.8466834170854285 31.665 31.664999999999992
