# index clusteringCoefficient averagePathLength inDegreeMean outDegreeMean
1 0.9076626527642788 4.641281138790049 1.8617886178861789 1.8617886178861782
2 0.8277989582911274 4.853233293749344 3.199999999999999 3.199999999999999
3 0.7176262790144047 3.3882561227500765 5.33 5.330000000000002
4 0.6381243081021379 3.1453087271472886 8.539999999999997 8.53999999999999
5 0.6307699195344556 2.646692697259053 11.590000000000005 11.590000000000003
6 0.5647501401269611 2.358253788131637 16.129999999999992 16.130000000000003
7 0.4862429686278336 2.2441781102405014 20.470000000000006 20.470000000000006
8 0.4240878696003297 2.093306180741062 23.775000000000006 23.77500000000001
9 0.3781923022301739 2.0038012913976226 26.20000000000001 26.19999999999999
10 0.3484165819870778 1.9109135420693195 28.809999999999988 28.809999999999985
11 0.325510236487777 1.8680135370731203 30.629999999999992 30.629999999999992
12 0.327259727298109 1.861910562915588 31.444999999999997 31.445000000000004
13 0.323988111175874 1.8522306966303577 31.744999999999997 31.744999999999994
14 0.3180338443814252 1.8466067712298828 32.094999999999985 32.094999999999985
15 0.3198597629521018 1.851443145375115 32.13000000000001 32.13
16 0.3140108748778103 1.8505527638190962 32.34499999999999 32.34500000000003
17 0.3176710654936461 1.8503266331658292 32.315 32.31500000000002
18 0.3129708004361227 1.8445226130653287 32.45500000000001 32.454999999999984
19 0.3106607404692084 1.8453266331658307 32.514999999999986 32.515
20 0.31411992913000963 1.8456030150753808 32.53499999999996 32.535
21 0.31304252199413507 1.8401256281407028 32.65500000000001 32.655
22 0.31475470430107544 1.8401507537688429 32.71500000000001 32.71500000000003
23 0.3108922898338221 1.839572864321611 32.65999999999999 32.66000000000002
24 0.3104517961876834 1.8398241206030157 32.67 32.669999999999966
25 0.3113517228739003 1.8391457286432171 32.64999999999999 32.64999999999998
26 0.3130645161290327 1.8405527638190955 32.66499999999999 32.664999999999985
27 0.30755040322580657 1.8397487437185938 32.65 32.65
28 0.3112713831867056 1.8399246231155801 32.675000000000004 32.67499999999999
29 0.3078598484848485 1.8386180904522607 32.675000000000026 32.67500000000001
30 0.3079719574780056 1.8384422110552778 32.7 32.699999999999996
31 0.30813019305962885 1.8388442211055247 32.67499999999998 32.675
32 0.3085963465298145 1.838718592964821 32.7 32.699999999999996
33 0.31065188172043046 1.8392462311557773 32.66500000000001 32.664999999999985
34 0.30838831867057664 1.8383668341708528 32.714999999999996 32.714999999999996
35 0.30994684750733137 1.8385427135678385 32.665 32.66499999999997
36 0.30862567204301095 1.8389949748743721 32.69500000000001 32.69500000000003
37 0.31324413489736075 1.8393467336683407 32.635000000000005 32.635000000000005
38 0.3129963954056697 1.8389698492462312 32.724999999999994 32.72499999999999
39 0.30822641739980455 1.8399246231155808 32.664999999999985 32.665
40 0.31135233382209165 1.839597989949751 32.71999999999999 32.72
41 0.31112646627565976 1.8398743718592947 32.730000000000004 32.730000000000004
42 0.31096682551319654 1.8391959798994968 32.72000000000004 32.72000000000001
43 0.31194892473118274 1.840175879396985 32.70500000000001 32.704999999999984
44 0.31137188416422285 1.8393718592964838 32.75 32.74999999999999
45 0.31088831867057687 1.839296482412061 32.739999999999995 32.74000000000001
46 0.31566959921798643 1.839070351758795 32.71500000000001 32.71499999999996
47 0.31159396383186694 1.8388693467336683 32.70000000000001 32.70000000000001
48 0.3111415566959922 1.838492462311557 32.71499999999999 32.71499999999999
49 0.31230315249266843 1.839045226130654 32.71499999999996 32.715
50 0.3118362047898339 1.8390703517587919 32.72499999999999 32.725
51 0.311008369990225 1.8394472361809031 32.684999999999995 32.684999999999995
52 0.3097104105571846 1.8386432160804032 32.71499999999999 32.71499999999996
53 0.31493921065493646 1.8391457286432131 32.75999999999999 32.75999999999999
54 0.3126044721407623 1.8397487437185929 32.669999999999995 32.66999999999999
55 0.3085010386119256 1.8388944723618084 32.660000000000004 32.660000000000004
56 0.316472079667644 1.840678391959799 32.69000000000002 32.69000000000001
57 0.3148164100684263 1.8394472361809053 32.720000000000006 32.72
58 0.3115594452590422 1.8390954773869346 32.709999999999994 32.709999999999994
59 0.30895924975562095 1.838793969849245 32.68999999999996 32.68999999999999
60 0.3133016251221896 1.838869346733666 32.68500000000002 32.685
61 0.31367057673509285 1.8392211055276364 32.68500000000002 32.68500000000001
62 0.31203384652981436 1.8389698492462334 32.71999999999996 32.720000000000006
63 0.3113019305962853 1.8391457286432153 32.70499999999998 32.705000000000005
64 0.31679832600195496 1.840276381909544 32.670000000000016 32.67
65 0.31155913978494626 1.8401758793969856 32.68500000000004 32.685
66 0.30955003665689174 1.839623115577892 32.714999999999975 32.715
67 0.313012585532747 1.8395728643216087 32.664999999999985 32.664999999999985
68 0.30942570869990255 1.8388944723618097 32.72000000000003 32.719999999999985
69 0.3095384286412513 1.8381658291457301 32.72000000000001 32.71999999999997
70 0.3056998411534705 1.8385929648241228 32.70000000000003 32.69999999999999
