# index clusteringCoefficient averagePathLength inDegreeMean outDegreeMean
1 0.9398407965270876 4.457990923586435 1.7154471544715446 1.7154471544715446
2 0.8294454217516879 4.753844724248465 2.7850000000000006 2.785000000000001
3 0.7036638169860305 3.136340272423541 5.21 5.2100000000000035
4 0.6527617124657027 3.2542456781661735 8.450000000000005 8.45
5 0.6090117626456537 2.790958878678188 12.374999999999995 12.375000000000002
6 0.529699730033468 2.453541354250766 16.064999999999998 16.065000000000005
7 0.46255310070545014 2.2412801633793817 21.175 21.17499999999999
8 0.38471019379851135 1.990564524751419 25.715000000000003 25.715000000000007
9 0.35641090518752366 1.9124551807165875 28.97 28.970000000000006
10 0.3415335384360037 1.8993959697477278 30.830000000000013 30.830000000000002
11 0.3389045761385159 1.8787337703747125 31.699999999999992 31.700000000000003
12 0.3372230649619398 1.867141831607016 31.975000000000016 31.975000000000005
13 0.34215215125639686 1.865903119659212 32.355000000000025 32.355000000000004
14 0.3270552584670227 1.8529959441879456 32.57 32.57
15 0.33208951987909807 1.8423845113894353 32.849999999999966 32.85
16 0.33120296982429337 1.840241818228195 32.96 32.96
17 0.32989193404634576 1.8392214881514177 33.03 33.02999999999999
18 0.32348197896588166 1.8348307192528317 33.24000000000002 33.24000000000002
19 0.3233895944741533 1.8331556773767852 33.36499999999998 33.364999999999995
20 0.3230610856002476 1.834524380697455 33.515 33.514999999999986
21 0.3209748217468808 1.8330850231054734 33.549999999999976 33.55
22 0.3245538101604278 1.8339183353955708 33.49 33.48999999999998
23 0.32286820409982164 1.8341708542713575 33.51499999999998 33.515000000000015
24 0.32116644385026727 1.8345496325850366 33.505 33.50500000000002
25 0.31844752673796806 1.8333880457564167 33.485 33.48499999999997
26 0.3271702317290551 1.833817327845256 33.54999999999997 33.550000000000004
27 0.32220532531194307 1.833819095477383 33.66999999999997 33.67000000000002
28 0.3201030525846699 1.8332160804020103 33.710000000000015 33.71
29 0.3173306595365417 1.8329648241206 33.684999999999995 33.684999999999995
30 0.32020175665574135 1.8325879396984932 33.67999999999999 33.679999999999986
31 0.3166193181818186 1.8334422110552735 33.69499999999999 33.695
32 0.3191922366453912 1.8343718592964817 33.68500000000002 33.685
33 0.32250389928698725 1.8337688442211033 33.68000000000001 33.68
34 0.3240686274509806 1.8335175879397014 33.68000000000001 33.67999999999999
35 0.32311831550802195 1.8330402010050273 33.67499999999999 33.675
36 0.3211942959001781 1.8340703517587935 33.71500000000001 33.714999999999996
37 0.3185113887930536 1.833492462311555 33.70499999999999 33.704999999999984
38 0.3192073306595367 1.8334170854271357 33.654999999999994 33.654999999999966
39 0.3155609402852053 1.8327638190954803 33.68999999999998 33.69
40 0.3213719919786097 1.8327135678391968 33.714999999999996 33.71500000000001
41 0.3164054144385025 1.8332160804020101 33.66999999999999 33.67000000000001
42 0.3186853832442067 1.832638190954776 33.69499999999998 33.695000000000014
43 0.3177289438502675 1.8328391959799024 33.71 33.71000000000001
44 0.3183561720142602 1.833417085427135 33.654999999999994 33.654999999999966
45 0.3128693181818181 1.832738693467333 33.70000000000001 33.7
46 0.3162254901960786 1.8331155778894495 33.67499999999997 33.67499999999997
47 0.3176498440285206 1.8332160804020101 33.66000000000001 33.66000000000002
48 0.315745320855615 1.833165829145728 33.70500000000001 33.70500000000001
49 0.32043560606060595 1.832763819095477 33.68500000000002 33.68499999999997
50 0.3189093137254899 1.8327889447236232 33.69000000000001 33.690000000000005
51 0.3165184937611408 1.832788944723621 33.68999999999999 33.69000000000001
52 0.31823028074866305 1.8328391959798989 33.71000000000001 33.710000000000015
53 0.3197677139037435 1.8333919597989978 33.715 33.715
54 0.31614360516934037 1.8329145728643201 33.725 33.725000000000016
55 0.3146418226381462 1.8325376884422113 33.69999999999997 33.69999999999999
56 0.3167401960784314 1.8328643216080363 33.67999999999997 33.67999999999999
57 0.3199784371226496 1.8330150753768877 33.710000000000015 33.71
58 0.3153592914438502 1.8331407035175873 33.69999999999998 33.69999999999999
59 0.3195448975044564 1.8327135678391953 33.714999999999975 33.714999999999996
60 0.31617424242424247 1.832361809045228 33.71500000000001 33.71500000000002
61 0.3203425802139039 1.8325376884422082 33.71999999999997 33.71999999999998
62 0.31747103386809244 1.8336180904522592 33.68 33.67999999999999
63 0.3166800356506242 1.8335175879396957 33.70499999999999 33.70500000000001
64 0.32124387254901976 1.8331407035175864 33.67999999999999 33.67999999999999
65 0.3179428475935831 1.8329145728643208 33.704999999999984 33.705
66 0.3176041666666665 1.8335929648241203 33.66999999999999 33.66999999999997
67 0.3167892156862744 1.8336934673366867 33.62500000000001 33.62499999999997
68 0.3170487967914439 1.832487437185928 33.705000000000005 33.70499999999999
69 0.3164054144385028 1.8326381909547724 33.704999999999984 33.70500000000001
70 0.3176665552584671 1.8333417085427157 33.684999999999974 33.68499999999999
