# index clusteringCoefficient averagePathLength inDegreeMean outDegreeMean
1 0.9203114805301517 4.84945579063226 1.7154471544715453 1.7154471544715444
2 0.830098851557056 4.575675505448153 3.0650000000000004 3.064999999999999
3 0.7344774326594744 3.4419632098963855 5.67 5.670000000000002
4 0.6992321985711779 3.062572421784472 8.915 8.914999999999997
5 0.6560183106356235 2.776367961934994 12.324999999999998 12.325000000000001
6 0.6214415207315312 2.53609742932327 17.0 17.0
7 0.5866400990479829 2.1949039183060997 21.204999999999995 21.205
8 0.5266105999202518 2.13939828080228 24.914999999999996 24.91500000000001
9 0.4748303739539205 1.9410118585836191 29.519999999999996 29.52
10 0.42048523577886804 1.9115527130602514 32.32999999999998 32.33
11 0.3800537156058708 1.848789401553222 34.44500000000002 34.445
12 0.3556017722666147 1.827580111613343 35.56500000000003 35.56500000000003
13 0.3523049869005751 1.817327845256432 36.40499999999999 36.405000000000015
14 0.3479490894835724 1.8175376884422114 36.63999999999995 36.64000000000001
15 0.34494815403638895 1.8168090452261298 36.670000000000016 36.66999999999998
16 0.344464392964393 1.8167839195979922 36.714999999999975 36.715
17 0.34470506220506214 1.8168592964824117 36.68999999999998 36.69
18 0.3458022308022302 1.8166834170854205 36.70500000000001 36.705
19 0.3455454740454741 1.81650753768844 36.67500000000001 36.675
20 0.34639081939081934 1.816457286432161 36.684999999999974 36.68499999999997
21 0.3399749034749033 1.8165829145728642 36.64999999999999 36.64999999999999
22 0.34441505791505805 1.8167336683417064 36.684999999999995 36.68499999999999
23 0.34425096525096505 1.8166080402010027 36.679999999999964 36.68000000000002
24 0.34546332046332073 1.816532663316584 36.72000000000001 36.71999999999999
25 0.34688374088374063 1.8165829145728658 36.699999999999996 36.69999999999999
26 0.34449399399399405 1.8167336683417108 36.70500000000001 36.705
27 0.34302659802659796 1.816934673366837 36.65999999999997 36.66000000000001
28 0.3454223509223505 1.8167336683417081 36.65999999999999 36.660000000000004
29 0.34748176748176723 1.8164572864321633 36.69 36.68999999999998
30 0.344299871299871 1.8163567839195984 36.705000000000005 36.704999999999984
31 0.34440025740025715 1.817462311557789 36.650000000000034 36.65
32 0.34755212355212345 1.816708542713569 36.69499999999999 36.69499999999999
33 0.3458725868725867 1.8167587939698515 36.690000000000005 36.690000000000005
34 0.3462917202917204 1.8166834170854278 36.67500000000001 36.675000000000004
35 0.34205126555126564 1.8166080402010065 36.64500000000002 36.64500000000003
36 0.3420845130845127 1.8164824120603045 36.669999999999995 36.66999999999998
37 0.34360510510510506 1.8165326633165837 36.70000000000001 36.70000000000001
38 0.34856477906477884 1.8167085427135652 36.679999999999986 36.67999999999999
39 0.33920012870012856 1.8164070351758788 36.69499999999998 36.695
40 0.3452852852852852 1.8168592964824117 36.67 36.67000000000002
41 0.3426149721149719 1.8170603015075435 36.65999999999997 36.65999999999999
42 0.34591720291720307 1.816557788944725 36.67000000000001 36.66999999999997
43 0.3418322608322608 1.8161809045226167 36.685 36.684999999999974
44 0.34579386529386524 1.8166834170854265 36.67999999999999 36.67999999999999
45 0.34228078078078034 1.817085427135678 36.63000000000002 36.62999999999997
46 0.3446096096096099 1.8165075376884452 36.69000000000001 36.69
47 0.34533891033891 1.8166080402010047 36.68999999999998 36.68999999999999
48 0.34429365079365076 1.8163316582914601 36.71500000000002 36.71499999999999
49 0.34514628914628914 1.8166080402010065 36.674999999999976 36.67500000000004
50 0.3400868725868726 1.816231155778893 36.699999999999974 36.699999999999974
51 0.34398477048477033 1.8163316582914617 36.689999999999976 36.68999999999999
52 0.3434131274131274 1.8163316582914528 36.7 36.69999999999999
53 0.34468361218361193 1.8165075376884414 36.71500000000001 36.714999999999996
54 0.34782604032604025 1.8168844221105542 36.69 36.690000000000005
55 0.3466208645620408 1.8171859296482398 36.63999999999999 36.63999999999998
56 0.3427370227370224 1.8160804020100507 36.730000000000025 36.73000000000002
57 0.34336936936936935 1.8166834170854294 36.660000000000004 36.65999999999997
58 0.34725933075933085 1.8166080402010072 36.67500000000002 36.674999999999976
59 0.3452275847275849 1.8170100502512534 36.655 36.65499999999998
60 0.3444390819390819 1.8165326633165833 36.73000000000001 36.730000000000004
61 0.3470446160446158 1.8164824120603023 36.704999999999984 36.705
62 0.3434899184899182 1.8163316582914566 36.690000000000026 36.689999999999976
63 0.3476520806520803 1.8165577889447222 36.74 36.74
64 0.34329000429000395 1.816306532663318 36.71999999999997 36.71999999999999
65 0.34572608322608295 1.8166331658291461 36.69999999999999 36.70000000000001
66 0.34276040326040297 1.8165577889447218 36.714999999999954 36.714999999999996
67 0.34575075075075085 1.8166582914572886 36.69499999999998 36.69499999999998
68 0.3429551694551693 1.8166331658291464 36.64500000000001 36.64499999999998
69 0.3425428117192824 1.8164321608040201 36.65499999999999 36.65500000000001
70 0.3429635475811945 1.817010050251254 36.65 36.64999999999999
