# index clusteringCoefficient averagePathLength inDegreeMean outDegreeMean
1 0.9299933323816059 4.13355513307984 1.999999999999999 1.9999999999999998
2 0.8217744791291998 4.273415474574497 3.2950000000000013 3.2950000000000013
3 0.7333378671671883 3.2476197243143377 6.164999999999998 6.165000000000002
4 0.662498768537048 2.796796898908505 9.569999999999995 9.57
5 0.6346306793815834 2.5478171334431434 14.199999999999994 14.200000000000005
6 0.5652387891046995 2.266362700397127 18.119999999999997 18.120000000000005
7 0.5273764187617659 2.2711761457758186 23.940000000000005 23.94000000000001
8 0.5111166104301071 2.0360569855397745 29.600000000000005 29.599999999999994
9 0.4725500253489432 1.8883866851004998 34.04499999999998 34.04500000000001
10 0.44364698232703936 1.817874901858155 38.00999999999999 38.009999999999984
11 0.42959029225075057 1.7999685978960507 39.85500000000001 39.85500000000002
12 0.41127416774126935 1.7925181579152871 40.78499999999998 40.78500000000001
13 0.4073322596764172 1.7913206466560807 40.970000000000034 40.96999999999999
14 0.3983121573076195 1.795296278346042 41.57500000000001 41.57500000000001
15 0.39697777057504774 1.793690675600225 41.815 41.815000000000005
16 0.3988952842476514 1.7875742348104124 42.055000000000014 42.05500000000003
17 0.397549365179991 1.7864321608040172 42.14 42.13999999999998
18 0.39720848770908224 1.7858639933335034 42.43000000000001 42.42999999999999
19 0.3981484482618911 1.7855778894472303 42.68499999999997 42.685
20 0.3945612187018878 1.785854271356783 42.649999999999956 42.650000000000006
21 0.3941617372984359 1.7858542713567847 42.684999999999995 42.68499999999998
22 0.39233787105312906 1.7857286432160833 42.66999999999999 42.66999999999998
23 0.39424722469816076 1.7859798994974845 42.62499999999999 42.62500000000001
24 0.39155187315992745 1.7855276381909515 42.689999999999976 42.68999999999998
25 0.39108675688085776 1.7858793969849254 42.644999999999996 42.645
26 0.3920673635307779 1.7856281407035184 42.67500000000001 42.675000000000004
27 0.3909244253572105 1.7857035175879352 42.67499999999997 42.674999999999976
28 0.3949014126353888 1.7855025125628141 42.695 42.69499999999997
29 0.3911586041109579 1.785402010050252 42.72 42.72000000000003
30 0.39456662074926396 1.7855527638190944 42.70500000000001 42.704999999999984
31 0.3957028063636118 1.7857537688442222 42.655 42.654999999999994
32 0.391189395781001 1.785577889447237 42.705 42.70499999999998
33 0.39095818815330985 1.7854522613065322 42.72500000000002 42.72499999999998
34 0.39343057018610017 1.7854020100502461 42.745 42.74499999999999
35 0.39430381114442326 1.7855025125628163 42.71999999999999 42.72000000000001
36 0.3967820003781434 1.7857537688442269 42.689999999999976 42.68999999999998
37 0.3960744672230775 1.7857286432160757 42.68499999999998 42.68500000000001
38 0.3945898495529802 1.7854271356783902 42.72000000000002 42.72
39 0.3919468978742939 1.7853266331658335 42.74000000000001 42.740000000000016
40 0.3943400048618426 1.7855025125628115 42.694999999999986 42.694999999999986
41 0.3946124031007753 1.785603015075374 42.68000000000001 42.68
42 0.39376266104853713 1.785402010050249 42.72499999999999 42.72500000000002
43 0.39195675661075535 1.7855527638190924 42.685 42.684999999999974
44 0.39269832266428945 1.7853768844221127 42.715 42.71500000000001
45 0.39360113983199624 1.7854773869346696 42.699999999999974 42.69999999999997
46 0.3908824987170137 1.7854522613065338 42.700000000000024 42.69999999999998
47 0.3929131890986682 1.785502512562816 42.700000000000024 42.700000000000024
48 0.3960647435378008 1.7855025125628112 42.694999999999986 42.69500000000001
49 0.3913588850174215 1.7856030150753812 42.68 42.67999999999999
50 0.39110985063339 1.7855276381909606 42.71 42.709999999999994
51 0.392270480512114 1.7855527638190947 42.710000000000036 42.709999999999994
52 0.3920298193015153 1.7856532663316576 42.66500000000002 42.665000000000006
53 0.3956675580044837 1.785577889447237 42.68999999999998 42.690000000000005
54 0.3941364827269532 1.7855527638190924 42.699999999999974 42.69999999999997
55 0.39059611592793675 1.785603015075379 42.70499999999998 42.705
56 0.3913977797585285 1.7854020100502461 42.70999999999999 42.70999999999998
57 0.39523660967506635 1.7855778894472354 42.675000000000026 42.674999999999976
58 0.39079396591308097 1.7853266331658237 42.71999999999999 42.71999999999999
59 0.39336290954271647 1.785603015075379 42.67999999999998 42.679999999999986
60 0.3925983847878344 1.7852261306532686 42.745000000000026 42.745000000000005
61 0.389671690570726 1.7852763819095434 42.73500000000001 42.73499999999999
62 0.39256340653107513 1.7855778894472383 42.699999999999996 42.69999999999997
63 0.3905534397536667 1.7854522613065293 42.704999999999984 42.705
64 0.38962712367987445 1.7855778894472318 42.70000000000002 42.69999999999999
65 0.39195581125246426 1.7856030150753783 42.684999999999995 42.68499999999998
66 0.3958945790454579 1.7855527638190933 42.67999999999999 42.67999999999999
67 0.39554033978877967 1.7855527638190962 42.694999999999986 42.69499999999997
68 0.3934109877643624 1.7855527638190978 42.690000000000026 42.69000000000001
69 0.3967833508899872 1.7856030150753783 42.68499999999999 42.684999999999974
70 0.3930972638630039 1.7853517587939676 42.72499999999997 42.725
