# index clusteringCoefficient averagePathLength inDegreeMean outDegreeMean
1 0.9348380373660024 5.702996941896034 1.6991869918699192 1.6991869918699194
2 0.8174393645778949 4.029962546816505 2.965 2.965000000000002
3 0.6883848235660637 3.8258801141769756 4.655 4.655
4 0.6570350153801172 3.5424877359274975 7.56 7.560000000000001
5 0.6071399604154619 2.786041971693512 11.420000000000005 11.419999999999991
6 0.5119213899397853 2.588439106080712 16.069999999999997 16.069999999999997
7 0.44134685875006885 2.242050634301732 20.110000000000007 20.110000000000017
8 0.4039183080818517 2.052747372137888 23.675 23.674999999999997
9 0.3592694002611914 1.950840157396577 26.190000000000012 26.189999999999987
10 0.34463219599600387 1.9053908284879901 27.785000000000007 27.785000000000004
11 0.32305073378180815 1.8937032099271855 28.845 28.844999999999988
12 0.32327969778748433 1.8813396881313793 29.05 29.049999999999997
13 0.3225294993893922 1.879139286174463 29.21 29.210000000000004
14 0.30744726060723293 1.8787371199431493 29.64999999999999 29.65
15 0.3069718205413421 1.8653621643571392 30.085000000000004 30.085000000000004
16 0.3029718205413424 1.8654890614689659 30.080000000000005 30.080000000000013
17 0.30335409714497585 1.8603877975737273 30.190000000000012 30.189999999999994
18 0.300012235817575 1.8581290289833037 30.224999999999994 30.224999999999998
19 0.2955435669262148 1.8574945434241887 30.195 30.195000000000007
20 0.3017449017426769 1.8587635145424104 30.229999999999997 30.23
21 0.297871709306637 1.8572258276306133 30.395000000000003 30.395
22 0.29965480163144237 1.8525289765409936 30.535000000000004 30.535
23 0.29591916944753444 1.8521754501148968 30.534999999999997 30.534999999999993
24 0.2915782326683327 1.8512814070351782 30.639999999999997 30.64
25 0.2964430849091584 1.8527638190954767 30.655000000000005 30.655
26 0.2927626992955135 1.85354271356784 30.695000000000018 30.695
27 0.2957133852428623 1.8526130653266324 30.679999999999996 30.680000000000003
28 0.29264553207267374 1.8527889447236188 30.68500000000001 30.685000000000006
29 0.29144530960326276 1.8525376884422111 30.705000000000002 30.704999999999984
30 0.2905865776789026 1.8522613065326674 30.719999999999995 30.720000000000002
31 0.29541342232109785 1.852010050251257 30.74999999999998 30.749999999999993
32 0.29745494994438243 1.8528643216080425 30.669999999999998 30.670000000000005
33 0.2923433444568035 1.8519095477386927 30.734999999999996 30.735000000000003
34 0.2956355209492029 1.8533165829145732 30.70000000000001 30.700000000000006
35 0.29426807563959945 1.853793969849247 30.670000000000005 30.669999999999987
36 0.29256210604375243 1.8539949748743747 30.67 30.669999999999984
37 0.29569632925472766 1.8531407035175842 30.680000000000003 30.68
38 0.29590470893585497 1.8527889447236177 30.72 30.720000000000017
39 0.2910478309232481 1.8527889447236197 30.69000000000001 30.690000000000005
40 0.29331405265109367 1.8525628140703518 30.714999999999986 30.714999999999996
41 0.29438561364479043 1.8528894472361868 30.709999999999983 30.709999999999997
42 0.29493659621802015 1.8532160804020101 30.69000000000001 30.68999999999999
43 0.2915695216907675 1.8523366834170847 30.700000000000003 30.699999999999992
44 0.293488691138302 1.8540452261306548 30.715 30.714999999999993
45 0.294230626622173 1.852788944723621 30.675000000000004 30.674999999999997
46 0.29460882461994803 1.8523115577889473 30.704999999999995 30.705
47 0.29263515016685215 1.8516582914572872 30.709999999999994 30.71
48 0.2966403411197627 1.8522864321608032 30.689999999999987 30.690000000000005
49 0.29926622172784584 1.8552763819095477 30.680000000000003 30.680000000000003
50 0.2950368133905399 1.8532412060301537 30.72499999999999 30.72500000000001
51 0.2984627363737485 1.8530904522613088 30.695000000000004 30.695000000000004
52 0.2943822766036339 1.852763819095478 30.65499999999997 30.65499999999998
53 0.29469670003707804 1.8527135678391953 30.674999999999997 30.674999999999997
54 0.29204226918798687 1.8525125628140682 30.714999999999993 30.715000000000003
55 0.2929377085650724 1.852788944723621 30.685000000000013 30.684999999999995
56 0.2927697441601778 1.853417085427138 30.674999999999994 30.674999999999997
57 0.289130144605117 1.8519095477386873 30.705000000000013 30.705
58 0.29232332220986257 1.8513567839195955 30.669999999999995 30.67
59 0.2920693362995922 1.8533165829145706 30.62000000000001 30.620000000000008
60 0.29184278828327764 1.851582914572868 30.665000000000003 30.664999999999992
61 0.2914686688913605 1.8528894472361799 30.67499999999999 30.674999999999997
62 0.29445902855024125 1.851658291457285 30.679999999999993 30.680000000000003
63 0.29291842788283273 1.8526633165829145 30.695000000000007 30.694999999999997
64 0.2960964034111976 1.8533919597989934 30.66999999999999 30.669999999999995
65 0.2944479050797182 1.8523115577889422 30.685000000000006 30.685
66 0.2955398591027068 1.8531909547738723 30.735 30.73499999999999
67 0.2928527994067483 1.8522864321608041 30.75500000000001 30.755
68 0.29340341119762686 1.8530150753768844 30.63500000000001 30.634999999999994
69 0.29577678902484217 1.853366834170854 30.665 30.665000000000006
70 0.2912020763811641 1.852587939698494 30.655000000000005 30.655000000000005
