# index clusteringCoefficient averagePathLength inDegreeMean outDegreeMean
1 0.9205265112785438 4.200375630942603 1.7479674796747973 1.7479674796747968
2 0.8006740564990568 4.7104379827718414 2.9100000000000006 2.910000000000002
3 0.7333077729689057 3.3519859259760487 4.755000000000003 4.754999999999998
4 0.6911497502617486 3.2833210683520155 7.984999999999997 7.985000000000003
5 0.6380671961255544 2.8330288511254333 11.475000000000005 11.474999999999993
6 0.5998368190779955 2.465778565326085 15.290000000000001 15.290000000000001
7 0.49671387011990187 2.2539166420336922 20.465 20.465000000000007
8 0.4290280438123393 2.0810435154495903 24.044999999999995 24.044999999999995
9 0.37390788096120525 1.9733146438866889 26.429999999999996 26.429999999999996
10 0.33814375940872304 1.9036113208529688 28.689999999999987 28.68999999999999
11 0.3296577856692974 1.8712985514677605 30.745000000000008 30.744999999999997
12 0.32897971748979815 1.8631262116110607 31.449999999999985 31.450000000000006
13 0.32510577372604005 1.8621170976829169 31.705000000000005 31.70499999999999
14 0.31965972842024737 1.8621105527638213 31.940000000000015 31.939999999999987
15 0.31495631720430123 1.8501552991086117 32.180000000000014 32.18000000000003
16 0.3190447825024439 1.8554271356783902 32.155000000000015 32.155
17 0.31487741191720864 1.8510804020100444 32.33999999999998 32.33999999999998
18 0.3159243646138805 1.8517839195979893 32.315000000000005 32.31499999999999
19 0.311891129032258 1.8500000000000014 32.36000000000001 32.360000000000014
20 0.31589167888563063 1.8446503876164757 32.34000000000002 32.34000000000001
21 0.3126341031280548 1.8491457286432205 32.360000000000014 32.36000000000001
22 0.31289192326490745 1.848844221105527 32.365 32.36500000000001
23 0.3122418743890519 1.8443978687406883 32.37500000000001 32.37500000000001
24 0.3107059506353859 1.8490954773869333 32.41500000000001 32.415000000000006
25 0.30904233870967734 1.844472361809043 32.53499999999998 32.535000000000004
26 0.3127779814271748 1.8440452261306526 32.550000000000004 32.55000000000001
27 0.30854013929618784 1.8435175879397037 32.55000000000002 32.55000000000003
28 0.3119302908113391 1.843140703517588 32.57999999999999 32.57999999999999
29 0.3100500977517108 1.8432160804020101 32.57 32.570000000000014
30 0.31192650293255136 1.8440201005025123 32.53000000000001 32.52999999999999
31 0.3107557429130011 1.844447236180903 32.485 32.48499999999999
32 0.31135599951124165 1.8439949748743696 32.57499999999998 32.574999999999996
33 0.3099056085043988 1.8444974874371867 32.49000000000002 32.48999999999997
34 0.31543896627565987 1.8439949748743705 32.499999999999986 32.50000000000004
35 0.30744837487781024 1.8438190954773854 32.52 32.51999999999998
36 0.307963098729228 1.8437688442211084 32.555000000000014 32.554999999999986
37 0.31249633431085055 1.844120603015072 32.514999999999986 32.51499999999999
38 0.31265304252199383 1.8444974874371862 32.52999999999998 32.529999999999994
39 0.3113941837732159 1.844346733668344 32.53500000000001 32.53500000000001
40 0.31272348484848467 1.8439195979899494 32.535000000000004 32.535
41 0.31235276148582597 1.8392964824120575 32.7 32.69999999999998
42 0.30940518084066476 1.8401758793969871 32.695000000000014 32.694999999999965
43 0.3094797776148581 1.8388442211055263 32.71999999999999 32.71999999999999
44 0.30844024926686225 1.8398241206030121 32.684999999999995 32.684999999999974
45 0.308997739491691 1.8385678391959805 32.7 32.699999999999996
46 0.30943334555229746 1.8399497487437197 32.675 32.67500000000001
47 0.31283479960899313 1.8393969849246246 32.655 32.65499999999997
48 0.3111559139784943 1.8395477386934658 32.70500000000001 32.704999999999984
49 0.3091287878787882 1.8393216080402033 32.66 32.660000000000004
50 0.30694953567937444 1.8388944723618075 32.684999999999995 32.68499999999998
51 0.30672256842619744 1.83886934673367 32.675000000000004 32.67499999999997
52 0.309374083577713 1.8400251256281437 32.69 32.689999999999976
53 0.31086052052785973 1.83859296482412 32.70500000000002 32.70499999999999
54 0.31187163978494636 1.8392462311557762 32.7 32.7
55 0.3104880865102638 1.8395979899497483 32.64000000000001 32.63999999999998
56 0.3106534701857282 1.8389949748743681 32.72499999999998 32.72499999999998
57 0.3095048264907133 1.839723618090453 32.68500000000001 32.68499999999997
58 0.31270405669599216 1.8395226130653282 32.65499999999999 32.65499999999999
59 0.31528928396871936 1.8402512562814075 32.67 32.67
60 0.31431329423264937 1.840301507537687 32.68999999999998 32.68999999999998
61 0.309462060117302 1.8391457286432138 32.70499999999997 32.70500000000002
62 0.3085392228739003 1.8390201005025133 32.71000000000001 32.70999999999997
63 0.31085990957966775 1.8403015075376856 32.645000000000024 32.64499999999999
64 0.3062677174975562 1.8393467336683387 32.675000000000026 32.67499999999999
65 0.3091526759530793 1.8384924623115575 32.690000000000005 32.68999999999998
66 0.3093801930596285 1.838994974874371 32.684999999999995 32.68499999999998
67 0.30877168866080135 1.838919597989949 32.69500000000001 32.69500000000001
68 0.309664894916911 1.839070351758794 32.68999999999998 32.69000000000001
69 0.309029203323558 1.8385678391959783 32.68000000000001 32.68000000000001
70 0.30845735581622663 1.8385929648241273 32.694999999999986 32.69499999999997
