# index clusteringCoefficient averagePathLength inDegreeMean outDegreeMean
1 0.9276077014307303 4.194690265486711 2.1869918699187005 2.1869918699186988
2 0.8353715592238663 4.174094048632763 3.2850000000000015 3.285000000000002
3 0.7143260594976568 3.3725647844640942 6.210000000000002 6.210000000000003
4 0.636437346890539 3.1747298538032305 10.365000000000002 10.365
5 0.6141902351682718 2.791147994467503 14.665000000000006 14.665000000000003
6 0.5563613733309528 2.2436529568492776 20.119999999999997 20.12000000000001
7 0.4879062436176469 2.0429598406328364 25.755000000000017 25.755000000000003
8 0.4454514770830124 1.9420098846787488 30.955 30.955000000000005
9 0.4342632791368705 1.8310512367491105 35.38499999999999 35.38499999999998
10 0.4271155367515555 1.8161053775122264 37.79999999999998 37.8
11 0.42857258931532455 1.8146098949563025 39.41500000000001 39.415000000000006
12 0.4278132256443372 1.7969904608356806 40.07000000000001 40.07
13 0.41859532199067084 1.802394106813997 40.609999999999985 40.61000000000001
14 0.41442353570224133 1.796456509350881 41.40999999999998 41.40999999999999
15 0.4116590657404611 1.7946656358716622 41.71499999999999 41.715
16 0.4104608453876747 1.7876371654189298 42.364999999999995 42.365
17 0.41242659354258854 1.7868275387087722 42.77999999999999 42.78000000000003
18 0.4116252599735297 1.7858991929343693 43.05000000000001 43.04999999999999
19 0.4065522016742943 1.7860660084341333 43.195000000000014 43.195
20 0.40994060203362537 1.786192267872027 43.230000000000004 43.23
21 0.41050538608678144 1.7867730612863288 43.21999999999999 43.21999999999999
22 0.4130637773079633 1.7858387414459238 43.27999999999998 43.28
23 0.4078606664653177 1.7859547738693435 43.50000000000004 43.49999999999999
24 0.4076195509916439 1.785703517587939 43.47499999999998 43.474999999999994
25 0.40507978455652854 1.7855778894472358 43.504999999999995 43.504999999999995
26 0.40329331521191975 1.7856030150753783 43.499999999999986 43.49999999999998
27 0.4044276653578978 1.7858291457286417 43.47500000000003 43.47500000000001
28 0.4090209464387001 1.7804020100502498 43.71999999999999 43.72000000000001
29 0.4041057585825029 1.7806281407035154 43.704999999999984 43.70500000000001
30 0.40463832678948947 1.780502512562809 43.709999999999965 43.70999999999998
31 0.4048462196718009 1.7805527638191014 43.69000000000001 43.690000000000005
32 0.4065649854021946 1.7807788944723593 43.67999999999999 43.679999999999986
33 0.40570497332125277 1.7805527638190948 43.73499999999999 43.735000000000014
34 0.40063550790294983 1.780527638190954 43.69000000000001 43.69
35 0.40555622671901753 1.780452261306533 43.71 43.71
36 0.4037128762710158 1.7805025125628111 43.695000000000014 43.69499999999998
37 0.4023625792811839 1.7805025125628133 43.68999999999999 43.68999999999997
38 0.40108929829860046 1.7805276381909512 43.69 43.68999999999997
39 0.40268448605657886 1.7804522613065334 43.71999999999996 43.71999999999997
40 0.40121111446692814 1.7804522613065334 43.705 43.70500000000003
41 0.398952229940602 1.7803768844221135 43.71500000000002 43.71499999999998
42 0.40403100775193834 1.7804522613065297 43.695000000000014 43.695
43 0.3992562669888251 1.780376884422112 43.705 43.705
44 0.40005587435819967 1.7804773869346697 43.7 43.69999999999998
45 0.401569104463319 1.7804522613065357 43.70000000000003 43.70000000000001
46 0.4040136413973622 1.7805276381909587 43.700000000000045 43.69999999999998
47 0.40069540924192054 1.78057788944724 43.67999999999998 43.679999999999986
48 0.40097377428772774 1.7806281407035216 43.67999999999998 43.67999999999997
49 0.4032744387395549 1.7806783919597973 43.65500000000001 43.65499999999997
50 0.4054261049028488 1.780577889447231 43.67499999999999 43.675
51 0.39743707842545034 1.7805527638190948 43.68999999999997 43.69
52 0.4008388704318936 1.7805025125628162 43.68000000000001 43.67999999999998
53 0.4009367764018924 1.7803768844221046 43.704999999999984 43.705
54 0.4000770160072482 1.7805527638190954 43.68 43.67999999999997
55 0.4026814658210007 1.7804020100502527 43.71500000000001 43.715
56 0.40104248464713566 1.7804522613065337 43.704999999999984 43.705
57 0.40117587838518093 1.7804773869346777 43.70000000000002 43.69999999999998
58 0.399881707439847 1.7807788944723588 43.65 43.64999999999998
59 0.3986049028490889 1.7804020100502473 43.699999999999996 43.699999999999974
60 0.4032185643813551 1.7803266331658298 43.72000000000002 43.72
61 0.4037997080438941 1.7803768844221073 43.71999999999996 43.71999999999998
62 0.4049204671297696 1.780402010050251 43.705000000000005 43.705
63 0.4035827544548472 1.7807035175879378 43.67 43.66999999999999
64 0.40405818987214315 1.7804271356783923 43.71000000000001 43.70999999999999
65 0.4031969193597101 1.7805276381909547 43.68999999999999 43.68999999999999
66 0.40119853015201845 1.780376884422108 43.70999999999997 43.71000000000001
67 0.4011011275546159 1.7806030150753775 43.68499999999999 43.68500000000001
68 0.40136892177589834 1.780502512562815 43.69500000000002 43.695
69 0.40293164200140935 1.7803266331658336 43.720000000000006 43.71999999999998
70 0.4036021342998088 1.7804773869346755 43.695000000000014 43.695
