# index clusteringCoefficient averagePathLength inDegreeMean outDegreeMean
1 0.9311759059866713 4.485848473612647 1.7886178861788617 1.788617886178862
2 0.8037215009057788 4.684891281549314 3.274999999999999 3.275
3 0.6826911382850507 3.9158006098699336 5.960000000000001 5.960000000000002
4 0.6516891593144101 3.843123619406039 8.975 8.974999999999996
5 0.6026672260190646 2.9450771491550274 12.81 12.810000000000004
6 0.5800596637269295 2.455899779922123 18.005000000000003 18.004999999999992
7 0.5204762202710151 2.163903984270453 23.924999999999997 23.925
8 0.47425492441895367 1.9610018175986306 30.000000000000018 30.000000000000018
9 0.4408170242035741 1.8545425386897614 34.165 34.165000000000006
10 0.4058246504578108 1.82658082077052 36.61999999999999 36.620000000000005
11 0.3946262704200809 1.8198772243375512 37.544999999999995 37.54500000000001
12 0.3859236442362971 1.8124210797577571 38.12000000000001 38.12000000000002
13 0.38265837006308884 1.8118654496974684 38.464999999999975 38.464999999999996
14 0.3726907967679292 1.8065834221613124 38.985 38.98500000000003
15 0.37701585695006734 1.806431145627124 39.085000000000015 39.08500000000001
16 0.37322777737251434 1.8069493194616282 39.19499999999999 39.19499999999998
17 0.3727732793522265 1.806267518497008 39.305 39.305000000000014
18 0.3698518893387311 1.8062422666094304 39.305 39.30500000000001
19 0.3728164642375171 1.801166637206132 39.495000000000005 39.49499999999999
20 0.372775641025641 1.801242392868862 39.49500000000002 39.49499999999999
21 0.3719657209262471 1.801231155778894 39.64499999999999 39.64500000000002
22 0.3694139676113364 1.8009798994974837 39.68499999999998 39.684999999999974
23 0.3703640350877192 1.8009296482412045 39.684999999999974 39.684999999999995
24 0.3667024291497976 1.8005025125628173 39.744999999999976 39.745000000000005
25 0.36981612685560067 1.8006281407035154 39.70500000000001 39.70500000000003
26 0.36740823211875856 1.800879396984923 39.675000000000004 39.674999999999976
27 0.365855600539811 1.8008793969849242 39.67999999999998 39.67999999999999
28 0.36483738191632914 1.8011306532663327 39.644999999999996 39.645
29 0.36634311740890674 1.8008291457286454 39.67999999999999 39.68000000000003
30 0.3654203778677463 1.8007286432160836 39.7 39.7
31 0.36323920377867736 1.8007286432160767 39.695000000000014 39.695
32 0.36618522267206516 1.800728643216083 39.71500000000001 39.71499999999998
33 0.36956511470985165 1.8006783919598008 39.73999999999999 39.73999999999999
34 0.3687918353576249 1.8011306532663292 39.68499999999999 39.68499999999999
35 0.36978171390013487 1.8010301507537678 39.66 39.659999999999975
36 0.36881275303643735 1.8008291457286454 39.69999999999999 39.69999999999997
37 0.36621524966261804 1.800628140703516 39.71000000000002 39.710000000000015
38 0.36825877192982454 1.800728643216084 39.690000000000005 39.69000000000002
39 0.36910796221322584 1.8008542713567817 39.68999999999998 39.68999999999999
40 0.3687496626180834 1.8010301507537732 39.66499999999997 39.66499999999998
41 0.36582149761097105 1.8006281407035136 39.694999999999986 39.69499999999998
42 0.3646062753036437 1.8005527638190961 39.720000000000006 39.72000000000001
43 0.3691369770580297 1.8007788944723588 39.69499999999999 39.69499999999998
44 0.3668060053981108 1.8006783919598013 39.69500000000001 39.694999999999986
45 0.3684284750337381 1.8006783919598004 39.71499999999999 39.714999999999996
46 0.36859210526315755 1.8008793969849262 39.699999999999996 39.7
47 0.3646413630229422 1.8007286432160805 39.69500000000001 39.69499999999999
48 0.36856848852901514 1.8007035175879438 39.695 39.695
49 0.3674153171390014 1.8008040201005024 39.68500000000003 39.68499999999999
50 0.3656592442645073 1.8004271356783927 39.75499999999998 39.75499999999997
51 0.3676315789473684 1.8005276381909534 39.73499999999996 39.735000000000014
52 0.36873245614035094 1.8007035175879422 39.725000000000016 39.72500000000002
53 0.36907489878542515 1.8008040201005018 39.680000000000014 39.68000000000001
54 0.367655870445344 1.8010050251256255 39.68499999999996 39.68499999999999
55 0.36684649122807017 1.800628140703519 39.72500000000001 39.72500000000004
56 0.3707648448043186 1.8007286432160774 39.72500000000002 39.72499999999998
57 0.37066025641025635 1.8008793969849268 39.67500000000001 39.674999999999976
58 0.3657587719298247 1.800804020100499 39.69499999999999 39.695000000000014
59 0.3682925101214576 1.800552763819097 39.71999999999999 39.71999999999999
60 0.36901619433198407 1.8009045226130675 39.68500000000003 39.684999999999995
61 0.3678933873144401 1.8005025125628107 39.74000000000002 39.73999999999999
62 0.36398448043184906 1.800678391959799 39.690000000000005 39.69000000000002
63 0.36696019805230334 1.8008793969849286 39.67000000000001 39.67
64 0.36096840463945745 1.8008542713567839 39.675000000000026 39.67500000000001
65 0.36569770580296895 1.8008291457286403 39.68000000000003 39.67999999999997
66 0.3691012145748988 1.8008291457286425 39.715 39.71499999999999
67 0.36487685560053984 1.8007537688442203 39.71500000000002 39.71500000000002
68 0.3642844129554657 1.8007035175879398 39.714999999999996 39.71499999999998
69 0.3642884615384615 1.8006030150753707 39.710000000000015 39.71
70 0.3641120107962216 1.8007035175879347 39.695000000000014 39.695
