# index clusteringCoefficient averagePathLength inDegreeMean outDegreeMean
1 0.9249282272185306 4.0108390716654005 1.9349593495934956 1.9349593495934958
2 0.8205866129337588 4.143408944598039 3.5150000000000015 3.515
3 0.7124981793237644 3.165780504430811 5.595000000000001 5.595000000000003
4 0.6528871910845822 3.1141987057480054 8.655000000000001 8.655000000000003
5 0.6144102841398676 2.9265893792071633 12.575000000000005 12.575000000000001
6 0.5746115674314295 2.6643781207444257 16.580000000000013 16.580000000000002
7 0.4935537654207043 2.182587438886804 22.909999999999997 22.910000000000007
8 0.44243862959911745 1.9845290581162305 28.755 28.755
9 0.41694524470775607 1.865293185419972 33.24499999999999 33.245000000000005
10 0.41964426336726374 1.8275530379949745 36.49499999999999 36.49500000000001
11 0.41381998755454946 1.8145553558210834 38.07999999999999 38.080000000000005
12 0.4096411419566106 1.830397845006218 39.02499999999998 39.025
13 0.40429357962697277 1.8173870686561058 39.679999999999964 39.68000000000001
14 0.3935560990500015 1.805530047954291 40.17500000000001 40.17500000000001
15 0.39726341121814607 1.802020150749943 40.72499999999999 40.724999999999994
16 0.393725319396051 1.801867878080342 40.84999999999999 40.84999999999999
17 0.39751190476190457 1.801867878080344 40.87499999999999 40.87499999999999
18 0.39465969802555156 1.8020455295282056 40.855000000000004 40.854999999999976
19 0.39586643437862973 1.801791741745548 40.895 40.895
20 0.39556493601615594 1.8027575061235812 41.054999999999986 41.05499999999999
21 0.3927695434646655 1.8021767127092743 41.09500000000001 41.095000000000006
22 0.389655052264808 1.8016464230701201 41.100000000000016 41.09999999999997
23 0.3860426829268295 1.7970854271356773 41.42499999999997 41.425000000000004
24 0.3896591173054588 1.7963819095477394 41.51000000000003 41.51000000000002
25 0.39043524970963994 1.7965075376884418 41.47000000000002 41.47000000000001
26 0.3887950058072008 1.7956532663316547 41.50500000000002 41.504999999999995
27 0.3859221835075493 1.7955778894472318 41.52000000000001 41.51999999999998
28 0.38933362369337987 1.7958542713567802 41.47000000000001 41.47
29 0.3894634146341462 1.7958291457286415 41.48000000000001 41.479999999999976
30 0.3913231707317074 1.7959045226130683 41.48000000000002 41.48000000000003
31 0.38727206736353076 1.7956281407035226 41.48500000000001 41.48500000000001
32 0.38808619226302143 1.7955527638191036 41.51000000000002 41.509999999999984
33 0.38534785133565636 1.7957286432160768 41.465 41.465
34 0.38586011708572704 1.7907035175879389 41.664999999999985 41.665
35 0.3865810104529616 1.7906783919597997 41.67999999999998 41.679999999999986
36 0.3827087688734032 1.7905025125628133 41.700000000000024 41.699999999999974
37 0.3862465156794422 1.7904271356783923 41.72499999999999 41.72499999999998
38 0.3851544715447154 1.7904773869346748 41.715 41.71500000000002
39 0.3841277584204413 1.7904271356783912 41.71999999999999 41.72000000000002
40 0.3829021486643435 1.7906030150753751 41.685 41.68499999999999
41 0.38558391405342624 1.7905778894472362 41.68000000000002 41.679999999999986
42 0.3828188153310102 1.7905778894472377 41.70499999999997 41.70500000000001
43 0.3842601626016257 1.7906783919598008 41.68499999999997 41.68499999999998
44 0.38456184668989524 1.7908040201005107 41.664999999999985 41.66499999999998
45 0.38783047440364504 1.7910804020100493 41.64499999999999 41.644999999999996
46 0.38639605110336817 1.7908040201005029 41.68500000000002 41.68499999999998
47 0.3876353077816493 1.790653266331655 41.72999999999999 41.72999999999997
48 0.3886945412311266 1.7907788944723628 41.67999999999996 41.68000000000001
49 0.3897610336817655 1.7904522613065312 41.72500000000001 41.724999999999994
50 0.3829192799070846 1.7904522613065357 41.72000000000003 41.72
51 0.38393002322880393 1.7903768844221095 41.72999999999996 41.73
52 0.38631939605110355 1.79057788944724 41.705000000000005 41.70499999999999
53 0.3840653310104529 1.7906030150753747 41.690000000000005 41.69
54 0.38306678281068524 1.7906532663316646 41.684999999999974 41.684999999999974
55 0.38459320557491267 1.790452261306532 41.724999999999994 41.725
56 0.38437601626016255 1.7906532663316608 41.69000000000001 41.68999999999998
57 0.3851867015098722 1.7904522613065377 41.734999999999985 41.73500000000001
58 0.38676393728223 1.7906532663316577 41.69499999999997 41.695
59 0.38641405342624824 1.790552763819095 41.69500000000002 41.695
60 0.38581678281068554 1.7906030150753742 41.67999999999998 41.67999999999996
61 0.38700871080139376 1.7906783919597946 41.684999999999995 41.68500000000001
62 0.385040650406504 1.790653266331659 41.694999999999965 41.695000000000014
63 0.3864091173054585 1.790954773869349 41.69000000000002 41.690000000000005
64 0.38352671312427394 1.7906783919597968 41.680000000000014 41.67999999999999
65 0.3825256856964176 1.7909547738693457 41.66500000000003 41.66499999999998
66 0.3872479674796747 1.7907286432160834 41.7 41.699999999999996
67 0.38840331010452966 1.791005025125631 41.68000000000002 41.68
68 0.3864120209059235 1.790854271356782 41.66000000000002 41.65999999999999
69 0.3860598141695701 1.790703517587947 41.69500000000003 41.695
70 0.3838440766550522 1.7908291457286436 41.68 41.68000000000001
