# index clusteringCoefficient averagePathLength inDegreeMean outDegreeMean
1 0.9217962289048698 4.729706283306487 1.788617886178862 1.7886178861788626
2 0.8150947298661693 3.800358685905275 2.824999999999999 2.825000000000001
3 0.7075342612482082 4.475491896714065 5.04 5.039999999999998
4 0.6494072648742236 3.3061263536524677 7.8900000000000015 7.889999999999996
5 0.5931143861455673 3.058431267007565 11.060000000000008 11.059999999999999
6 0.5837602931015284 2.5524191333955626 15.169999999999996 15.169999999999998
7 0.5175972328286319 2.284724862838832 19.16 19.159999999999993
8 0.429024445465129 2.072146388650028 22.575 22.57499999999999
9 0.3660984630378083 1.973218581279731 24.539999999999996 24.540000000000006
10 0.3186866725039192 1.9263496972039682 26.44999999999998 26.45000000000001
11 0.30995846436449875 1.9141605463213502 27.08000000000001 27.080000000000005
12 0.305031659855498 1.8966259870782491 27.520000000000003 27.519999999999996
13 0.29823572340813725 1.8963722599666712 27.55 27.550000000000008
14 0.28522394502604403 1.880056849906095 28.020000000000003 28.020000000000017
15 0.2870130906768841 1.8790162935891563 28.179999999999993 28.17999999999999
16 0.28396525198376105 1.8761142395394055 28.355 28.35500000000001
17 0.2861116724909828 1.8756092017878314 28.409999999999993 28.410000000000004
18 0.27936035229138684 1.8748743718592946 28.54000000000001 28.540000000000003
19 0.28060527276044533 1.8746984924623122 28.55999999999999 28.56
20 0.28077449370552826 1.8750502512562814 28.56000000000001 28.560000000000002
21 0.28385376756066444 1.8704271356783913 28.675000000000008 28.675000000000008
22 0.2815544608648057 1.869070351758796 28.679999999999996 28.68000000000001
23 0.27963191023535855 1.8700000000000072 28.735000000000017 28.735
24 0.2740672322568876 1.8697487437185945 28.704999999999995 28.705
25 0.2750310162379127 1.8689195979899516 28.720000000000006 28.71999999999999
26 0.2796597336252514 1.868291457286435 28.68999999999999 28.689999999999994
27 0.27779328589673413 1.8679899497487444 28.68499999999999 28.685000000000002
28 0.2739235540959677 1.8672864321608065 28.720000000000002 28.72
29 0.278113939062215 1.8688442211055283 28.714999999999993 28.71500000000001
30 0.2813970990695128 1.86886934673367 28.699999999999996 28.700000000000003
31 0.27438788542236825 1.869271356783921 28.705000000000002 28.705
32 0.2785276409414341 1.8677889447236167 28.670000000000005 28.67
33 0.27406814449917966 1.8688693467336661 28.625000000000004 28.625
34 0.27705072067141084 1.8687939698492477 28.69 28.689999999999998
35 0.27648193760262724 1.868015075376883 28.665000000000006 28.664999999999996
36 0.28264094143404495 1.87070351758794 28.665000000000003 28.665000000000006
37 0.2824881408502101 1.869773869346734 28.679999999999993 28.68
38 0.2781280788177341 1.8694221105527635 28.699999999999996 28.7
39 0.2772696588213828 1.8681407035175872 28.750000000000004 28.74999999999998
40 0.27874703521255273 1.866557788944724 28.71 28.709999999999997
41 0.27443395365809153 1.867713567839193 28.720000000000006 28.720000000000006
42 0.2752491824905617 1.8673869346733698 28.705000000000002 28.704999999999977
43 0.27622286079182606 1.8669095477386934 28.739999999999984 28.739999999999984
44 0.2747983944535669 1.8670603015075362 28.675 28.67500000000002
45 0.2785741652983032 1.868040201005027 28.729999999999983 28.72999999999999
46 0.2788856960408689 1.8676633165829137 28.709999999999994 28.70999999999999
47 0.27349023900748043 1.8665326633165815 28.705000000000002 28.704999999999995
48 0.2740220762634556 1.8691206030150758 28.71500000000001 28.715
49 0.27706166757890927 1.8685427135678385 28.67999999999999 28.679999999999996
50 0.27473636197774143 1.8691708542713568 28.654999999999998 28.655000000000005
51 0.2774334063127165 1.8691959798994975 28.684999999999988 28.685000000000002
52 0.27812625433315113 1.8688693467336654 28.68500000000001 28.68500000000001
53 0.2775684181718667 1.8687437185929647 28.730000000000004 28.72999999999999
54 0.2792829775588397 1.868869346733668 28.71000000000002 28.709999999999997
55 0.28186553548622517 1.8688190954773884 28.685 28.685000000000002
56 0.27824667031563566 1.8699246231155762 28.684999999999985 28.685
57 0.27337757708447374 1.869422110552763 28.680000000000003 28.680000000000017
58 0.27678024083196506 1.866356783919598 28.71499999999999 28.71499999999999
59 0.277310253603357 1.867788944723619 28.714999999999986 28.714999999999982
60 0.2781308155446088 1.8684924623115564 28.729999999999993 28.730000000000004
61 0.27898786717752244 1.8681407035175865 28.654999999999994 28.654999999999998
62 0.27784756431308183 1.8683165829145758 28.694999999999993 28.695
63 0.2783921729611384 1.869447236180906 28.604999999999997 28.60500000000001
64 0.27849708082466695 1.8688944723618084 28.694999999999993 28.69500000000001
65 0.2767487684729064 1.8680904522613058 28.709999999999997 28.710000000000004
66 0.2772705710636746 1.8686683417085435 28.705 28.705
67 0.27521665754424385 1.8676884422110531 28.729999999999997 28.729999999999997
68 0.2769011129355956 1.8674623115577889 28.710000000000008 28.709999999999994
69 0.27878945447910963 1.8684422110552779 28.694999999999986 28.694999999999993
70 0.27511585477102735 1.8684422110552783 28.69 28.69
