# index clusteringCoefficient averagePathLength inDegreeMean outDegreeMean
1 0.9236478098027595 4.880943559342975 1.8048780487804883 1.804878048780489
2 0.824454573579878 3.5021830004644667 3.19 3.1900000000000004
3 0.7277169202948379 3.268471169105974 5.494999999999998 5.494999999999999
4 0.6722767075728647 3.3917923362175517 8.590000000000005 8.59000000000001
5 0.6557766727961978 2.7856129996550965 12.69 12.689999999999994
6 0.6016061490976736 2.4310149407522155 16.944999999999997 16.944999999999986
7 0.5692161226899493 2.398678658671982 22.30999999999998 22.309999999999995
8 0.5392190222558736 2.1672835337025553 27.020000000000003 27.02000000000001
9 0.5078867724884154 2.0066381043055106 30.745000000000005 30.745
10 0.49235320139712596 1.9478160030923857 33.0 33.000000000000014
11 0.46853814900581964 1.8691939179337647 34.33499999999997 34.33500000000001
12 0.428842679168333 1.834720540108743 35.20000000000002 35.20000000000004
13 0.3830866522472692 1.8370603015075384 35.85 35.849999999999994
14 0.3534084897705586 1.8311055276381938 36.07000000000001 36.07000000000004
15 0.34822425997425993 1.8237939698492456 36.37500000000003 36.37500000000001
16 0.3485293865293864 1.818792454735993 36.410000000000025 36.410000000000004
17 0.3476051051051046 1.8218592964824103 36.515 36.515
18 0.3487762762762759 1.8172015858185404 36.52500000000002 36.525
19 0.3510257400257401 1.8165450367414968 36.52500000000002 36.524999999999984
20 0.35053260403260367 1.8223869346733705 36.49499999999997 36.495
21 0.3452897897897895 1.8169346733668308 36.690000000000005 36.69000000000001
22 0.3439646074646076 1.8166582914572886 36.75 36.74999999999997
23 0.3424116259116257 1.8167336683417104 36.69 36.68999999999998
24 0.3424890604890603 1.8160804020100487 36.72999999999998 36.730000000000004
25 0.34654075504075493 1.8163065326633172 36.71000000000001 36.709999999999994
26 0.34566108966108966 1.8164824120603038 36.68 36.68
27 0.34212226512226473 1.8162311557788944 36.684999999999995 36.684999999999995
28 0.34255255255255274 1.8161809045226116 36.69000000000002 36.69
29 0.34336786786786794 1.8168090452261298 36.66499999999999 36.66500000000003
30 0.3444107679107679 1.816582914572867 36.71999999999999 36.71999999999999
31 0.34156649506649495 1.8166331658291524 36.70000000000001 36.699999999999996
32 0.3414987129987128 1.8163065326633137 36.735000000000035 36.73499999999999
33 0.34273091578973897 1.8164070351758788 36.679999999999986 36.68
34 0.34151394251394235 1.816331658291458 36.69499999999999 36.69500000000001
35 0.3435973830973832 1.8166080402010027 36.67499999999999 36.67500000000001
36 0.34410467610467566 1.8165075376884423 36.68500000000001 36.68499999999997
37 0.3472072072072068 1.8163316582914555 36.70999999999998 36.71000000000002
38 0.34507893607893586 1.816608040201002 36.68499999999998 36.68499999999999
39 0.34460081510081475 1.817010050251257 36.71 36.70999999999998
40 0.3429009009009007 1.8163819095477354 36.69999999999998 36.70000000000002
41 0.34911132561132546 1.8164070351758808 36.7 36.69999999999999
42 0.3456396396396395 1.8163819095477394 36.72000000000001 36.71999999999999
43 0.34676061776061756 1.816381909547741 36.715000000000025 36.715
44 0.3459847704847705 1.8165829145728691 36.68999999999998 36.69
45 0.34237837837837837 1.816507537688443 36.715000000000025 36.71499999999999
46 0.34101844701844697 1.816532663316586 36.66000000000001 36.65999999999997
47 0.34244723294723295 1.816306532663317 36.71500000000002 36.714999999999996
48 0.3427172887172885 1.8163065326633192 36.69500000000002 36.69499999999999
49 0.3435233805233804 1.8162060301507519 36.72999999999999 36.730000000000025
50 0.3450375375375374 1.8165326633165804 36.655000000000015 36.65499999999998
51 0.3429633204633204 1.8163819095477343 36.700000000000024 36.69999999999999
52 0.34702895752895735 1.8164070351758765 36.71000000000001 36.70999999999997
53 0.3489427284427283 1.8171105527638205 36.67999999999999 36.680000000000014
54 0.34461625911625915 1.8165829145728607 36.710000000000015 36.709999999999994
55 0.34349678249678206 1.8165075376884465 36.68999999999998 36.68999999999998
56 0.34429922779922784 1.816658291457282 36.684999999999995 36.68499999999997
57 0.3470609180609182 1.8166080402010043 36.710000000000015 36.709999999999994
58 0.34157271557271573 1.816557788944724 36.72000000000001 36.71999999999998
59 0.34496074646074637 1.8165577889447244 36.709999999999994 36.710000000000015
60 0.34427348777348754 1.816532663316586 36.654999999999994 36.65499999999999
61 0.3452415272415273 1.816281407035177 36.71999999999999 36.71999999999999
62 0.3466353496353498 1.8168090452261343 36.66999999999999 36.66999999999998
63 0.3456389961389961 1.81618090452261 36.70999999999999 36.71000000000001
64 0.3423013728013727 1.8161306532663284 36.70500000000001 36.705
65 0.34349442299442257 1.8165829145728651 36.675 36.67500000000002
66 0.34300622050622026 1.8164070351758808 36.69500000000001 36.694999999999986
67 0.34623487773487743 1.8165075376884419 36.705000000000005 36.70499999999999
68 0.34678850278850276 1.816080402010051 36.74999999999999 36.75000000000003
69 0.34374495924495924 1.8167336683417075 36.67499999999996 36.67499999999998
70 0.34512870012869973 1.8160552763819096 36.75499999999999 36.75499999999999
