# index clusteringCoefficient averagePathLength inDegreeMean outDegreeMean
1 0.9398052402183008 4.370833865406739 1.7398373983739837 1.7398373983739839
2 0.8060838737905275 4.481628311738531 3.05 3.0500000000000007
3 0.7211744639398975 4.306582911351825 5.124999999999997 5.1249999999999964
4 0.6731938552362926 3.3680840378337615 8.310000000000004 8.309999999999999
5 0.6130127408466322 2.801962244600589 12.059999999999999 12.059999999999997
6 0.5649839805174212 2.481469382906704 16.77 16.77000000000001
7 0.5184555563704438 2.2507125723154715 20.724999999999994 20.724999999999994
8 0.4358162785242286 2.0467822114738965 25.11000000000001 25.11
9 0.38155826362386447 1.910288283522876 28.820000000000004 28.81999999999999
10 0.3613218757403747 1.8562587606781111 31.43500000000001 31.43499999999999
11 0.3529188572865046 1.8511630316531087 32.75999999999999 32.76000000000002
12 0.34501813301078016 1.8426669429622324 33.00999999999999 33.010000000000005
13 0.3419203427136129 1.834482758620685 33.730000000000004 33.73
14 0.3350185043714455 1.8435866199685302 33.80500000000001 33.805
15 0.3426241405653173 1.8479078811141136 33.84500000000002 33.84500000000001
16 0.3343333333333332 1.8356607156384976 34.184999999999995 34.18500000000001
17 0.33437407690348825 1.8332412060301493 34.51499999999998 34.515
18 0.33466004583651604 1.8330904522613103 34.51999999999998 34.52000000000002
19 0.33483906289788656 1.832412060301504 34.53500000000002 34.535
20 0.33515482556659054 1.8339447236180926 34.49999999999998 34.49999999999998
21 0.3284267537736097 1.8279899497487488 34.68 34.67999999999999
22 0.33279017061369975 1.8276633165829124 34.655000000000015 34.654999999999994
23 0.3311242678889736 1.8282914572864322 34.67999999999999 34.680000000000014
24 0.333635854341737 1.8289447236180927 34.65499999999999 34.655
25 0.3326032594856125 1.8283668341708514 34.690000000000005 34.69
26 0.3302813852813851 1.8279899497487444 34.71499999999998 34.715
27 0.33019174942704366 1.827713567839196 34.70999999999998 34.71000000000002
28 0.336460656990069 1.8275628140703526 34.71999999999999 34.71999999999999
29 0.33234886681945497 1.8278391959799003 34.694999999999986 34.695
30 0.3295912910618793 1.8277135678391985 34.72000000000002 34.72
31 0.33159943977591055 1.8271356783919566 34.70999999999999 34.710000000000015
32 0.32625337407690347 1.827437185929649 34.69000000000002 34.69
33 0.32805398523045576 1.8275879396984924 34.7 34.7
34 0.32771072065189716 1.8279396984924645 34.71000000000001 34.710000000000015
35 0.32704329004329014 1.8271105527638194 34.72499999999999 34.724999999999994
36 0.3264873631270693 1.8276130653266347 34.68000000000002 34.679999999999986
37 0.32867252355487636 1.8274874371859327 34.710000000000015 34.71
38 0.3287275273745861 1.8270100502512512 34.715 34.71500000000003
39 0.3307356760886173 1.827060301507537 34.710000000000036 34.710000000000015
40 0.329477973007385 1.8271356783919606 34.70499999999999 34.705000000000005
41 0.32771122994652424 1.8273366834170786 34.69999999999997 34.699999999999974
42 0.3307489177489179 1.827939698492463 34.700000000000024 34.700000000000024
43 0.3288983957219252 1.8272361809045234 34.70000000000002 34.699999999999974
44 0.3280221543162722 1.82806532663316 34.704999999999984 34.705000000000034
45 0.3309549274255156 1.8275628140703482 34.71999999999999 34.72000000000002
46 0.3259406671759614 1.8276884422110558 34.68000000000003 34.68
47 0.33093659281894566 1.8276381909547705 34.73000000000003 34.73
48 0.3284285714285716 1.82748743718593 34.71500000000002 34.71500000000002
49 0.32784899414311214 1.8273366834170854 34.709999999999994 34.710000000000015
50 0.3271156098803158 1.8274120603015098 34.70499999999999 34.70500000000001
51 0.3284545454545454 1.8276381909547705 34.694999999999986 34.694999999999986
52 0.33048382989559466 1.8276884422110609 34.655 34.65499999999999
53 0.32846982429335353 1.8272110552763818 34.709999999999994 34.710000000000015
54 0.3278981410746116 1.8274874371859282 34.694999999999986 34.695
55 0.3317685255920547 1.8277889447236173 34.69500000000001 34.695
56 0.3292075375604787 1.8281407035175878 34.68000000000002 34.680000000000014
57 0.33054927425515673 1.8276130653266296 34.645 34.644999999999996
58 0.3274171122994653 1.8278643216080388 34.690000000000026 34.69000000000001
59 0.32908225108225075 1.8276884422110553 34.68500000000002 34.68499999999998
60 0.32910516934046363 1.8283668341708557 34.67000000000001 34.67
61 0.3320565317035906 1.8280150753768838 34.65500000000001 34.655
62 0.33195034377387317 1.827261306532665 34.709999999999994 34.709999999999994
63 0.3277028265851795 1.8277889447236229 34.67499999999997 34.675000000000026
64 0.3270257193786604 1.8274120603015094 34.70499999999999 34.70499999999999
65 0.33024675324675357 1.8279899497487444 34.74499999999998 34.745000000000005
66 0.331901960784314 1.8282412060301494 34.709999999999994 34.71000000000001
67 0.3295902724726252 1.8275879396984962 34.700000000000024 34.699999999999974
68 0.328707410236822 1.8280402010050285 34.74499999999999 34.74500000000001
69 0.3310310669722435 1.8280653266331677 34.69 34.68999999999998
70 0.32770741023682226 1.8272864321608027 34.684999999999995 34.68499999999999
