# index clusteringCoefficient averagePathLength inDegreeMean outDegreeMean
1 0.921665903153065 4.365098415746536 1.7967479674796747 1.796747967479675
2 0.814271100383686 4.358605043790266 3.1649999999999996 3.1650000000000014
3 0.7008892330056766 3.5699617475337186 5.164999999999997 5.165000000000001
4 0.620953303536649 3.2031432748538085 8.549999999999997 8.549999999999999
5 0.5733270891232285 2.6519057815845812 13.63 13.629999999999994
6 0.48957172410610417 2.2470537879868533 18.61499999999999 18.615000000000002
7 0.40833143514108294 2.040474587680932 23.57500000000001 23.575000000000014
8 0.36966692321134853 1.9017090500096006 28.010000000000005 28.009999999999987
9 0.3673349828821262 1.8998403517495854 30.524999999999995 30.524999999999995
10 0.3669131186881673 1.8748388793897162 31.564999999999984 31.56499999999999
11 0.3445123226446756 1.8700425202937758 32.329999999999984 32.329999999999984
12 0.33743176792248003 1.8424119978242257 32.875000000000014 32.87500000000002
13 0.3363084347330566 1.8374359105170508 33.634999999999984 33.635000000000026
14 0.3342026355996943 1.8354905842343066 34.05999999999999 34.06
15 0.33109388868212397 1.8288411755748435 34.18000000000002 34.18000000000002
16 0.33193582887700507 1.827756874826397 34.555 34.55500000000001
17 0.32799643493761144 1.8281155778894487 34.71000000000001 34.709999999999994
18 0.33076012223071044 1.828241206030153 34.684999999999974 34.684999999999995
19 0.33011331805449456 1.8280904522613046 34.69000000000002 34.69
20 0.33069773363891014 1.8278894472361802 34.66999999999999 34.66999999999998
21 0.3254578558696204 1.8279145728643216 34.664999999999985 34.66499999999997
22 0.32764884135472383 1.8274874371859249 34.69000000000001 34.69000000000003
23 0.3285772854596386 1.827135678391962 34.71000000000001 34.710000000000015
24 0.33092589763178004 1.8278140703517567 34.73000000000002 34.72999999999999
25 0.3306681945505477 1.8282663316582863 34.67999999999999 34.67999999999998
26 0.32837127578304054 1.8272613065326662 34.750000000000014 34.75
27 0.32981563534504693 1.827663316582914 34.715 34.715
28 0.3329248790425258 1.827914572864318 34.650000000000006 34.650000000000034
29 0.32669595110771593 1.8274371859296474 34.679999999999964 34.67999999999999
30 0.3277817354214413 1.8271356783919628 34.705 34.70500000000003
31 0.3289121466768528 1.8278643216080328 34.710000000000036 34.71
32 0.32645148968678384 1.8275125628140745 34.70000000000002 34.70000000000001
33 0.3272798573975042 1.8278643216080388 34.69 34.689999999999976
34 0.3291451489686784 1.8273618090452275 34.74 34.74
35 0.32845416348357553 1.8282914572864304 34.709999999999994 34.710000000000015
36 0.3288940667175961 1.8276884422110564 34.725 34.72500000000002
37 0.3294647313470843 1.8281658291457294 34.675 34.675
38 0.3246534250063663 1.8274874371859275 34.69999999999999 34.7
39 0.327498090145149 1.8276633165829128 34.665000000000006 34.66499999999998
40 0.325073593073593 1.8269849246231171 34.74499999999999 34.74500000000002
41 0.32726941685765243 1.8275125628140696 34.690000000000026 34.68999999999999
42 0.3279559460147695 1.8275879396984984 34.669999999999995 34.669999999999966
43 0.32820091673032864 1.8275879396984924 34.700000000000024 34.699999999999996
44 0.3247741278329517 1.8271859296482433 34.70000000000001 34.69999999999999
45 0.3257438248026482 1.8273869346733693 34.67999999999997 34.68
46 0.3273595620066206 1.827638190954776 34.69500000000002 34.695000000000036
47 0.32756491914947783 1.8279899497487404 34.690000000000005 34.690000000000005
48 0.329989050165521 1.8273115577889425 34.69499999999997 34.69500000000001
49 0.3290112044817933 1.8277638190954777 34.640000000000015 34.63999999999995
50 0.32706748153806975 1.8273115577889447 34.66500000000002 34.66499999999998
51 0.3283924115100589 1.8272613065326662 34.705000000000034 34.705
52 0.32326024955436766 1.827236180904522 34.68500000000004 34.68499999999996
53 0.3280623885918005 1.8282663316582886 34.65499999999998 34.654999999999994
54 0.3280873440285207 1.8273115577889463 34.710000000000015 34.71
55 0.3298029029793737 1.8276633165829201 34.664999999999985 34.66499999999998
56 0.3276867838044311 1.82685929648241 34.67000000000003 34.669999999999995
57 0.32831270690094216 1.8269597989949766 34.69000000000003 34.69
58 0.3263228927934809 1.8267336683417108 34.71 34.710000000000015
59 0.3222268907563026 1.8276130653266338 34.69999999999999 34.7
60 0.3232796027501907 1.8269597989949777 34.70999999999998 34.710000000000015
61 0.32631550802139037 1.8270603015075362 34.699999999999996 34.7
62 0.3249770817417879 1.8269849246231151 34.73000000000001 34.730000000000004
63 0.32429055258467016 1.8265577889447233 34.730000000000004 34.730000000000004
64 0.32693099057804953 1.8274874371859327 34.66500000000002 34.66499999999999
65 0.33131958237840614 1.8283919597989935 34.66999999999999 34.67000000000003
66 0.33073593073593066 1.8280150753768838 34.70499999999999 34.705000000000005
67 0.3312373312961547 1.8278894472361824 34.704999999999956 34.705
68 0.32699999999999974 1.827839195979901 34.70000000000001 34.699999999999996
69 0.3236872930990578 1.8273618090452246 34.68000000000001 34.679999999999964
70 0.32909167303284953 1.8279648241205957 34.684999999999995 34.68499999999996
