# index clusteringCoefficient averagePathLength inDegreeMean outDegreeMean
1 0.91468249325055 4.486077186126045 1.691056910569106 1.6910569105691062
2 0.8228334472558856 4.173452242471219 2.940000000000001 2.94
3 0.7130840897832885 3.6177345620782217 4.980000000000002 4.979999999999998
4 0.6941314987766163 3.824906065485774 7.989999999999998 7.989999999999999
5 0.6420182174416544 3.1668856383755277 11.26 11.259999999999994
6 0.5644078297344525 2.494091988294396 16.19500000000001 16.195000000000004
7 0.42445530895567046 2.138561948715136 20.60000000000001 20.599999999999994
8 0.36244096367232587 2.021774974482448 24.434999999999985 24.435000000000013
9 0.3265106982642413 1.9227308602999218 26.685000000000006 26.685000000000006
10 0.31474217370817853 1.884917242987022 28.595000000000006 28.595000000000006
11 0.31357204766650393 1.870767407101998 29.409999999999993 29.41
12 0.3116487300704485 1.869933423462491 29.79999999999999 29.799999999999994
13 0.3061550351761696 1.8652559278806102 30.300000000000004 30.3
14 0.2974182424916576 1.860786343779196 30.41999999999998 30.419999999999984
15 0.29919243604004436 1.8588166965480661 30.394999999999996 30.394999999999996
16 0.299194289951798 1.8580843918082888 30.41500000000001 30.415000000000013
17 0.29713718946978096 1.853261281280775 30.569999999999986 30.57
18 0.2958635520949201 1.8534422110552753 30.690000000000012 30.690000000000005
19 0.29451009057683153 1.8530402010050266 30.634999999999984 30.635
20 0.2926106785317018 1.8533919597989978 30.64999999999999 30.650000000000016
21 0.29380459770114953 1.8532663316582936 30.700000000000003 30.700000000000003
22 0.29097997775305895 1.8539447236180913 30.694999999999997 30.694999999999993
23 0.2914612532443455 1.854447236180906 30.69999999999999 30.7
24 0.29625027808676324 1.8539447236180904 30.684999999999995 30.684999999999995
25 0.2928235076010384 1.8546231155778923 30.744999999999987 30.745000000000008
26 0.296467927326659 1.8538693467336684 30.680000000000003 30.680000000000025
27 0.2940841675936227 1.8530150753768821 30.685000000000013 30.68499999999999
28 0.294066740823137 1.8532412060301515 30.70999999999999 30.709999999999997
29 0.2957838338895068 1.8533668341708558 30.689999999999994 30.689999999999998
30 0.2940641453466817 1.852738693467337 30.74 30.740000000000002
31 0.2914942528735633 1.851758793969853 30.709999999999994 30.71
32 0.28959213941416373 1.8524120603015068 30.700000000000006 30.70000000000001
33 0.2907816091954019 1.8507788944723578 30.70999999999999 30.71
34 0.2880325758779594 1.8520603015075374 30.644999999999982 30.645000000000007
35 0.29274527252502786 1.8524120603015068 30.694999999999993 30.695
36 0.29259288097886527 1.852537688442209 30.64500000000001 30.645
37 0.2918083055246571 1.851683417085426 30.70500000000001 30.705
38 0.29088097886540604 1.8528140703517582 30.705000000000013 30.705
39 0.2912102335928808 1.852437185929649 30.705 30.705
40 0.29331219873934017 1.8527889447236177 30.694999999999997 30.695000000000004
41 0.2932135706340378 1.851959798994975 30.70000000000001 30.7
42 0.29023248053392664 1.8529396984924587 30.674999999999986 30.675000000000004
43 0.29223581757508343 1.8518090452261307 30.709999999999994 30.709999999999976
44 0.2922343344456803 1.8527135678391953 30.695000000000004 30.695
45 0.2936651835372638 1.8523618090452272 30.674999999999994 30.674999999999997
46 0.2915539488320356 1.8532663316582922 30.610000000000003 30.610000000000003
47 0.29716017797552824 1.8528140703517588 30.695000000000018 30.695000000000007
48 0.2923173896922505 1.8528391959798987 30.66000000000001 30.65999999999999
49 0.2925294771968853 1.8540954773869296 30.675000000000026 30.67500000000001
50 0.2914152762328519 1.8527135678391937 30.720000000000006 30.719999999999995
51 0.29301853911753795 1.8526884422110539 30.730000000000008 30.72999999999999
52 0.29056766777901344 1.8521356783919563 30.685000000000006 30.684999999999995
53 0.2890304041527624 1.8523869346733675 30.69000000000001 30.690000000000005
54 0.2918453837597331 1.852211055276381 30.70499999999999 30.704999999999988
55 0.29206488691138316 1.8516331658291494 30.694999999999993 30.694999999999997
56 0.2930033370411568 1.8516331658291454 30.730000000000004 30.729999999999997
57 0.29118650352243236 1.851834170854271 30.700000000000014 30.700000000000006
58 0.29121060437523183 1.8525125628140704 30.739999999999995 30.740000000000002
59 0.29297478680014843 1.8534422110552775 30.694999999999993 30.69500000000001
60 0.29073711531331137 1.8520100502512555 30.67 30.670000000000005
61 0.293938450129774 1.8516834170854308 30.685 30.685000000000024
62 0.29304783092324826 1.853291457286433 30.699999999999992 30.7
63 0.2989810901001113 1.8532160804020121 30.684999999999985 30.684999999999995
64 0.2959480904708936 1.8531658291457294 30.71 30.70999999999999
65 0.295584352984798 1.8532663316582922 30.75000000000001 30.75
66 0.29601446051167984 1.8535678391959791 30.74 30.739999999999995
67 0.29590044493882073 1.8522864321608048 30.704999999999984 30.704999999999995
68 0.2954568038561364 1.852738693467336 30.71999999999999 30.72
69 0.2934149054505006 1.8518844221105495 30.695000000000004 30.694999999999997
70 0.2909770114942529 1.8521608040201005 30.68999999999999 30.69
