# index clusteringCoefficient averagePathLength inDegreeMean outDegreeMean
1 0.9236400004692688 4.405255179383517 1.8130081300813017 1.8130081300813012
2 0.8202494191445036 4.833612147728775 3.315000000000001 3.3150000000000013
3 0.6999626396948382 3.649269857900599 5.455 5.455
4 0.6567179136843195 3.230745478606082 8.745000000000003 8.745000000000005
5 0.619307165449075 2.912684815026328 12.19 12.190000000000001
6 0.5374801691654111 2.4356689821805966 16.74999999999999 16.749999999999996
7 0.4885845978961488 2.1878498293515265 21.974999999999998 21.975000000000005
8 0.41322971407743014 1.9992634680134702 26.695000000000004 26.69500000000001
9 0.36952133489265543 1.9088278619528627 29.880000000000006 29.879999999999995
10 0.3655894846722712 1.8686156088925927 32.139999999999986 32.139999999999986
11 0.35856832981699815 1.8501067319206548 33.22999999999999 33.230000000000025
12 0.36053231854145146 1.8415421460925716 33.88000000000002 33.88
13 0.35763445378151276 1.8544545571080624 34.130000000000024 34.12999999999999
14 0.34957609710550874 1.8443492975079434 34.28499999999999 34.28499999999996
15 0.34981092436974803 1.847027013238785 34.32000000000002 34.319999999999986
16 0.34631419234360367 1.8408029997704232 34.43500000000001 34.43499999999999
17 0.3463309990662931 1.839042930387976 34.519999999999996 34.52000000000001
18 0.3485643325841535 1.8382823206943826 34.779999999999994 34.779999999999994
19 0.3445194211017741 1.833764783513531 34.90500000000002 34.90499999999999
20 0.344967787114846 1.8328511243084122 34.95500000000001 34.955000000000005
21 0.3400964734611794 1.827216892543528 35.12 35.12000000000001
22 0.34050577200577165 1.8283629201282818 35.34499999999999 35.345
23 0.33704411764705855 1.8280150753768856 35.464999999999975 35.464999999999996
24 0.3351956115779646 1.8220100502512542 35.694999999999986 35.69500000000001
25 0.3338183940242763 1.8214824120603015 35.71 35.71000000000002
26 0.33391503267973854 1.8216582914572867 35.72500000000001 35.72499999999997
27 0.33635994397759084 1.8213819095477346 35.72499999999999 35.725
28 0.3327180205415498 1.8217839195979888 35.71499999999999 35.715000000000025
29 0.3360630252100838 1.8217085427135677 35.684999999999995 35.68499999999998
30 0.3343720821661998 1.8215829145728593 35.679999999999986 35.679999999999986
31 0.3315518207282914 1.821959798994974 35.665 35.665
32 0.3334299719887954 1.8218844221105535 35.67999999999999 35.67999999999999
33 0.334802054154995 1.8216834170854308 35.71 35.71
34 0.33463912231559284 1.8216582914572834 35.68500000000003 35.68499999999998
35 0.3313015873015872 1.8216331658291494 35.67000000000003 35.66999999999997
36 0.33717880485527524 1.821432160804021 35.705000000000034 35.704999999999984
37 0.33540382819794595 1.8222613065326618 35.694999999999965 35.695
38 0.3348613445378149 1.8223366834170824 35.714999999999996 35.71500000000002
39 0.33353081232493 1.822060301507537 35.715000000000025 35.714999999999996
40 0.33468487394957974 1.8224874371859303 35.67 35.67000000000001
41 0.33766713352007477 1.8226884422110596 35.70000000000001 35.699999999999996
42 0.33721475256769373 1.8221356783919593 35.68999999999998 35.69
43 0.3341535947712418 1.8219597989949734 35.680000000000014 35.68
44 0.33514939309056935 1.8220854271356732 35.68999999999999 35.68999999999999
45 0.33465779645191396 1.82163316582915 35.70999999999997 35.71
46 0.335216619981326 1.8220854271356726 35.690000000000005 35.68999999999999
47 0.3324813258636787 1.8214572864321634 35.739999999999995 35.739999999999974
48 0.3364621848739493 1.8219095477386957 35.69499999999997 35.69499999999996
49 0.33842950513538733 1.8217085427135675 35.71000000000001 35.71
50 0.33824463118580766 1.8220854271356794 35.69999999999997 35.69999999999998
51 0.33500326797385627 1.8217839195979906 35.73999999999999 35.73999999999997
52 0.3322945845004666 1.82178391959799 35.70000000000001 35.7
53 0.34028898225957027 1.8218592964824076 35.729999999999976 35.729999999999976
54 0.33090756302521 1.8216834170854264 35.70999999999997 35.71000000000001
55 0.3296335200746963 1.8216582914572865 35.67499999999997 35.67500000000001
56 0.33441363211951447 1.8214321608040194 35.699999999999996 35.699999999999974
57 0.3340214752567691 1.821834170854273 35.705 35.70500000000001
58 0.33319421101774055 1.8213316582914587 35.705000000000034 35.70499999999999
59 0.33445004668534073 1.8215075376884415 35.69499999999998 35.69499999999999
60 0.33544817927170867 1.8217839195979921 35.69 35.68999999999998
61 0.334901960784314 1.8216331658291425 35.71000000000003 35.71
62 0.33773015873015844 1.8220100502512548 35.69999999999995 35.69999999999999
63 0.33384827264239014 1.8217587939698514 35.67000000000002 35.67
64 0.3368183940242765 1.821683417085425 35.68000000000001 35.68000000000001
65 0.3326453187335538 1.8223366834170829 35.68499999999996 35.68499999999999
66 0.3340060690943041 1.8218341708542691 35.714999999999996 35.714999999999996
67 0.33500140056022387 1.8214321608040187 35.72 35.71999999999999
68 0.33394444444444416 1.8220351758793962 35.710000000000015 35.71000000000002
69 0.33271335200746954 1.8216080402010006 35.68999999999999 35.69
70 0.33754341736694665 1.821683417085427 35.71999999999998 35.72
