# index clusteringCoefficient averagePathLength inDegreeMean outDegreeMean
1 0.9051120452297914 5.180867984548953 1.7154471544715442 1.7154471544715453
2 0.8058566751165861 4.08558512277818 3.010000000000001 3.0100000000000033
3 0.7229496741010341 3.518687110685199 5.044999999999999 5.0449999999999955
4 0.6774485132592689 3.619560971799077 7.990000000000002 7.989999999999999
5 0.6088930635121989 3.0132569958973607 11.904999999999996 11.905000000000003
6 0.5770726749713851 2.4879007951316088 15.954999999999986 15.955000000000002
7 0.513422163935181 2.218668496911462 20.21500000000001 20.215000000000007
8 0.43087967827648815 2.055537352555697 23.244999999999994 23.245000000000008
9 0.35873568420758345 1.94137717954918 25.784999999999997 25.785000000000004
10 0.33719184529158347 1.9229514665263718 26.980000000000004 26.98000000000001
11 0.32301720310559967 1.8957188464960502 27.885000000000012 27.884999999999998
12 0.3212515051997811 1.8942024835342206 28.215000000000003 28.215000000000007
13 0.3122351760627627 1.8801113086496097 28.81499999999999 28.815000000000005
14 0.3045706075533664 1.889345718491448 28.939999999999998 28.940000000000015
15 0.2962814267469442 1.875861720663621 29.254999999999992 29.255
16 0.29458305966064574 1.8730082573672366 29.260000000000005 29.259999999999984
17 0.29588328262339414 1.875226130653264 29.370000000000005 29.370000000000005
18 0.29845155993431854 1.8686649327037188 29.314999999999987 29.31500000000001
19 0.2909819376026273 1.8719597989949728 29.405 29.404999999999994
20 0.2936699507389165 1.8661649958334396 29.445000000000007 29.445
21 0.2930303776683089 1.8714824120603004 29.36 29.359999999999996
22 0.2919170771756979 1.8709547738693488 29.375000000000007 29.375000000000014
23 0.2915977011494257 1.8698743718592987 29.439999999999987 29.44
24 0.28601231527093596 1.8699999999999986 29.43 29.430000000000003
25 0.29049096880131353 1.8647256382414585 29.419999999999973 29.419999999999998
26 0.287696050471005 1.866055276381911 29.49500000000001 29.494999999999997
27 0.28497492293953286 1.865427135678392 29.460000000000004 29.46000000000001
28 0.2872602627257798 1.8641959798994954 29.565000000000012 29.565
29 0.2850870279146138 1.8657788944723608 29.515 29.51499999999998
30 0.2808719643937429 1.8594974874371888 29.674999999999994 29.675
31 0.2850443349753695 1.859522613065327 29.69500000000001 29.694999999999993
32 0.285595238095238 1.86005025125628 29.68000000000001 29.680000000000007
33 0.28456650246305415 1.8600502512562829 29.68000000000001 29.680000000000014
34 0.2825114942528737 1.8595226130653266 29.67499999999999 29.675
35 0.2841978653530375 1.8584422110552772 29.730000000000015 29.729999999999993
36 0.2823366174055829 1.858718592964821 29.679999999999993 29.680000000000003
37 0.2824860426929393 1.8594472361809071 29.679999999999996 29.679999999999996
38 0.281679802955665 1.8599497487437158 29.670000000000012 29.67
39 0.28216584564860453 1.8587437185929674 29.72 29.720000000000002
40 0.28290968801313615 1.8585678391959792 29.67499999999999 29.675000000000008
41 0.2842019704433495 1.8588442211055283 29.714999999999996 29.714999999999996
42 0.2838472906403943 1.8595728643216103 29.694999999999983 29.694999999999997
43 0.28596551724137936 1.8595979899497472 29.680000000000007 29.68000000000002
44 0.2836395730706077 1.8592211055276389 29.70500000000001 29.705
45 0.2813201970443347 1.8590703517587954 29.700000000000017 29.70000000000001
46 0.28263382594417075 1.8597487437185916 29.714999999999986 29.715000000000003
47 0.28569211822660107 1.8592713567839232 29.709999999999987 29.71000000000001
48 0.2833062397372739 1.8603768844221087 29.674999999999994 29.675000000000004
49 0.28386206896551724 1.8601507537688449 29.695 29.695
50 0.286704433497537 1.8599999999999985 29.695 29.694999999999997
51 0.2861124794745489 1.8601005025125599 29.645000000000003 29.644999999999996
52 0.28456321839080473 1.8599748743718572 29.675 29.67500000000001
53 0.28314449917898193 1.859145728643216 29.660000000000007 29.660000000000018
54 0.28223024995438795 1.8596984924623101 29.664999999999992 29.665000000000006
55 0.2839302134646962 1.8587688442211048 29.67500000000001 29.675000000000004
56 0.2830615763546799 1.858668341708542 29.685000000000002 29.685000000000002
57 0.2814761904761906 1.8590452261306536 29.689999999999998 29.689999999999998
58 0.2841650246305418 1.8583919597989935 29.684999999999985 29.685
59 0.2819917898193759 1.8586432160804016 29.70499999999999 29.70500000000001
60 0.2828596059113302 1.8594221105527624 29.70000000000002 29.700000000000017
61 0.28572085385878493 1.8587939698492433 29.71 29.710000000000008
62 0.28391050903119885 1.8593718592964794 29.724999999999994 29.725000000000005
63 0.28304105090311976 1.859874371859299 29.669999999999998 29.67
64 0.2845566502463057 1.8597487437185973 29.680000000000007 29.679999999999996
65 0.2795730706075533 1.8584170854271331 29.700000000000006 29.700000000000006
66 0.283773399014778 1.8595226130653266 29.660000000000007 29.659999999999997
67 0.28603694581280786 1.8594974874371866 29.679999999999986 29.68
68 0.2836313628899838 1.8596231155778917 29.674999999999986 29.675000000000004
69 0.2847284254698049 1.858919597989949 29.68 29.680000000000007
70 0.2825123152709358 1.8593216080402017 29.684999999999985 29.685000000000002
