# index clusteringCoefficient averagePathLength inDegreeMean outDegreeMean
1 0.9307781649245064 4.25424345295828 1.813008130081302 1.813008130081301
2 0.8215118276460385 4.545981628304983 3.240000000000001 3.239999999999999
3 0.7235433810701946 3.3946920972869035 5.249999999999999 5.250000000000001
4 0.6705966252833018 3.214367393612679 8.65 8.650000000000007
5 0.5971163103346074 2.787215909090908 12.205000000000004 12.205000000000007
6 0.5515490815181642 2.416529715839486 16.455000000000013 16.454999999999995
7 0.47540169617844114 2.149241316008394 21.155000000000015 21.154999999999994
8 0.4045884515832874 1.968381389252948 26.475000000000012 26.47499999999999
9 0.3771858372527892 1.8890321222803925 30.564999999999994 30.565
10 0.3663148082042618 1.8511707418151708 33.16999999999999 33.17
11 0.36423746326480244 1.8403801093465235 33.77 33.76999999999998
12 0.3590881504116801 1.8441009075526849 34.240000000000016 34.23999999999999
13 0.3602865206688735 1.8374400571370253 34.684999999999974 34.68500000000001
14 0.35598412698412674 1.8288168183566191 34.81500000000001 34.815
15 0.35170002546473106 1.8285379042954808 34.98 34.98000000000003
16 0.34812252779899827 1.8333122900936867 35.175000000000004 35.175000000000026
17 0.3478501400560222 1.8279021369473616 35.14 35.14000000000001
18 0.3470667600373482 1.8266962955480974 35.35499999999999 35.355000000000004
19 0.3400331465919699 1.822782252973412 35.499999999999986 35.50000000000001
20 0.33923622782446317 1.8218592964824176 35.7 35.69999999999999
21 0.3464803921568624 1.8222110552763802 35.68500000000001 35.68499999999999
22 0.34552380952380923 1.822336683417084 35.74499999999997 35.74500000000001
23 0.339016806722689 1.8227135678391981 35.64500000000001 35.64499999999997
24 0.339948815889992 1.8219095477386913 35.67 35.66999999999997
25 0.3432647058823527 1.8227386934673326 35.694999999999986 35.695
26 0.34076097105508873 1.8226381909547746 35.69499999999999 35.694999999999965
27 0.3377945845004667 1.8223115577889466 35.699999999999996 35.7
28 0.3374626517273576 1.8220603015075414 35.72 35.71999999999999
29 0.3386059757236227 1.8220603015075392 35.68000000000001 35.67999999999999
30 0.3386316526610644 1.8226884422110596 35.66500000000001 35.665
31 0.3402133520074696 1.822864321608042 35.705000000000005 35.704999999999984
32 0.3433804855275445 1.822587939698491 35.720000000000006 35.71999999999999
33 0.3447287581699344 1.8224120603015068 35.71500000000001 35.715000000000025
34 0.33972268907562997 1.8219095477386942 35.73500000000003 35.735
35 0.33290429505135355 1.8221859296482412 35.725000000000016 35.72499999999998
36 0.3414808590102703 1.8223869346733697 35.705000000000005 35.705
37 0.3416872082166197 1.822160804020099 35.70000000000002 35.69999999999999
38 0.33969374416433235 1.8221859296482459 35.70000000000002 35.699999999999996
39 0.3374491129785247 1.8222613065326634 35.69499999999999 35.694999999999965
40 0.33984547152194206 1.8223869346733712 35.685 35.68499999999998
41 0.33819421101774033 1.8218592964824105 35.67499999999997 35.675
42 0.3413795518207281 1.8226633165829145 35.67 35.670000000000016
43 0.3388411000763941 1.8225628140703485 35.714999999999996 35.715
44 0.3359169000933704 1.8225628140703485 35.70499999999998 35.704999999999984
45 0.33755508870214757 1.8218592964824114 35.735 35.73499999999999
46 0.3377502334267038 1.8216582914572856 35.69499999999999 35.694999999999986
47 0.3405436720142603 1.8221859296482428 35.72000000000003 35.71999999999999
48 0.3380933706816059 1.822060301507537 35.71999999999997 35.71999999999998
49 0.33778711484593843 1.8220603015075414 35.72 35.72
50 0.33974743230625565 1.822361809045226 35.73499999999999 35.73499999999999
51 0.33827077497665725 1.8225125628140704 35.72000000000002 35.72
52 0.34108636788048535 1.8221356783919591 35.715 35.715
53 0.34087462863933415 1.82248743718593 35.640000000000015 35.63999999999995
54 0.33768020541549937 1.8220603015075376 35.69000000000001 35.68999999999998
55 0.3385550887021477 1.8219597989949712 35.65499999999999 35.65499999999998
56 0.3370427807486628 1.8220603015075347 35.685000000000045 35.68500000000001
57 0.3427549019607843 1.8222361809045262 35.64500000000002 35.64499999999998
58 0.33892250233426685 1.8220854271356812 35.68999999999999 35.69
59 0.33958870214752573 1.8223115577889426 35.66 35.660000000000004
60 0.33757550292844407 1.8218341708542707 35.67000000000001 35.67000000000003
61 0.3425448179271704 1.8213819095477402 35.73499999999999 35.73499999999999
62 0.337844537815126 1.821859296482412 35.67500000000002 35.67499999999998
63 0.3363440709617179 1.8218592964824136 35.71 35.709999999999994
64 0.3368090569561156 1.8214321608040205 35.730000000000004 35.72999999999998
65 0.33882446311858055 1.8225879396984899 35.65999999999999 35.65999999999999
66 0.3373314659197013 1.8218592964824114 35.67499999999998 35.67499999999999
67 0.3389042950513538 1.8218592964824136 35.714999999999975 35.714999999999996
68 0.34165919701213765 1.8219346733668365 35.67500000000001 35.675
69 0.3394145658263302 1.822160804020097 35.70000000000001 35.70000000000002
70 0.3395770308123249 1.8230904522613058 35.69499999999998 35.695
