# index clusteringCoefficient averagePathLength inDegreeMean outDegreeMean
1 0.9400507709791738 4.775845173934333 1.6829268292682933 1.6829268292682924
2 0.8195729365738182 4.178355155482789 2.9999999999999987 3.0
3 0.7134182986345631 3.570478541066777 4.884999999999996 4.885000000000001
4 0.6450470519013805 3.585715324750892 7.605000000000001 7.605000000000002
5 0.5957991711636133 2.8885241681148113 11.159999999999995 11.160000000000002
6 0.523135474054162 2.426912131947271 15.5 15.5
7 0.4322117226620418 2.147227106533826 20.124999999999996 20.125000000000004
8 0.4002123066077701 1.9624874399910697 24.485000000000003 24.484999999999996
9 0.3472962170693733 1.928620543742727 27.495000000000022 27.494999999999994
10 0.3300275107607846 1.8951294197702127 28.765 28.765
11 0.3256723012341759 1.8827812532047987 29.999999999999996 29.99999999999999
12 0.3225748236978074 1.8722291661352455 30.434999999999988 30.43499999999999
13 0.3189992547723362 1.8707608393727435 30.799999999999994 30.799999999999986
14 0.31262186670856035 1.8683417085427099 31.02 31.02000000000001
15 0.3062599398614478 1.8584379182343895 31.144999999999992 31.14499999999999
16 0.3083368794891406 1.8582412060301496 31.349999999999994 31.349999999999994
17 0.30517200508983056 1.852462311557789 31.515000000000008 31.515
18 0.30592876344086 1.8514572864321603 31.56500000000001 31.565000000000005
19 0.30835954301075263 1.852537688442209 31.520000000000003 31.520000000000007
20 0.3049583333333334 1.8509547738693468 31.52999999999999 31.530000000000005
21 0.3007049731182796 1.8507537688442188 31.524999999999984 31.525
22 0.30451545698924753 1.8447487437185923 31.699999999999996 31.700000000000006
23 0.29864919354838704 1.8444221105527627 31.725 31.724999999999994
24 0.29847647849462383 1.8443216080402047 31.695000000000004 31.694999999999997
25 0.29865524193548404 1.8450251256281383 31.7 31.699999999999996
26 0.2981081989247312 1.8445979899497509 31.71000000000001 31.71
27 0.3008676075268813 1.845075376884425 31.685000000000002 31.68499999999999
28 0.3009831989247312 1.8445226130653256 31.690000000000012 31.689999999999994
29 0.30106854838709673 1.8443216080402018 31.719999999999988 31.719999999999988
30 0.3021579301075268 1.8459045226130646 31.720000000000006 31.72
31 0.30033198924731186 1.8453266331658291 31.710000000000004 31.71
32 0.2988797043010751 1.8448492462311588 31.699999999999996 31.700000000000014
33 0.3017661290322579 1.8448492462311594 31.695 31.694999999999997
34 0.2992400352243236 1.8454522613065392 31.674999999999997 31.675
35 0.30138373655913975 1.8452261306532642 31.72499999999999 31.725000000000012
36 0.2984280913978497 1.844773869346733 31.734999999999996 31.735000000000014
37 0.3020833333333334 1.8452763819095488 31.709999999999983 31.709999999999987
38 0.30399865591397845 1.8452010050251253 31.71499999999999 31.715000000000003
39 0.3028407258064515 1.8463065326633195 31.654999999999998 31.654999999999994
40 0.2994842417500928 1.8455025125628097 31.685000000000013 31.685000000000006
41 0.3011774193548387 1.846055276381908 31.695 31.694999999999997
42 0.29950268817204306 1.8464572864321611 31.67000000000001 31.669999999999987
43 0.2994905913978497 1.8447738693467333 31.72000000000001 31.71999999999999
44 0.29901680107526885 1.8462562814070351 31.665 31.665000000000003
45 0.3039126344086022 1.8456281407035187 31.674999999999997 31.675
46 0.30543615591397855 1.8456532663316612 31.704999999999995 31.705
47 0.3028575268817204 1.8459547738693474 31.725 31.72500000000001
48 0.2984186827956989 1.8458291457286475 31.680000000000007 31.679999999999996
49 0.2980544354838712 1.8453266331658291 31.69500000000001 31.69499999999999
50 0.3006034946236557 1.8460804020100539 31.695000000000004 31.695
51 0.30026209677419335 1.8446733668341724 31.71000000000002 31.70999999999999
52 0.3022009408602151 1.845326633165832 31.684999999999988 31.685000000000002
53 0.3024374999999999 1.8448241206030174 31.705 31.70500000000001
54 0.30244556451612925 1.8444974874371889 31.695000000000007 31.694999999999997
55 0.30577755376344046 1.8451005025125602 31.714999999999993 31.714999999999996
56 0.301695564516129 1.8447989949748773 31.72000000000001 31.720000000000006
57 0.30029032258064486 1.8446231155778894 31.689999999999994 31.69
58 0.30144690860215023 1.8451005025125629 31.74 31.74
59 0.30131384408602147 1.8447989949748778 31.70500000000001 31.705
60 0.30069018817204285 1.8455276381909578 31.699999999999996 31.7
61 0.30212903225806453 1.8454271356783931 31.680000000000007 31.68
62 0.29981989247311847 1.844723618090458 31.67500000000001 31.674999999999994
63 0.30526290786058546 1.8456030150753784 31.665000000000003 31.665000000000003
64 0.2997506720430109 1.845728643216081 31.670000000000005 31.670000000000005
65 0.3019932795698923 1.8460552763819098 31.714999999999996 31.714999999999996
66 0.30273991935483857 1.84668341708543 31.695000000000004 31.69499999999999
67 0.3050060483870969 1.8463316582914588 31.699999999999985 31.700000000000006
68 0.3058138440860214 1.8461055276381917 31.685000000000006 31.685
69 0.30233400537634414 1.8461055276381921 31.710000000000004 31.709999999999997
70 0.30627889784946233 1.8458793969849228 31.72500000000001 31.724999999999998
