# index clusteringCoefficient averagePathLength inDegreeMean outDegreeMean
1 0.9296476550708975 4.78526515600901 1.7804878048780486 1.7804878048780495
2 0.8141089295443047 3.9650770712909726 3.094999999999999 3.095000000000001
3 0.7122691993097982 3.6270767849124357 5.459999999999999 5.459999999999999
4 0.6714440142163893 3.06300658277731 8.589999999999996 8.59
5 0.6423133010709301 2.791965407642845 11.959999999999996 11.960000000000006
6 0.5931643605933944 2.5517635340988996 16.234999999999992 16.235000000000007
7 0.5070274955062795 2.2287603770930207 20.33999999999999 20.339999999999993
8 0.42397077413069695 2.0017911116086395 25.104999999999997 25.10499999999999
9 0.39556897585133327 1.9703162638899674 28.064999999999987 28.065
10 0.36772653009272505 1.9030021904393764 30.095 30.09500000000001
11 0.3472268049138127 1.8578275995361393 31.745000000000005 31.745
12 0.33660925327918684 1.8428295322767663 32.46499999999998 32.46499999999999
13 0.33367131891941726 1.8394536786496585 32.654999999999994 32.655000000000015
14 0.3301172014260252 1.8392469964033358 32.975 32.97500000000001
15 0.3301468408509649 1.8395512918125976 33.129999999999995 33.129999999999995
16 0.3292368538324423 1.839069082787675 33.21999999999999 33.22000000000001
17 0.32466040552584685 1.8396757657634923 33.34000000000002 33.340000000000025
18 0.3242669340463457 1.8395226130653284 33.48499999999997 33.484999999999985
19 0.31999331550802146 1.839095477386934 33.549999999999976 33.550000000000026
20 0.3238870320855613 1.8387939698492455 33.53000000000002 33.529999999999994
21 0.32818181818181813 1.8389447236180911 33.51500000000001 33.51500000000001
22 0.32355392156862733 1.8389949748743701 33.500000000000014 33.50000000000001
23 0.31933155080213904 1.8381155778894487 33.515 33.515000000000015
24 0.32200479055258424 1.838216080402013 33.52 33.51999999999999
25 0.31994206773618505 1.8383668341708543 33.545 33.54500000000002
26 0.32135305258467034 1.8391457286432176 33.534999999999975 33.534999999999975
27 0.31995919203345674 1.8331155778894477 33.670000000000016 33.67000000000001
28 0.31717803030303016 1.8334673366834178 33.709999999999994 33.709999999999994
29 0.3215786541889484 1.8338944723618127 33.70500000000001 33.70500000000002
30 0.3204779411764705 1.832788944723618 33.71999999999998 33.720000000000006
31 0.31755626114082014 1.8332663316582907 33.695000000000014 33.695000000000014
32 0.32045565953654204 1.833517587939698 33.709999999999994 33.710000000000015
33 0.3166872771836006 1.8338693467336669 33.675000000000026 33.674999999999955
34 0.32089627896613193 1.8328894472361834 33.73000000000001 33.73
35 0.3202757352941177 1.832889447236182 33.68999999999999 33.69000000000001
36 0.32045623454660466 1.8324874371859319 33.719999999999985 33.720000000000006
37 0.31960617201426034 1.8331407035175908 33.695 33.695000000000014
38 0.3202428698752229 1.8335175879396963 33.690000000000005 33.69000000000001
39 0.3185193850267378 1.8335929648241254 33.695000000000014 33.69500000000003
40 0.3180926916221033 1.8334673366834133 33.705 33.705
41 0.3215246212121212 1.8329899497487425 33.71499999999999 33.715
42 0.31951648841354735 1.8328643216080431 33.74 33.74
43 0.3205871212121214 1.8325879396984948 33.68499999999998 33.684999999999995
44 0.32165608288770037 1.8330904522613065 33.70000000000001 33.699999999999996
45 0.31672069964349353 1.8331155778894446 33.72000000000002 33.719999999999985
46 0.31732063279857403 1.8329899497487447 33.73500000000002 33.73500000000001
47 0.3194591131907308 1.8333165829145743 33.684999999999995 33.685
48 0.3171462789661319 1.8330904522613087 33.68499999999998 33.684999999999995
49 0.3215702985739749 1.8334924623115592 33.714999999999996 33.714999999999996
50 0.3199481951871656 1.8330904522613058 33.67500000000001 33.67499999999999
51 0.31673184046345837 1.8327889447236196 33.700000000000024 33.70000000000001
52 0.31864304812834204 1.83319095477387 33.70500000000002 33.70499999999998
53 0.3187700534759359 1.8329396984924644 33.70999999999999 33.70999999999999
54 0.31971970056350973 1.8326130653266335 33.71 33.71
55 0.3213614081996436 1.83319095477387 33.705000000000005 33.705000000000005
56 0.32153910427807475 1.8328643216080394 33.71499999999998 33.71500000000001
57 0.3209319295900177 1.8334673366834187 33.69499999999999 33.694999999999986
58 0.320642825311943 1.8330150753768792 33.71 33.710000000000015
59 0.32014427361853826 1.8330402010050277 33.729999999999976 33.73
60 0.32053810160427837 1.8331909547738716 33.67500000000001 33.67499999999999
61 0.3213998440285205 1.8332412060301528 33.66999999999998 33.66999999999997
62 0.31825924688057045 1.8336432160804013 33.69499999999999 33.69500000000001
63 0.32002172459893025 1.8340703517587944 33.675 33.67499999999998
64 0.31855113636363613 1.8334673366834193 33.68999999999999 33.68999999999999
65 0.3192296122994651 1.8337688442211084 33.65999999999999 33.659999999999975
66 0.3186101827094476 1.833291457286433 33.684999999999974 33.684999999999995
67 0.31364806149732627 1.8329396984924586 33.71000000000001 33.709999999999994
68 0.3150479055258467 1.833241206030147 33.675 33.67499999999999
69 0.3163394500028751 1.8330402010050266 33.695 33.69500000000003
70 0.3144763814616755 1.8332914572864336 33.699999999999996 33.70000000000002
