# index clusteringCoefficient averagePathLength inDegreeMean outDegreeMean
1 0.9266614984698549 4.461577287066268 1.975609756097562 1.9756097560975603
2 0.818122430156492 4.458185276012201 3.3950000000000014 3.3950000000000014
3 0.7034605387080655 4.674725600711922 5.240000000000004 5.239999999999997
4 0.687030025406737 3.6413469068128426 8.595000000000004 8.595000000000002
5 0.645923117577869 3.0697069585992036 12.869999999999997 12.87
6 0.6125181409457666 2.633438699480692 16.999999999999996 17.000000000000018
7 0.5467086420171428 2.287390272180221 21.465000000000007 21.46500000000001
8 0.46954138633822834 2.0348515383581907 26.679999999999986 26.67999999999999
9 0.41784100431371285 1.9008515815085159 31.265 31.26500000000001
10 0.3882952006613186 1.8570610289522986 34.01000000000001 34.010000000000005
11 0.3839693065299389 1.8393555572823581 35.52000000000003 35.519999999999996
12 0.37233557588820765 1.8323361048514537 35.879999999999995 35.88000000000001
13 0.3703854838820513 1.8304385919703139 36.13500000000002 36.13499999999999
14 0.37164479328953026 1.8227335978972328 36.41499999999997 36.415
15 0.36578545608426777 1.8265570275620509 36.93000000000001 36.929999999999986
16 0.3635029469197548 1.8261155021337838 37.11500000000001 37.115
17 0.36127469556629144 1.8204590793161841 37.26000000000001 37.26
18 0.36092806340174777 1.8225549859852084 37.329999999999984 37.33
19 0.36414493440809237 1.8202823161031292 37.345 37.34499999999999
20 0.35919584015254635 1.8202512562814093 37.440000000000005 37.440000000000005
21 0.36379366208313585 1.8190954773869377 37.48 37.48000000000002
22 0.3608084400189663 1.8172613065326648 37.52000000000001 37.51999999999999
23 0.36145092460881917 1.8175376884422125 37.48500000000002 37.484999999999985
24 0.3565082187450608 1.816658291457285 37.475000000000016 37.47500000000001
25 0.3544989387884124 1.8168090452261325 37.49000000000001 37.48999999999998
26 0.35761103208471634 1.8166080402010005 37.504999999999974 37.504999999999995
27 0.3540592697961117 1.8164572864321593 37.50500000000002 37.504999999999995
28 0.352379484747906 1.811065377136941 37.54000000000001 37.54000000000001
29 0.3559933617828354 1.815753768844224 37.55500000000001 37.55500000000002
30 0.3559660976766241 1.8109896214742058 37.519999999999996 37.519999999999975
31 0.3566769400979928 1.8114694073381985 37.47999999999998 37.48
32 0.35525762604709976 1.816231155778896 37.50499999999998 37.505
33 0.35848111269163896 1.8111916365748335 37.5 37.50000000000001
34 0.35450806069227125 1.8111663846872554 37.54 37.539999999999985
35 0.35583096254148855 1.8162311557788966 37.50000000000002 37.49999999999997
36 0.3571732258574361 1.8111663846872545 37.485 37.485000000000014
37 0.3540900110636954 1.8162311557788948 37.494999999999976 37.495
38 0.3558629682313892 1.8159798994974872 37.53499999999998 37.535
39 0.3547727991149042 1.8158542713567871 37.535000000000004 37.535
40 0.3539821400347716 1.8112421403499912 37.53 37.530000000000015
41 0.35356883198988465 1.8164824120602985 37.524999999999984 37.525000000000034
42 0.3535652758021178 1.8161557788944716 37.50999999999999 37.51000000000003
43 0.354183262209578 1.8110653771369407 37.51500000000003 37.515000000000015
44 0.3570882724830094 1.811141132799679 37.575 37.574999999999996
45 0.354302987197724 1.8113683997878882 37.49 37.49000000000001
46 0.35271100047415854 1.811005025125631 37.69499999999997 37.695
47 0.352967441125336 1.8111055276381895 37.730000000000004 37.73000000000001
48 0.3508677098150784 1.8109798994974837 37.725 37.725
49 0.34997352615773664 1.811055276381908 37.7 37.69999999999998
50 0.3521214635688321 1.8112814070351781 37.68499999999999 37.68499999999999
51 0.3499494231073178 1.811306532663318 37.67000000000001 37.66999999999999
52 0.34935158843053565 1.8110804020100462 37.67999999999995 37.67999999999999
53 0.3493014066698277 1.8114824120603044 37.62499999999999 37.625
54 0.3535917496443811 1.8109045226130631 37.714999999999996 37.714999999999996
55 0.3533198988462146 1.8112311557788978 37.68500000000002 37.684999999999995
56 0.3504563774300614 1.8109547738693446 37.72999999999998 37.73
57 0.3479820610083772 1.811130653266331 37.68999999999999 37.689999999999976
58 0.3504097518571203 1.8110804020100484 37.73000000000003 37.73000000000001
59 0.35090801327643445 1.811080402010054 37.72499999999999 37.72499999999999
60 0.35147265686739343 1.81115577889447 37.69499999999999 37.695
61 0.34828394183657335 1.8107537688442181 37.73500000000001 37.735000000000014
62 0.3553228228228226 1.8111055276381902 37.699999999999974 37.70000000000001
63 0.35372569938359405 1.8113819095477366 37.675000000000004 37.674999999999976
64 0.3494839576418523 1.8109045226130671 37.73500000000002 37.73500000000004
65 0.3519080923028292 1.8110552763819125 37.69500000000002 37.694999999999986
66 0.3570823455033981 1.8114824120603066 37.69000000000001 37.69000000000001
67 0.3542883673146833 1.8110552763819148 37.695000000000014 37.695
68 0.35272048364153624 1.8111557788944752 37.680000000000014 37.68000000000003
69 0.3520297929508455 1.8109045226130738 37.720000000000006 37.719999999999985
70 0.356146672988778 1.8114572864321625 37.720000000000006 37.719999999999985
