# index clusteringCoefficient averagePathLength inDegreeMean outDegreeMean
1 0.9303835637267319 4.720881812614821 1.6910569105691058 1.691056910569105
2 0.8119274608583542 4.822128672874952 2.890000000000001 2.8899999999999997
3 0.6993749241879081 3.828105847573725 4.925000000000001 4.924999999999999
4 0.6671684688875129 3.426174496644294 8.329999999999995 8.33
5 0.6123687612251343 2.84569948513851 12.195000000000002 12.195
6 0.5551825427405671 2.5136082233383856 16.245 16.244999999999994
7 0.47160496468000185 2.188844179270146 21.43000000000001 21.43
8 0.3993168745182433 2.0611975034380614 24.654999999999994 24.655000000000005
9 0.3488836494462746 1.9573555719246554 26.704999999999988 26.70500000000001
10 0.32919456957586185 1.9202509893772124 28.389999999999993 28.390000000000008
11 0.32141005159764446 1.895263117618551 29.54499999999999 29.54500000000001
12 0.3153941892665858 1.8797541004514957 30.174999999999986 30.174999999999994
13 0.31267220522803124 1.8694232584240986 30.47499999999999 30.47499999999999
14 0.30896485302332055 1.8590692154238544 31.09 31.089999999999996
15 0.3085073818057689 1.8527739708644209 31.180000000000003 31.180000000000007
16 0.30635483870967745 1.8515075376884451 31.505000000000003 31.505000000000006
17 0.30538978494623686 1.8477311179010656 31.469999999999988 31.469999999999995
18 0.3046673387096774 1.8456604631196167 31.544999999999987 31.545
19 0.30521303763440855 1.846190752758768 31.514999999999997 31.514999999999993
20 0.29957680491551464 1.8470351758794006 31.624999999999996 31.625000000000007
21 0.3026552419354839 1.845879396984926 31.735000000000003 31.734999999999996
22 0.3038124999999999 1.846155778894468 31.720000000000024 31.72000000000001
23 0.29935887096774216 1.8454271356783931 31.740000000000034 31.739999999999995
24 0.3006411290322582 1.8454271356783898 31.679999999999996 31.68
25 0.3013877688172043 1.8455778894472348 31.68499999999999 31.685
26 0.3005961021505375 1.8460804020100474 31.695000000000018 31.694999999999997
27 0.3041317204301077 1.846206030150752 31.689999999999987 31.689999999999998
28 0.3017325268817207 1.845502512562812 31.67499999999999 31.674999999999997
29 0.30622782258064535 1.8463567839195973 31.699999999999985 31.69999999999999
30 0.3011612903225806 1.8468844221105514 31.66500000000001 31.665000000000006
31 0.29674193548387096 1.8465075376884408 31.689999999999998 31.68999999999999
32 0.30066465053763425 1.8454020100502535 31.714999999999993 31.714999999999982
33 0.30007190860215044 1.8465829145728607 31.670000000000005 31.670000000000005
34 0.30175201612903213 1.8459296482412069 31.730000000000004 31.729999999999997
35 0.2999280913978494 1.8452261306532673 31.690000000000005 31.69
36 0.3032432795698923 1.8447989949748802 31.725000000000012 31.724999999999987
37 0.30282392473118325 1.8455527638190947 31.725000000000012 31.724999999999994
38 0.3021801075268814 1.8460552763819078 31.714999999999982 31.715000000000007
39 0.29932392473118286 1.8460552763819125 31.665000000000013 31.665000000000003
40 0.2994657258064513 1.8456532663316598 31.699999999999996 31.699999999999992
41 0.29843615591397826 1.8444723618090444 31.714999999999982 31.715000000000007
42 0.29983736559139795 1.8457286432160782 31.709999999999987 31.70999999999999
43 0.29984139784946234 1.8447487437185943 31.719999999999995 31.719999999999995
44 0.30041666666666655 1.8444974874371851 31.68499999999998 31.684999999999995
45 0.301319892473118 1.845125628140705 31.71499999999999 31.714999999999982
46 0.2991545698924732 1.8457035175879393 31.66999999999998 31.669999999999998
47 0.30311155913978494 1.8459296482412042 31.680000000000003 31.680000000000003
48 0.3005537634408603 1.8446733668341684 31.725 31.724999999999998
49 0.3034852150537634 1.846155778894476 31.695000000000004 31.69499999999999
50 0.29904838709677417 1.8466582914572842 31.7 31.700000000000003
51 0.3005497311827957 1.8449497487437168 31.729999999999997 31.72999999999999
52 0.3049220430107521 1.845301507537687 31.694999999999993 31.695
53 0.3028172043010754 1.8445226130653267 31.695000000000018 31.695000000000004
54 0.3029012096774195 1.8457788944723632 31.69500000000001 31.694999999999997
55 0.30126881720430093 1.846331658291455 31.68999999999999 31.689999999999998
56 0.3016653225806452 1.8470100502512592 31.699999999999996 31.7
57 0.2997735215053762 1.8456532663316578 31.695000000000018 31.695000000000007
58 0.30198655913978506 1.847010050251257 31.654999999999998 31.65500000000001
59 0.299512768817204 1.845879396984926 31.72999999999999 31.730000000000004
60 0.30007526881720414 1.8448994974874364 31.69000000000001 31.689999999999998
61 0.3002641129032258 1.8456783919598005 31.69999999999999 31.7
62 0.30069623655913974 1.8450251256281414 31.669999999999995 31.669999999999995
63 0.2967446236559139 1.845351758793972 31.684999999999985 31.685
64 0.29864852150537635 1.8453266331658307 31.68 31.68000000000001
65 0.2956001344086022 1.8443467336683455 31.694999999999986 31.695
66 0.30162970430107566 1.8455527638190963 31.675000000000008 31.675000000000004
67 0.3000967741935486 1.844723618090453 31.7 31.699999999999996
68 0.2996465053763443 1.844849246231155 31.664999999999992 31.665
69 0.3000725806451614 1.8448994974874364 31.689999999999998 31.689999999999998
70 0.30020564516128995 1.8443969849246231 31.72 31.719999999999985
