# index clusteringCoefficient averagePathLength inDegreeMean outDegreeMean
1 0.9376383260995685 4.371283538796256 1.6422764227642277 1.6422764227642275
2 0.798548571043827 4.230445787067246 3.045 3.0450000000000013
3 0.7132753134120777 3.1694592881079546 4.644999999999999 4.645
4 0.6244114655055132 3.871617302365223 7.360000000000001 7.360000000000002
5 0.6354182654771083 2.936452557473065 11.240000000000006 11.240000000000002
6 0.5742668456696923 2.5445186875271566 15.649999999999999 15.65
7 0.498606541818575 2.2493147740097905 19.89 19.890000000000004
8 0.4153519578376963 2.025337658194202 24.404999999999998 24.404999999999998
9 0.36949071345016166 1.9108795065404642 27.639999999999997 27.64000000000001
10 0.345357142786403 1.8827270348076413 29.175000000000008 29.175000000000004
11 0.33693637196763604 1.8723790481702665 29.505 29.505000000000006
12 0.33292809139784935 1.8869116999507862 29.67500000000002 29.67499999999999
13 0.314340468105748 1.863043199589798 30.449999999999992 30.450000000000006
14 0.3126990207373273 1.8558507485762885 30.585 30.584999999999987
15 0.30800983215867006 1.8611876339149067 30.690000000000023 30.690000000000005
16 0.3076079649340475 1.863643216080406 31.075000000000006 31.074999999999992
17 0.30462796136847503 1.8556030150753777 31.265 31.265000000000004
18 0.3041392369727047 1.8483417085427158 31.62499999999999 31.625000000000004
19 0.30541196236559154 1.8470351758793926 31.679999999999982 31.680000000000003
20 0.302095430107527 1.8471105527638183 31.639999999999997 31.639999999999997
21 0.303581989247312 1.848643216080405 31.63000000000001 31.630000000000003
22 0.30391868279569906 1.8464572864321593 31.709999999999976 31.709999999999994
23 0.3019233870967741 1.8462311557788953 31.70499999999999 31.705
24 0.302756048387097 1.8458040201004995 31.719999999999978 31.719999999999995
25 0.2992069892473117 1.8453768844221146 31.725000000000023 31.725
26 0.30146572580645176 1.8455527638190954 31.729999999999993 31.729999999999993
27 0.3019442204301075 1.8450753768844192 31.699999999999992 31.700000000000003
28 0.3007029569892477 1.8450502512562819 31.700000000000024 31.7
29 0.3024408602150535 1.8456783919597983 31.664999999999996 31.665
30 0.30040658602150555 1.8458291457286446 31.705 31.705
31 0.30144287634408606 1.8458040201004995 31.669999999999987 31.670000000000005
32 0.30219086021505387 1.8446984924623109 31.724999999999994 31.725000000000005
33 0.3005913978494623 1.8469597989949764 31.69499999999999 31.694999999999997
34 0.3002728494623655 1.8463567839195985 31.64999999999999 31.649999999999995
35 0.30259005376344084 1.8462814070351725 31.685000000000002 31.684999999999985
36 0.299929435483871 1.8451005025125613 31.740000000000002 31.74
37 0.30175672043010743 1.845351758793975 31.705000000000005 31.70499999999999
38 0.2989348118279567 1.8450753768844217 31.70999999999999 31.71
39 0.3011787634408602 1.8449246231155765 31.705000000000002 31.705
40 0.30070833333333286 1.8454020100502506 31.725000000000005 31.72499999999998
41 0.30184139784946246 1.8452010050251293 31.70999999999999 31.709999999999997
42 0.3009388440860214 1.8453517587939698 31.74 31.74
43 0.2999469086021504 1.845251256281404 31.69000000000001 31.69
44 0.3001920884315904 1.8450251256281391 31.68999999999999 31.689999999999998
45 0.29807795698924766 1.8446733668341753 31.74 31.73999999999999
46 0.3015940860215052 1.846256281407036 31.705000000000002 31.705
47 0.2982930107526884 1.8447236180904496 31.68 31.679999999999993
48 0.300872983870968 1.845050251256282 31.660000000000004 31.660000000000004
49 0.2995255376344085 1.8451005025125595 31.704999999999995 31.704999999999995
50 0.29731720430107555 1.8447989949748735 31.705000000000013 31.704999999999988
51 0.29772782258064523 1.8443216080402018 31.694999999999997 31.69499999999999
52 0.29926008064516124 1.8447989949748755 31.69000000000001 31.689999999999994
53 0.29992876344085995 1.844698492462313 31.685000000000024 31.68499999999999
54 0.3002956989247311 1.84572864321608 31.72500000000001 31.725
55 0.3007096774193549 1.8451758793969841 31.690000000000005 31.68999999999999
56 0.301174059139785 1.8461055276381895 31.669999999999984 31.669999999999998
57 0.29899126344086036 1.84510050251256 31.699999999999992 31.700000000000003
58 0.2991757740081571 1.844798994974875 31.695 31.694999999999997
59 0.30089045698924743 1.8446482412060279 31.66500000000001 31.66500000000001
60 0.30257392473118294 1.845703517587943 31.685000000000002 31.68499999999999
61 0.2987244623655913 1.845653266331657 31.689999999999994 31.689999999999998
62 0.30116868279569897 1.8451758793969835 31.700000000000014 31.7
63 0.30102755376344087 1.844648241206025 31.70000000000001 31.699999999999996
64 0.29955645161290323 1.8452010050251255 31.689999999999994 31.689999999999994
65 0.2969052419354839 1.8452763819095492 31.690000000000005 31.69
66 0.2990907258064516 1.845175879396989 31.694999999999986 31.695000000000004
67 0.30184341397849457 1.8454271356783927 31.715000000000007 31.71500000000002
68 0.3005147849462362 1.845753768844223 31.695 31.695000000000007
69 0.3071384408602151 1.8459296482412075 31.665 31.664999999999996
70 0.3025636123470525 1.8453517587939727 31.694999999999997 31.695
