# index clusteringCoefficient averagePathLength inDegreeMean outDegreeMean
1 0.9286006416087719 4.418688118811893 1.9674796747967476 1.9674796747967476
2 0.8121317037348986 4.675104098181025 3.0999999999999996 3.1000000000000005
3 0.710281923827349 3.41577371048253 5.530000000000004 5.529999999999999
4 0.6665880272977109 2.9659795453341165 8.540000000000001 8.54
5 0.6495298489043607 2.812461155997507 12.735000000000001 12.734999999999998
6 0.5844931934138218 2.4760655926683635 17.39999999999999 17.4
7 0.5356678946511396 2.206180400890873 22.08 22.08
8 0.4554846362645283 2.006731197151755 26.12999999999999 26.129999999999995
9 0.41428712304488985 1.9476247215458722 30.12 30.12000000000001
10 0.3782159383143789 1.8891139370321008 32.415000000000006 32.414999999999985
11 0.36723116166511444 1.8491219074477578 33.97500000000001 33.975000000000016
12 0.3581796221288541 1.8342520189719251 35.024999999999984 35.02500000000002
13 0.35259598884598864 1.8337627222406472 35.45500000000002 35.455
14 0.3541497211497208 1.8317475703390063 35.574999999999996 35.575
15 0.35396825396825393 1.8296814019335261 35.63499999999999 35.635000000000026
16 0.35025554902728834 1.8275214456118976 35.89499999999999 35.89500000000002
17 0.3493905418023062 1.8267215474356715 36.14500000000001 36.14500000000001
18 0.3494139854139852 1.8210398727304844 36.345000000000006 36.34499999999999
19 0.3439302874302871 1.8214824120603008 36.51999999999999 36.52
20 0.3471443586443585 1.821507537688446 36.51499999999999 36.515000000000036
21 0.35004397254397246 1.8217587939698519 36.530000000000015 36.52999999999999
22 0.34708923208923204 1.8217587939698463 36.525 36.525
23 0.34472908622908593 1.8213819095477386 36.50000000000001 36.49999999999998
24 0.34525890175890167 1.8164945329663422 36.490000000000016 36.49
25 0.34668039468039474 1.8164440291911776 36.530000000000015 36.529999999999966
26 0.3452990132990132 1.8166207924042366 36.49500000000001 36.49499999999999
27 0.34506520806520785 1.8164440291911792 36.48500000000001 36.48499999999999
28 0.344903474903475 1.8212311557788938 36.530000000000015 36.52999999999997
29 0.3472265837265837 1.8164321608040168 36.70000000000004 36.69999999999996
30 0.3457413127413129 1.8165577889447182 36.69000000000002 36.69
31 0.3400604890604889 1.8163567839196013 36.66999999999999 36.669999999999966
32 0.3448262548262548 1.816457286432161 36.725 36.72499999999997
33 0.3452473187473189 1.8166582914572835 36.68499999999999 36.68500000000002
34 0.34676640926640895 1.8166331658291435 36.665000000000006 36.66499999999997
35 0.34317610467610443 1.8162060301507559 36.705000000000005 36.70500000000001
36 0.3475729300729304 1.8163567839195995 36.684999999999995 36.68500000000003
37 0.3464034749034752 1.8165075376884408 36.70499999999999 36.70499999999999
38 0.34582925782925805 1.816281407035178 36.71 36.71
39 0.34366645216645236 1.8160804020100458 36.730000000000004 36.72999999999999
40 0.34202831402831374 1.8170351758793999 36.660000000000004 36.65999999999998
41 0.34502895752895735 1.817085427135679 36.670000000000016 36.66999999999997
42 0.3444107679107678 1.8176884422110546 36.64500000000002 36.644999999999996
43 0.3442921492921493 1.8168844221105498 36.659999999999975 36.659999999999975
44 0.34541913341913355 1.81650753768844 36.68999999999999 36.69000000000002
45 0.3415673530673531 1.816105527638191 36.70500000000004 36.705000000000005
46 0.3436379236379235 1.8166080402010047 36.684999999999995 36.68499999999998
47 0.3438650793650796 1.8165829145728642 36.70500000000002 36.705000000000005
48 0.34263706563706536 1.816231155778896 36.74500000000003 36.745
49 0.3435939510939507 1.8163316582914573 36.705 36.70499999999998
50 0.33839939939939945 1.8165577889447235 36.654999999999994 36.654999999999994
51 0.3438612183612185 1.8163819095477427 36.685000000000024 36.684999999999995
52 0.34172672672672655 1.8161809045226123 36.70999999999999 36.709999999999994
53 0.3435782925782926 1.8171105527638198 36.62999999999999 36.62999999999999
54 0.3456679536679536 1.8166080402010087 36.695000000000014 36.695
55 0.3405019305019304 1.8164070351758812 36.68499999999999 36.68500000000001
56 0.3442168597168592 1.8161809045226123 36.725000000000016 36.725
57 0.3457720115073057 1.8165326633165844 36.69999999999999 36.699999999999974
58 0.3443416988416992 1.8162060301507552 36.71999999999999 36.71999999999997
59 0.3419154869154867 1.8162562814070349 36.70500000000001 36.705000000000005
60 0.34461196911196906 1.8163567839195935 36.66499999999999 36.664999999999985
61 0.3426029601029603 1.8166080402010025 36.66500000000001 36.664999999999985
62 0.3429761904761904 1.8166331658291457 36.664999999999985 36.664999999999964
63 0.34565679965679935 1.8169346733668323 36.69 36.69
64 0.34428893178893183 1.816080402010048 36.72999999999998 36.730000000000004
65 0.3417880737880737 1.8161557788944738 36.725 36.725
66 0.342015015015015 1.8161809045226145 36.73499999999998 36.73500000000001
67 0.3415585585585581 1.8165577889447204 36.68999999999999 36.690000000000005
68 0.344676748176748 1.8166834170854287 36.69000000000002 36.69
69 0.3437951522951523 1.8167839195979874 36.68999999999999 36.690000000000005
70 0.34368382668382647 1.8170603015075362 36.68999999999999 36.690000000000005
