# index clusteringCoefficient averagePathLength inDegreeMean outDegreeMean
1 0.9324546403352121 4.30057442557443 1.715447154471545 1.7154471544715448
2 0.8134425952452431 4.441094718836865 3.2800000000000002 3.2800000000000016
3 0.744513496013632 2.9056763626094417 4.800000000000001 4.8
4 0.6608957617939876 2.9725265368677913 7.37 7.369999999999998
5 0.5870471297655291 2.8320194057004247 11.085 11.085000000000004
6 0.559485983752789 2.489362325635902 15.325 15.325
7 0.48187162967645997 2.268637770079066 19.474999999999987 19.475000000000012
8 0.40766988496499246 2.0975711892797397 23.2 23.200000000000003
9 0.36390734920824136 1.970216441152608 25.385000000000012 25.385000000000012
10 0.3298209441111839 1.909680274942721 27.039999999999996 27.04000000000001
11 0.3114428090920859 1.8892946874919048 27.894999999999996 27.894999999999982
12 0.30100034542613285 1.869654394421089 28.88 28.880000000000017
13 0.3020302864440795 1.8646292687929467 29.095000000000006 29.09499999999998
14 0.30036288998357974 1.8647807565747505 29.205000000000013 29.205000000000005
15 0.2953612479474549 1.863607376986457 29.235 29.234999999999985
16 0.29182430213464733 1.8630590136612668 29.520000000000014 29.519999999999996
17 0.28747518700966973 1.8635893033004238 29.534999999999986 29.534999999999993
18 0.2846285850581202 1.8636934673366834 29.654999999999983 29.655
19 0.28667159277504095 1.86175879396985 29.724999999999998 29.72499999999999
20 0.28417980295566503 1.862311557788944 29.719999999999978 29.72
21 0.29075123152709365 1.8621859296482424 29.675000000000004 29.674999999999997
22 0.28570443349753694 1.8615829145728644 29.67000000000001 29.669999999999998
23 0.2888390804597697 1.860100502512562 29.719999999999995 29.720000000000006
24 0.2849909688013139 1.8604522613065333 29.655000000000015 29.654999999999998
25 0.2864401569056743 1.8615577889447237 29.675 29.67499999999998
26 0.284690476190476 1.8596482412060287 29.695 29.694999999999997
27 0.2841231527093597 1.8599748743718563 29.704999999999995 29.705000000000005
28 0.2836683087027916 1.8597236180904515 29.729999999999993 29.730000000000015
29 0.2854228243021347 1.8598994974874357 29.725 29.724999999999998
30 0.2892512315270937 1.8612562814070355 29.700000000000006 29.700000000000003
31 0.2851518883415436 1.8612562814070353 29.70499999999999 29.704999999999995
32 0.2866592775041047 1.8599246231155797 29.704999999999995 29.704999999999977
33 0.28517323481116635 1.8590452261306518 29.694999999999993 29.69499999999999
34 0.285046798029557 1.8592713567839203 29.709999999999987 29.709999999999983
35 0.28937192118226585 1.8601507537688458 29.64 29.639999999999997
36 0.2834926108374385 1.8598241206030177 29.68999999999998 29.68999999999999
37 0.285746305418719 1.8596733668341694 29.695000000000004 29.695000000000004
38 0.28146962233169115 1.8596984924623137 29.664999999999996 29.665000000000003
39 0.2846059113300493 1.860929648241205 29.635 29.634999999999998
40 0.28339655172413797 1.8601507537688438 29.704999999999988 29.70500000000001
41 0.28537192118226595 1.8594472361809022 29.67999999999999 29.680000000000003
42 0.2835098522167488 1.859849246231158 29.710000000000015 29.710000000000008
43 0.28395402298850536 1.8595728643216052 29.70499999999999 29.70499999999999
44 0.28546141215106735 1.858944723618093 29.694999999999986 29.694999999999993
45 0.2851732348111658 1.8601507537688435 29.684999999999995 29.685
46 0.288477011494253 1.8596984924623126 29.745000000000005 29.745000000000005
47 0.28477586206896577 1.8599246231155757 29.68499999999999 29.685000000000006
48 0.2863760262725777 1.8594472361809053 29.735000000000003 29.734999999999996
49 0.2877816091954021 1.8606532663316575 29.67500000000002 29.675
50 0.28332758620689646 1.8617839195979888 29.69500000000001 29.694999999999986
51 0.2882898193760263 1.8619597989949779 29.66500000000001 29.665000000000003
52 0.2867380952380954 1.86100502512563 29.68500000000001 29.68500000000001
53 0.28595730706075534 1.8601507537688446 29.670000000000012 29.66999999999999
54 0.28476765188834174 1.8605025125628134 29.68 29.680000000000007
55 0.28432512315270925 1.8597236180904544 29.725 29.72499999999999
56 0.28478243021346455 1.8616080402010058 29.69 29.689999999999987
57 0.2876642036124793 1.8608291457286448 29.684999999999988 29.685000000000002
58 0.28747619047619044 1.8600502512562829 29.71 29.70999999999999
59 0.2886929392446632 1.8602512562814078 29.709999999999997 29.710000000000008
60 0.29061822660098496 1.8617587939698497 29.70000000000001 29.69999999999999
61 0.28917323481116575 1.8617839195979893 29.725000000000005 29.725
62 0.2847692939244661 1.8597738693467323 29.705000000000002 29.704999999999995
63 0.2858653530377671 1.8593467336683436 29.705000000000013 29.705000000000002
64 0.2858965517241379 1.8601758793969843 29.700000000000006 29.700000000000006
65 0.28520525451559936 1.8609798994974867 29.700000000000006 29.699999999999985
66 0.2843128078817733 1.8594974874371866 29.704999999999995 29.704999999999995
67 0.2873916256157636 1.859798994974873 29.680000000000007 29.680000000000007
68 0.28619129720853875 1.8606030150753754 29.67 29.67000000000001
69 0.29196141215106747 1.8594472361809031 29.740000000000002 29.740000000000002
70 0.2875459770114945 1.8598492462311573 29.709999999999997 29.709999999999997
