# index clusteringCoefficient averagePathLength inDegreeMean outDegreeMean
1 0.9355890658042738 4.5011990407674025 1.7317073170731705 1.7317073170731712
2 0.8107538288473394 4.339983111674065 2.904999999999999 2.905000000000001
3 0.7324860191889091 3.3551487414187684 5.004999999999999 5.005
4 0.6524905245917898 3.310154577883479 8.265000000000002 8.26500000000001
5 0.6497640535785751 2.9795067232328947 11.555 11.555
6 0.6120260706257256 2.6909096299810296 15.774999999999991 15.774999999999999
7 0.5604998323744909 2.375522604381512 20.72500000000002 20.724999999999984
8 0.49458068435499053 2.133800181750136 24.745000000000008 24.74499999999999
9 0.4242334235512248 1.9549329123914767 28.205000000000002 28.205000000000005
10 0.36723185471208697 1.8913701158855514 30.539999999999996 30.540000000000013
11 0.340622149121399 1.8619493406116865 31.735000000000007 31.735000000000007
12 0.3342475004142314 1.8472464362629482 32.47000000000001 32.47
13 0.33128888310810206 1.8464403234446358 32.76000000000001 32.75999999999997
14 0.3310533645276294 1.8397061449378882 33.029999999999994 33.029999999999994
15 0.32597147950089117 1.8404649510177216 33.21499999999999 33.215
16 0.32271395218166327 1.8413171384560973 33.24999999999998 33.25000000000001
17 0.32239193404634575 1.8343728693719856 33.539999999999985 33.54
18 0.32015095811051686 1.8337415721825152 33.53500000000003 33.535000000000004
19 0.3189984887235525 1.83422110552764 33.60999999999998 33.60999999999999
20 0.31832999108734406 1.833969849246232 33.73000000000001 33.73000000000002
21 0.3210945855614973 1.8347989949748744 33.75500000000001 33.754999999999995
22 0.31947471033868097 1.8346733668341708 33.68499999999998 33.684999999999995
23 0.3217335115864528 1.8338442211055248 33.69999999999999 33.70000000000001
24 0.3200428921568627 1.833944723618089 33.64000000000002 33.639999999999986
25 0.3167780748663104 1.833366834170848 33.730000000000025 33.73
26 0.31700813279857415 1.8329396984924609 33.73500000000003 33.73500000000003
27 0.3182581327985742 1.8330150753768792 33.71499999999999 33.71500000000001
28 0.31831495098039214 1.8328391959799002 33.68999999999997 33.689999999999976
29 0.3136998663101604 1.8327386934673309 33.73499999999999 33.735000000000014
30 0.32136976381461685 1.8328140703517581 33.69500000000001 33.695
31 0.3143978386809273 1.8326884422110574 33.71500000000001 33.715
32 0.3176983065953655 1.833341708542715 33.68999999999999 33.68999999999999
33 0.31712009803921604 1.8327889447236174 33.71999999999998 33.71999999999998
34 0.31709760077051324 1.8327889447236174 33.705000000000005 33.705
35 0.3179389483065952 1.8326130653266353 33.730000000000004 33.73
36 0.3181673351158647 1.8327638190954803 33.73000000000001 33.73
37 0.31749108734402837 1.8330402010050288 33.68 33.680000000000014
38 0.31577651515151517 1.8332412060301477 33.720000000000006 33.719999999999985
39 0.31706272281639936 1.8325125628140697 33.725000000000016 33.72499999999999
40 0.3164193404634579 1.833115577889448 33.72500000000003 33.72500000000001
41 0.3167257130124776 1.8335929648241214 33.699999999999996 33.69999999999998
42 0.31903966131907335 1.8334170854271334 33.72000000000001 33.72000000000002
43 0.3177985739750445 1.8331658291457287 33.69999999999996 33.69999999999999
44 0.31678977272727293 1.833417085427136 33.690000000000005 33.68999999999998
45 0.31639093137254887 1.8335929648241163 33.67 33.67000000000001
46 0.3182754010695188 1.8333919597989965 33.71500000000003 33.715
47 0.32256127450980393 1.8339949748743756 33.695 33.695
48 0.31920231729055243 1.83334170854271 33.695000000000036 33.69499999999999
49 0.31760528074866273 1.8332914572864278 33.68999999999999 33.68999999999999
50 0.3176264483065957 1.8330653266331665 33.72000000000003 33.71999999999998
51 0.3193087121212123 1.8330150753768841 33.68500000000002 33.685000000000024
52 0.3181561942958999 1.832613065326631 33.714999999999996 33.71500000000001
53 0.31657809714795015 1.8326633165829103 33.71000000000001 33.71
54 0.3162032085561499 1.833165829145732 33.684999999999995 33.684999999999974
55 0.3174855169340463 1.833366834170852 33.709999999999994 33.710000000000015
56 0.3161341354723707 1.8333919597989994 33.65500000000004 33.65499999999999
57 0.3167964572192514 1.832914572864323 33.73000000000002 33.73000000000001
58 0.31741811497326194 1.833718592964824 33.68500000000001 33.684999999999974
59 0.3164945409982175 1.8333417085427144 33.67000000000001 33.67000000000001
60 0.31936664438502665 1.8338442211055277 33.69999999999998 33.70000000000002
61 0.3209987745098041 1.8331658291457236 33.68500000000002 33.685
62 0.3188179590017825 1.8329648241206016 33.71500000000001 33.715
63 0.3166844919786095 1.8327386934673395 33.719999999999985 33.720000000000006
64 0.31917836452762943 1.832688442211053 33.705 33.705000000000005
65 0.3177317290552587 1.8329899497487474 33.655 33.65499999999998
66 0.31498050356506246 1.8323366834170862 33.750000000000014 33.74999999999999
67 0.3162137923351157 1.8328894472361827 33.70500000000002 33.70499999999999
68 0.3158210784313725 1.8324371859296475 33.76000000000001 33.759999999999984
69 0.3172326203208554 1.8327889447236145 33.69499999999999 33.69500000000003
70 0.31777406417112325 1.8327386934673366 33.704999999999984 33.70500000000002
