# index clusteringCoefficient averagePathLength inDegreeMean outDegreeMean
1 0.938588798416632 4.641003460207589 1.5284552845528456 1.528455284552846
2 0.7946024614256599 4.317958412098285 3.134999999999999 3.1350000000000007
3 0.7130907937650584 3.7646345162268737 4.889999999999997 4.889999999999998
4 0.6579301679417046 3.3662173391191934 7.204999999999997 7.204999999999995
5 0.6178325700988266 3.0916396129986086 10.824999999999998 10.825000000000005
6 0.561641878298391 2.5782696515738084 15.904999999999998 15.905000000000008
7 0.49044746617647333 2.280142503921509 20.285 20.285000000000014
8 0.41534766517335947 2.0366209781379028 25.314999999999994 25.314999999999987
9 0.3728073386632645 1.9268758669423434 28.62000000000001 28.619999999999997
10 0.3497591605491446 1.8831753801291429 30.244999999999997 30.245
11 0.3387830882353851 1.8516975630077044 31.640000000000008 31.64000000000002
12 0.33371630547942494 1.8533568003264989 32.34000000000001 32.33999999999998
13 0.33285104339541455 1.8464952555861585 32.730000000000004 32.73000000000001
14 0.3267429881585428 1.8405664687071708 33.069999999999986 33.06999999999998
15 0.32057208110516944 1.8339183353955724 33.51500000000001 33.515
16 0.32091577540106925 1.8338678316204136 33.48999999999999 33.489999999999995
17 0.3207013146167561 1.8333880457564211 33.51499999999999 33.515
18 0.32115753119429596 1.8338678316204107 33.505 33.50500000000004
19 0.31849988859180006 1.833743718592966 33.69000000000002 33.68999999999999
20 0.3203197415329768 1.832989949748744 33.70999999999999 33.71
21 0.3182575757575755 1.8332160804020092 33.684999999999995 33.684999999999995
22 0.32123273172905537 1.832738693467337 33.750000000000014 33.74999999999998
23 0.3170599376114082 1.833291457286432 33.68499999999997 33.684999999999995
24 0.3182157976827095 1.8328391959798995 33.710000000000015 33.71
25 0.3166510695187167 1.832688442211059 33.72500000000001 33.72499999999998
26 0.3178698752228163 1.833115577889445 33.69499999999999 33.69499999999999
27 0.3171680035650622 1.8334422110552748 33.66000000000001 33.660000000000004
28 0.32042223707664874 1.8335678391959813 33.65499999999999 33.655000000000015
29 0.31885193850267357 1.832889447236176 33.685000000000024 33.685
30 0.3175779857397502 1.8330150753768844 33.65000000000001 33.65
31 0.31660706327985755 1.8324623115577894 33.69000000000001 33.68999999999997
32 0.3174481951871655 1.8331909547738678 33.66 33.660000000000004
33 0.3187349598930483 1.832839195979898 33.695 33.694999999999986
34 0.3179721910758442 1.832964824120601 33.67999999999999 33.68000000000002
35 0.3196117424242426 1.8331155778894466 33.675000000000004 33.67499999999998
36 0.31817791889483066 1.833015075376887 33.68499999999998 33.68500000000001
37 0.3154244652406417 1.832336683417085 33.70999999999999 33.71
38 0.3116917335115864 1.832788944723618 33.69000000000001 33.69
39 0.3127094474153299 1.8326884422110568 33.690000000000005 33.68999999999998
40 0.31717023172905534 1.8327638190954767 33.71500000000002 33.715
41 0.3197303921568629 1.8334924623115607 33.645 33.64500000000002
42 0.3186614304812832 1.8339698492462315 33.67499999999998 33.67499999999999
43 0.31758077094474185 1.8326884422110574 33.73500000000002 33.73499999999999
44 0.3160561497326203 1.8335175879396963 33.684999999999974 33.68500000000001
45 0.31623551693404645 1.8331909547738696 33.67999999999998 33.68000000000001
46 0.313580659536542 1.8323869346733697 33.735000000000014 33.73499999999999
47 0.3169975490196075 1.8330150753768855 33.690000000000005 33.68999999999998
48 0.3174236853832441 1.8326884422110512 33.67499999999998 33.67499999999999
49 0.318673128342246 1.8331155778894466 33.69 33.68999999999999
50 0.31655414438502666 1.8330402010050244 33.70000000000001 33.69999999999997
51 0.3165129233511585 1.8328391959799013 33.694999999999986 33.694999999999986
52 0.31590352049910897 1.8330150753768844 33.69500000000003 33.69499999999999
53 0.3166137477718362 1.8333919597989965 33.665000000000006 33.66499999999999
54 0.3175055704099823 1.8330653266331658 33.64499999999999 33.64500000000001
55 0.3199821746880571 1.8335175879396977 33.68500000000001 33.684999999999995
56 0.3139800579322638 1.8326381909547764 33.71000000000002 33.71
57 0.313639148841355 1.8329396984924633 33.675 33.675
58 0.31734180035650617 1.8328391959799024 33.730000000000004 33.72999999999999
59 0.31526570855614966 1.833542713567837 33.69499999999999 33.694999999999986
60 0.3176041666666665 1.833090452261308 33.66999999999999 33.670000000000016
61 0.31681595365418913 1.8334422110552764 33.71499999999999 33.71499999999998
62 0.3148640819964346 1.8329396984924615 33.675000000000026 33.67500000000001
63 0.31483901515151486 1.8328643216080402 33.69000000000002 33.68999999999999
64 0.3185127005347594 1.8332663316582958 33.660000000000004 33.659999999999975
65 0.31914995543672015 1.8335175879396963 33.649999999999984 33.650000000000006
66 0.3197549019607841 1.833366834170855 33.664999999999964 33.66499999999998
67 0.316695632798574 1.8328643216080414 33.735 33.73499999999999
68 0.3190103178368122 1.833015075376887 33.699999999999974 33.70000000000001
69 0.31866700089126554 1.8323366834170796 33.71 33.71
70 0.31676024955436705 1.832864321608041 33.684999999999974 33.684999999999995
