# index clusteringCoefficient averagePathLength inDegreeMean outDegreeMean
1 0.9056950294182191 4.552545919553588 1.804878048780488 1.804878048780489
2 0.8144880024450175 4.950343582284202 3.005000000000002 3.005
3 0.739469892316804 3.1036603660366016 4.915000000000003 4.915000000000001
4 0.6455879535866704 3.2533011947180763 7.1899999999999995 7.19
5 0.6208570757364543 3.0461044176706857 10.590000000000003 10.590000000000005
6 0.5756347297580252 2.547162438379221 14.455000000000002 14.455000000000002
7 0.48883858105942096 2.253468059599268 18.550000000000008 18.550000000000004
8 0.41271117982863514 2.0722914721871684 22.164999999999992 22.165000000000006
9 0.3584222734915275 1.9520404094111392 25.835000000000004 25.83500000000001
10 0.3375055098017429 1.9077323791733523 27.514999999999997 27.515000000000008
11 0.32522461207828945 1.9020491056317859 28.389999999999993 28.390000000000008
12 0.32680533926585104 1.8867654333845385 28.794999999999995 28.79500000000001
13 0.32141787170930697 1.8860363996146536 28.860000000000003 28.85999999999999
14 0.3140272497149438 1.8637748327127848 29.304999999999986 29.305
15 0.3056158109400308 1.8662092186822423 29.810000000000002 29.809999999999995
16 0.29943937708565066 1.8596771737475277 30.18000000000001 30.179999999999993
17 0.2997152391546163 1.8605654535302774 30.230000000000008 30.229999999999993
18 0.2992169076751946 1.8598492462311558 30.535000000000007 30.535
19 0.30034620477779556 1.8546482412060308 30.645000000000007 30.645
20 0.29685131627734546 1.8541457286432157 30.655000000000012 30.655
21 0.29637931034482756 1.8550502512562832 30.665000000000006 30.665000000000006
22 0.2936492398961812 1.8531658291457294 30.675 30.67499999999999
23 0.29286763070077904 1.852889447236181 30.689999999999976 30.690000000000012
24 0.29037226548016337 1.8527889447236188 30.669999999999998 30.67
25 0.28901779755283635 1.8509296482412045 30.700000000000003 30.699999999999996
26 0.2897690025954765 1.8520351758793963 30.669999999999987 30.670000000000016
27 0.29120930663700406 1.8508542713567884 30.689999999999998 30.689999999999984
28 0.2918743047830924 1.8526884422110523 30.670000000000005 30.67
29 0.2930715609936967 1.8520351758793963 30.694999999999997 30.69499999999999
30 0.29445680385613676 1.8535427135678377 30.695 30.69499999999999
31 0.2933592880978869 1.8524623115577874 30.640000000000015 30.639999999999997
32 0.2900608083055245 1.8519597989949717 30.714999999999996 30.714999999999996
33 0.2930760103819059 1.8525125628140726 30.705 30.704999999999995
34 0.2924657026325546 1.8525376884422096 30.680000000000003 30.68000000000002
35 0.29099406748238793 1.8521356783919605 30.674999999999986 30.67500000000001
36 0.29238301816833534 1.8521859296482412 30.69499999999999 30.695
37 0.29215202076381147 1.8521105527638184 30.660000000000004 30.660000000000007
38 0.2930274378939563 1.8522613065326652 30.674999999999997 30.675
39 0.2930500556173527 1.851758793969852 30.715 30.714999999999993
40 0.2909873934000742 1.851256281407036 30.704999999999984 30.705
41 0.29546125324434536 1.8518844221105513 30.669999999999995 30.670000000000005
42 0.29131590656284767 1.8517587939698485 30.67499999999999 30.674999999999997
43 0.29271894697812384 1.851984924623117 30.68 30.680000000000003
44 0.29113607712272893 1.8520351758794014 30.685000000000002 30.68499999999999
45 0.29275639599555064 1.8523618090452239 30.669999999999998 30.670000000000005
46 0.291812013348165 1.8532160804020075 30.705000000000013 30.705
47 0.29043344456803877 1.8514070351758776 30.710000000000004 30.70999999999999
48 0.2885465331850201 1.8522613065326596 30.705 30.705000000000002
49 0.28706451612903194 1.852211055276382 30.680000000000017 30.679999999999996
50 0.2903366703744901 1.8518592964824143 30.685 30.685000000000013
51 0.29275528364849834 1.852311557788944 30.680000000000003 30.68
52 0.2929644048943272 1.8519346733668356 30.69499999999999 30.694999999999997
53 0.2936607341490547 1.8528894472361817 30.695 30.694999999999997
54 0.2926147571375598 1.8521105527638195 30.685000000000006 30.685000000000006
55 0.2930816250860742 1.8526633165829127 30.634999999999994 30.634999999999994
56 0.2908450129773821 1.8515829145728644 30.700000000000014 30.7
57 0.2928813496477567 1.851834170854275 30.685 30.685
58 0.292964775676678 1.852638190954776 30.655000000000012 30.654999999999998
59 0.2893822766036337 1.8516331658291454 30.710000000000004 30.71
60 0.2897041156840937 1.8510050251256303 30.740000000000016 30.74000000000001
61 0.29145428783304184 1.8518341708542714 30.724999999999998 30.72499999999999
62 0.2939592139414166 1.8519095477386989 30.719999999999988 30.719999999999995
63 0.29248164627363754 1.851130653266331 30.709999999999994 30.709999999999987
64 0.29424768261030765 1.8518090452261273 30.725 30.724999999999994
65 0.29400185391175404 1.8527638190954767 30.680000000000007 30.680000000000017
66 0.29100222469410425 1.8521859296482424 30.714999999999996 30.715000000000007
67 0.294314052651094 1.85178391959799 30.664999999999996 30.664999999999996
68 0.29320615498702246 1.852462311557789 30.70999999999999 30.709999999999994
69 0.29411123470522804 1.8522864321608032 30.675 30.675000000000008
70 0.29323433444568053 1.8520351758793978 30.705000000000002 30.70499999999999
