# index clusteringCoefficient averagePathLength inDegreeMean outDegreeMean
1 0.9259657853875006 4.504307250538411 1.772357723577236 1.7723577235772363
2 0.8313901117882898 4.692909896602692 2.995 2.9949999999999997
3 0.720058234890778 4.841942945258297 4.999999999999998 4.999999999999998
4 0.6663059386109178 3.6084337349397613 8.414999999999992 8.414999999999997
5 0.6394166804884194 2.9255938724365596 11.885000000000003 11.884999999999998
6 0.5646311170100876 2.7001462835693317 16.410000000000004 16.410000000000007
7 0.48947817260102233 2.2448809587789573 21.980000000000018 21.980000000000025
8 0.4475175904812908 2.103025630118038 25.91500000000001 25.914999999999996
9 0.4172018068331086 1.974900819888919 28.629999999999995 28.63
10 0.37558945458329646 1.8762204806415534 31.839999999999996 31.839999999999996
11 0.3657962860062664 1.8441429947665808 33.40000000000001 33.400000000000006
12 0.358589204912734 1.8363725845723482 34.04 34.03999999999999
13 0.35359954981537106 1.8388883191467602 34.33999999999998 34.34000000000001
14 0.3483979147214438 1.8382266663265558 34.605000000000004 34.605
15 0.3430113002465942 1.8278958242991585 35.010000000000026 35.010000000000005
16 0.3386204481792717 1.8274791040630327 35.34499999999999 35.345
17 0.3385961718020543 1.8274538521754482 35.315000000000005 35.31499999999999
18 0.33650529100529064 1.822277215221834 35.48000000000001 35.48000000000001
19 0.3356057602528189 1.8222864321608019 35.655000000000015 35.654999999999994
20 0.33840802987861784 1.8219346733668342 35.66000000000002 35.65999999999997
21 0.33580256344962217 1.8217085427135657 35.705000000000034 35.705
22 0.3328888888888887 1.8218592964824105 35.70499999999999 35.70500000000003
23 0.33381839402427615 1.8215326633165825 35.70500000000003 35.70499999999997
24 0.3371190476190476 1.8221859296482368 35.66500000000001 35.66499999999999
25 0.33604108309990655 1.8221608040200994 35.669999999999995 35.67
26 0.3384556489262369 1.821683417085428 35.71000000000002 35.710000000000015
27 0.33486741363211936 1.822236180904527 35.70499999999997 35.705000000000005
28 0.3385224089635853 1.8218592964824083 35.72499999999999 35.72499999999999
29 0.3380359477124184 1.822261306532659 35.69999999999999 35.69999999999998
30 0.3376344537815124 1.8222110552763797 35.714999999999996 35.71500000000001
31 0.3383127917833797 1.8225376884422089 35.725000000000016 35.725
32 0.3356685340802986 1.8224120603015053 35.71000000000001 35.71
33 0.33608123249299704 1.8221608040200976 35.68999999999996 35.68999999999998
34 0.3317236227824458 1.8219346733668342 35.695 35.69499999999999
35 0.33876844070961715 1.8227386934673344 35.68500000000001 35.684999999999995
36 0.3359304388422036 1.8218592964824099 35.679999999999986 35.68
37 0.33489682539682536 1.8221356783919573 35.62500000000001 35.62500000000001
38 0.3379005602240895 1.8220854271356777 35.659999999999975 35.66000000000001
39 0.337247771836007 1.8218844221105535 35.66999999999999 35.67000000000001
40 0.33829271708683456 1.8217336683417062 35.68500000000002 35.68500000000001
41 0.33699579831932774 1.8221608040201005 35.66999999999997 35.67000000000001
42 0.3353314659197009 1.822035175879399 35.68499999999999 35.68499999999997
43 0.33328851540616206 1.821934673366835 35.684999999999995 35.685
44 0.33167133520074676 1.8217336683417134 35.66500000000004 35.665
45 0.33618432221373384 1.8219597989949718 35.65000000000001 35.64999999999999
46 0.3342238349885405 1.821959798994976 35.66999999999999 35.669999999999995
47 0.33197338935574267 1.821633165829145 35.68499999999999 35.685
48 0.33565919701213864 1.8222864321608063 35.62999999999999 35.63000000000002
49 0.33369000933706794 1.8219095477386948 35.654999999999994 35.65500000000001
50 0.3355135387488328 1.8218341708542736 35.67000000000001 35.670000000000016
51 0.330467320261438 1.8217839195979855 35.67500000000001 35.67499999999999
52 0.33782259570494866 1.8219346733668356 35.69500000000002 35.69500000000001
53 0.3359743230625582 1.8218341708542714 35.71499999999999 35.715000000000025
54 0.3360205415499529 1.8214572864321623 35.68999999999999 35.68999999999996
55 0.33420634920634895 1.8217085427135677 35.699999999999996 35.699999999999974
56 0.33537535014005593 1.821934673366835 35.68500000000003 35.68499999999998
57 0.33575116713351977 1.8221105527638184 35.660000000000004 35.65999999999998
58 0.33589635854341743 1.8216080402010053 35.72500000000001 35.72500000000001
59 0.3358307868601985 1.8220100502512577 35.66500000000002 35.665
60 0.3348487394957979 1.8216834170854324 35.705 35.70500000000003
61 0.3375588235294114 1.8217336683417134 35.695 35.69500000000001
62 0.3370700280112041 1.8220351758793984 35.67499999999998 35.67499999999999
63 0.33556302521008385 1.8219597989949792 35.70499999999998 35.704999999999984
64 0.3369323062558353 1.8218341708542698 35.675 35.675
65 0.33557656395891705 1.8221356783919591 35.660000000000025 35.659999999999975
66 0.3363767507002797 1.8220100502512588 35.67500000000002 35.67500000000002
67 0.3354747899159662 1.8219346733668356 35.67500000000001 35.675000000000004
68 0.33375957049486443 1.8215075376884406 35.69499999999998 35.695
69 0.33348225957049477 1.8217336683417085 35.67499999999999 35.675
70 0.33492063492063495 1.8218090452261306 35.69000000000002 35.689999999999976
