# index clusteringCoefficient averagePathLength inDegreeMean outDegreeMean
1 0.9186234227933677 4.957005446749334 1.7886178861788617 1.7886178861788622
2 0.8198968975581554 4.197992521157271 3.015 3.015000000000001
3 0.7313447414106197 3.088120163859816 5.3500000000000005 5.349999999999996
4 0.6917280776491223 3.131976004362855 8.450000000000001 8.450000000000001
5 0.6306195627768052 3.0012489592006744 11.860000000000001 11.859999999999998
6 0.5949400389804549 2.4882324099043935 16.165000000000006 16.165000000000006
7 0.5356517235600302 2.2463841327235743 21.929999999999996 21.930000000000003
8 0.4604771194151676 2.0570377661503603 26.355000000000004 26.354999999999986
9 0.4028920057575981 1.9267989431694554 30.06000000000001 30.060000000000002
10 0.3633430961267535 1.858239917536403 32.53500000000002 32.535000000000004
11 0.3502675848656299 1.8356835196390122 33.95000000000003 33.95000000000001
12 0.3486174085576257 1.8309916931596752 34.54999999999999 34.550000000000026
13 0.34982225617519724 1.829834451445041 34.95499999999999 34.955
14 0.3480401493930904 1.8233514511332134 34.95999999999998 34.96000000000001
15 0.34644911297852476 1.8339424394700805 34.97999999999998 34.98000000000001
16 0.3401925558102028 1.8282366606903873 35.255 35.25500000000001
17 0.34292390289449104 1.8319849246231148 35.37499999999997 35.37499999999999
18 0.3404780578898226 1.8271760814120848 35.355000000000025 35.35499999999999
19 0.3371571173924115 1.8224623115577874 35.69999999999998 35.69999999999998
20 0.3375779645191408 1.8223366834170869 35.70999999999999 35.71
21 0.33733099906629316 1.8223366834170847 35.69499999999998 35.694999999999965
22 0.336102750190985 1.8222864321608025 35.68000000000001 35.68
23 0.3352516339869278 1.821959798994975 35.695000000000014 35.695
24 0.33586881419234343 1.8221356783919591 35.64999999999999 35.65
25 0.3419542483660131 1.821959798994976 35.67500000000001 35.675000000000026
26 0.33553594771241846 1.8219095477386946 35.70500000000003 35.705
27 0.3384393090569561 1.8219346733668305 35.65499999999998 35.65499999999998
28 0.33364098972922485 1.8216331658291458 35.71499999999998 35.71499999999997
29 0.33334126984126955 1.8213819095477408 35.69999999999998 35.7
30 0.3354579831932773 1.8219095477386935 35.67500000000002 35.675
31 0.33236041083099915 1.8219095477386948 35.71000000000002 35.70999999999998
32 0.3389150326797383 1.8217085427135649 35.68999999999997 35.68999999999997
33 0.33729785247432287 1.8217839195979877 35.72500000000002 35.72500000000001
34 0.3347114845938374 1.821432160804024 35.73000000000004 35.73000000000001
35 0.3320410830999064 1.8212562814070363 35.75000000000001 35.74999999999997
36 0.33516760037348237 1.821683417085425 35.68999999999998 35.68999999999997
37 0.3364304388422035 1.8220100502512555 35.630000000000024 35.63000000000001
38 0.33567133520074705 1.8221105527638162 35.684999999999995 35.684999999999995
39 0.3389351073762835 1.8216582914572907 35.72000000000002 35.72
40 0.33766946778711493 1.8219849246231157 35.67499999999999 35.67499999999998
41 0.3420177404295049 1.8218592964824114 35.695 35.694999999999965
42 0.3417217553688143 1.8219095477386982 35.69499999999998 35.695
43 0.33824463118580744 1.822035175879395 35.70999999999999 35.710000000000015
44 0.33515032679738554 1.8217839195979906 35.68499999999999 35.68499999999998
45 0.3367054154995332 1.8216834170854201 35.70499999999996 35.70499999999999
46 0.33818347338935567 1.821934673366832 35.690000000000005 35.68999999999996
47 0.3332002801120447 1.8221105527638197 35.67 35.67000000000001
48 0.33380952380952367 1.8216080402010013 35.709999999999965 35.71000000000003
49 0.33202661064425754 1.8215829145728604 35.714999999999954 35.71499999999999
50 0.33463445378151246 1.8218090452261293 35.665 35.66499999999997
51 0.3331246498599439 1.8217336683417085 35.67500000000001 35.67499999999998
52 0.33720354808590075 1.8219346733668316 35.66500000000002 35.664999999999985
53 0.3377679738562092 1.8221105527638126 35.71 35.709999999999994
54 0.3359211017740426 1.8222110552763797 35.65999999999998 35.65999999999999
55 0.3355672268907563 1.8214824120603026 35.72000000000001 35.71999999999999
56 0.33450887021475234 1.8215577889447225 35.70999999999999 35.710000000000015
57 0.3366573295985061 1.821909547738696 35.68999999999997 35.68999999999998
58 0.3350957049486462 1.8216080402010086 35.694999999999986 35.695000000000014
59 0.33299486461251154 1.822236180904525 35.664999999999985 35.665000000000006
60 0.3335280112044816 1.8222361809045222 35.69000000000002 35.69
61 0.33548879551820704 1.822060301507542 35.694999999999986 35.694999999999986
62 0.33467647058823535 1.821959798994976 35.69499999999999 35.695
63 0.3299659197012137 1.8218341708542691 35.67500000000001 35.674999999999976
64 0.33137161531279163 1.8217839195979841 35.725 35.725
65 0.33711344537815113 1.8214824120602975 35.70999999999999 35.71000000000001
66 0.3378540870893808 1.8221356783919553 35.72999999999998 35.730000000000004
67 0.3396405228758168 1.821959798994974 35.72500000000001 35.72500000000001
68 0.3368907563025212 1.8220854271356726 35.684999999999974 35.684999999999974
69 0.33631699346405214 1.8219597989949727 35.684999999999995 35.68499999999998
70 0.33725583566759987 1.8218844221105528 35.69000000000001 35.690000000000005
