# index clusteringCoefficient averagePathLength inDegreeMean outDegreeMean
1 0.9405555175999939 5.665824384080861 1.5609756097560976 1.5609756097560972
2 0.8051127236626462 5.436345381526129 2.7850000000000015 2.7849999999999993
3 0.688805058675415 4.5660295185095325 4.474999999999999 4.4750000000000005
4 0.6360713262915276 4.013382040481606 6.4650000000000025 6.4650000000000025
5 0.6132015243528398 3.155583748491514 9.92 9.920000000000005
6 0.5515262971033095 2.719328754021397 12.785000000000002 12.784999999999998
7 0.4674529759885796 2.4698359522480353 15.365000000000002 15.364999999999993
8 0.37235748406220553 2.2549727805695126 17.424999999999994 17.425000000000004
9 0.2932311067845123 2.1213800963581217 18.629999999999995 18.63
10 0.24938994923205451 2.0602502307455555 19.444999999999983 19.445000000000014
11 0.2253775837595496 2.023679001065941 20.114999999999995 20.114999999999984
12 0.22180267977636403 2.0151511325471714 20.365000000000002 20.364999999999995
13 0.21844360902255638 2.0079038408121255 20.389999999999993 20.38999999999999
14 0.21367861962598803 2.00449748743718 20.540000000000006 20.539999999999996
15 0.2145025062656643 2.0052010050251297 20.605000000000008 20.605000000000004
16 0.20723558897243113 1.99678391959799 20.669999999999987 20.670000000000012
17 0.20361027568922307 1.99643216080402 20.71 20.709999999999972
18 0.20672180451127825 1.9932663316582915 20.68500000000001 20.685
19 0.20675062656641607 1.9989698492462458 20.730000000000004 20.730000000000004
20 0.2046716791979949 1.9928140703517587 20.72500000000001 20.725
21 0.20598872180451117 1.9951256281407028 20.705000000000016 20.705000000000005
22 0.20597869674185465 1.9945979899497488 20.73 20.729999999999993
23 0.20463408521303245 1.9963065326633165 20.709999999999997 20.70999999999999
24 0.20625313283208013 1.9930904522613069 20.680000000000007 20.67999999999999
25 0.20570676691729312 1.9938693467336683 20.70000000000001 20.7
26 0.2080300751879699 1.9949497487437187 20.69999999999999 20.7
27 0.20845989974937332 1.994798994974874 20.725 20.724999999999994
28 0.21031704260651637 1.9957286432160812 20.675 20.674999999999997
29 0.20668295739348377 1.9930904522613073 20.694999999999986 20.694999999999993
30 0.20553383458646607 1.993065326633166 20.700000000000006 20.700000000000006
31 0.205860902255639 1.987286432160804 20.705000000000002 20.705000000000002
32 0.20575187969924816 1.9920100502512563 20.710000000000004 20.709999999999994
33 0.2066654135338347 1.9902261306532663 20.675000000000008 20.674999999999997
34 0.2050338345864661 1.9893467336683417 20.68 20.679999999999996
35 0.20462155388471182 1.9888693467336684 20.685 20.685000000000002
36 0.20686842105263153 1.9948492462311558 20.684999999999995 20.685
37 0.20727819548872176 1.9929899497487438 20.665 20.664999999999996
38 0.20230952380952374 1.9890954773869347 20.709999999999997 20.709999999999987
39 0.2012305764411028 1.9892713567839195 20.71000000000001 20.709999999999997
40 0.2073759398496241 1.9943467336683418 20.679999999999996 20.680000000000003
41 0.20297493734335836 1.9909547738693467 20.71999999999999 20.719999999999985
42 0.20498496240601505 1.989899497487437 20.710000000000004 20.709999999999994
43 0.20664786967418544 1.9894221105527639 20.734999999999992 20.735
44 0.20770175438596486 1.9946482412060302 20.680000000000007 20.679999999999986
45 0.20500543024227244 1.9927638190954773 20.715000000000018 20.714999999999996
46 0.2078007518796992 1.9974623115577896 20.699999999999992 20.7
47 0.20313157894736844 1.994447236180905 20.684999999999995 20.685000000000006
48 0.20511278195488714 1.9912814070351759 20.69 20.689999999999984
49 0.20430451127819546 1.9940201005025127 20.67499999999999 20.674999999999983
50 0.20936340852130325 1.996005025125628 20.700000000000006 20.699999999999992
51 0.21187218045112782 1.9987939698492498 20.66000000000001 20.660000000000004
52 0.21079197994987478 1.9976633165829145 20.67499999999999 20.675
53 0.20547493734335834 1.9937939698492462 20.705 20.705000000000005
54 0.20745238095238097 1.995829145728644 20.665000000000003 20.665000000000003
55 0.20848120300751877 1.9938190954773873 20.689999999999994 20.689999999999987
56 0.20766165413533832 1.9975376884422111 20.695 20.694999999999983
57 0.20731954887218046 1.9970351758793925 20.674999999999986 20.674999999999997
58 0.20925689223057645 1.9965829145728644 20.660000000000014 20.660000000000014
59 0.20867669172932332 1.9948241206030162 20.705000000000002 20.705
60 0.20450125313283202 1.997361809045226 20.73 20.72999999999999
61 0.20407142857142865 1.996005025125628 20.665 20.665
62 0.2065914786967418 1.9977386934673367 20.625000000000004 20.624999999999996
63 0.20388471177944847 1.9925125628140703 20.724999999999998 20.72499999999999
64 0.20703383458646626 1.9993216080401952 20.705000000000005 20.704999999999995
65 0.20799373433583968 1.9975376884422111 20.71999999999999 20.719999999999995
66 0.2094010025062657 1.9997236180904567 20.680000000000003 20.679999999999996
67 0.20723057644110265 1.9957035175879396 20.650000000000006 20.649999999999995
68 0.20632205513784452 1.99356783919598 20.67 20.67000000000002
69 0.20927443609022556 1.9976130653266335 20.704999999999995 20.705
70 0.20463283208020047 1.9936180904522613 20.660000000000007 20.659999999999997
