# index clusteringCoefficient averagePathLength inDegreeMean outDegreeMean
1 0.9292043741617736 4.763339856490565 1.8048780487804885 1.8048780487804876
2 0.8292644357333343 4.1200938039990165 2.9699999999999993 2.9699999999999998
3 0.70358534421618 3.9782053799332417 4.779999999999995 4.779999999999998
4 0.6470614906382892 3.3056407112201116 7.810000000000001 7.809999999999997
5 0.6139442758473732 3.0991600483707566 10.845000000000004 10.845
6 0.5625786437722041 2.5540397277089615 15.345000000000004 15.345
7 0.47452868913228846 2.220750255280257 19.814999999999998 19.81499999999999
8 0.40049613846353366 2.0456187185929724 23.625 23.625
9 0.34361582261283063 1.949463813914937 26.000000000000004 26.000000000000007
10 0.31771480136139046 1.9070738306919204 27.615000000000013 27.615000000000002
11 0.31045212887131063 1.8817300789662605 28.459999999999997 28.460000000000008
12 0.30598115228100264 1.869759051668598 28.710000000000008 28.70999999999999
13 0.3076885604816638 1.868702486792942 28.8 28.800000000000008
14 0.3016917969586634 1.869295456876218 28.929999999999996 28.929999999999996
15 0.2983620689655171 1.8665521484975893 28.985 28.98499999999999
16 0.2958542546908365 1.8667193837206302 29.084999999999997 29.085000000000015
17 0.29713136288998376 1.8677985889041144 29.22000000000001 29.219999999999995
18 0.29331709145427304 1.8616313892695773 29.340000000000014 29.340000000000007
19 0.29309195402298843 1.8612760773564787 29.38500000000001 29.385000000000016
20 0.29234701696770665 1.8614283538906669 29.355000000000008 29.355
21 0.29067705432997765 1.8639949748743734 29.629999999999995 29.630000000000003
22 0.29165106732348106 1.8618592964824106 29.679999999999993 29.68000000000001
23 0.28796305418719187 1.862010050251256 29.66500000000001 29.66500000000001
24 0.28768308702791473 1.860854271356781 29.66499999999999 29.665000000000013
25 0.2850665024630544 1.860603015075378 29.68499999999999 29.68500000000001
26 0.28727914614121525 1.8618090452261342 29.669999999999995 29.670000000000005
27 0.2858916256157634 1.8607035175879367 29.715000000000014 29.715
28 0.2869696223316913 1.860778894472364 29.72999999999999 29.729999999999993
29 0.28602463054187216 1.8604522613065326 29.655000000000005 29.654999999999998
30 0.2858711001642036 1.8613567839195957 29.675 29.674999999999994
31 0.2858858784893267 1.8617085427135707 29.689999999999987 29.69
32 0.28305911330049266 1.859321608040198 29.760000000000012 29.76
33 0.28766256157635467 1.8601005025125616 29.694999999999997 29.694999999999997
34 0.28268308702791456 1.859798994974873 29.715 29.71499999999999
35 0.283912972085386 1.8590452261306523 29.734999999999985 29.734999999999996
36 0.2870697865353039 1.859120603015079 29.700000000000006 29.69999999999998
37 0.2849367816091954 1.8603266331658277 29.665 29.664999999999996
38 0.28533743842364545 1.8596733668341712 29.720000000000002 29.71999999999999
39 0.2866124794745485 1.8599748743718585 29.669999999999998 29.670000000000005
40 0.28257963875205233 1.8597236180904537 29.674999999999997 29.674999999999997
41 0.285605090311987 1.8603517587939706 29.660000000000004 29.660000000000007
42 0.2833169129720853 1.8597989949748772 29.680000000000007 29.680000000000003
43 0.2878185550082097 1.8604773869346738 29.715000000000003 29.71499999999999
44 0.28438834154351406 1.858567839195977 29.72000000000001 29.720000000000002
45 0.2875 1.8596231155778886 29.69000000000001 29.69
46 0.2872077175697865 1.858718592964825 29.71 29.709999999999994
47 0.2867389162561577 1.8590954773869346 29.719999999999995 29.720000000000002
48 0.2812405582922823 1.8599748743718572 29.68499999999999 29.68500000000001
49 0.2812939244663384 1.8601507537688435 29.659999999999993 29.66
50 0.28127011494252835 1.8606281407035155 29.67499999999999 29.674999999999994
51 0.28280377668308715 1.8606783919597998 29.68500000000002 29.68500000000001
52 0.2845558292282431 1.858894472361809 29.709999999999994 29.709999999999987
53 0.2873998357963875 1.8597236180904493 29.730000000000004 29.73
54 0.28367077175697836 1.8603015075376903 29.73499999999999 29.735000000000007
55 0.28785385878489317 1.8613567839195972 29.724999999999987 29.72499999999999
56 0.28662725779967174 1.859748743718594 29.700000000000003 29.7
57 0.2901847290640394 1.8601507537688453 29.714999999999986 29.714999999999996
58 0.28642118226601027 1.8599497487437222 29.724999999999994 29.724999999999998
59 0.28680870279146115 1.8600502512562844 29.689999999999994 29.689999999999998
60 0.2902339901477833 1.8615577889447243 29.69499999999999 29.695000000000004
61 0.2878612479474544 1.8607788944723624 29.7 29.699999999999996
62 0.2847249589490971 1.860452261306532 29.67999999999999 29.680000000000003
63 0.2896535303776683 1.8614321608040179 29.73999999999999 29.74
64 0.28544827586206867 1.8595226130653282 29.709999999999994 29.709999999999997
65 0.2848423645320196 1.8612060301507567 29.690000000000012 29.69
66 0.2848801313628898 1.8583919597989942 29.72499999999999 29.724999999999994
67 0.28763793103448276 1.86005025125628 29.67000000000001 29.67
68 0.28682101806239696 1.8605778894472345 29.705000000000002 29.70499999999998
69 0.28647290640394074 1.8598994974874405 29.704999999999995 29.704999999999995
70 0.28847126436781634 1.861155778894474 29.734999999999996 29.734999999999992
