# index clusteringCoefficient averagePathLength inDegreeMean outDegreeMean
1 0.9397011276494777 4.602278294953429 1.8292682926829265 1.8292682926829271
2 0.8139446207056501 4.969402028208423 2.9600000000000013 2.96
3 0.6992341756996874 3.5981146709623544 5.625000000000001 5.625
4 0.6716296827314295 3.261819309672561 8.920000000000003 8.920000000000005
5 0.6159772767721844 3.1352455183164385 12.610000000000005 12.610000000000001
6 0.5555569133837542 2.540806767536254 17.419999999999995 17.419999999999998
7 0.5138867680022967 2.1617013097558733 22.97500000000001 22.975000000000005
8 0.43563389365709715 1.9536614515428075 27.755000000000006 27.755000000000003
9 0.3985484784175455 1.878191003385824 30.884999999999998 30.885000000000012
10 0.3762415188191557 1.8457774269928986 33.47 33.47
11 0.36734584620246374 1.837585919600081 34.21000000000001 34.20999999999998
12 0.3599692660930145 1.8322067188735571 35.33499999999999 35.33500000000003
13 0.3564209981895404 1.8242481442746763 35.71000000000002 35.70999999999999
14 0.35577391677391673 1.8228770113192212 36.160000000000004 36.160000000000025
15 0.3540596310596309 1.8226993553626711 36.11499999999999 36.11500000000001
16 0.3482368204243203 1.8173025933688536 36.474999999999994 36.47500000000001
17 0.3493035178035175 1.8167975556172775 36.52000000000003 36.51999999999999
18 0.3497087306462305 1.816809045226133 36.714999999999996 36.714999999999975
19 0.3442164938047292 1.8167085427135623 36.729999999999976 36.730000000000004
20 0.34688352638352654 1.8170351758793974 36.710000000000036 36.71
21 0.3454392964392963 1.817185929648236 36.69500000000001 36.695
22 0.3535911878264821 1.8167587939698484 36.71 36.71000000000002
23 0.3455937365937366 1.8166834170854227 36.689999999999976 36.69000000000001
24 0.3501050924874452 1.8167085427135627 36.684999999999974 36.68500000000002
25 0.34280137280137274 1.8163819095477376 36.709999999999994 36.710000000000015
26 0.3482449592449597 1.8166582914572857 36.725000000000016 36.725
27 0.34416430716430674 1.8161306532663324 36.70000000000001 36.70000000000001
28 0.3471921921921921 1.8164824120602985 36.70499999999998 36.70500000000001
29 0.34749141999141986 1.8163567839195958 36.67999999999999 36.68000000000001
30 0.3481488631488632 1.816507537688443 36.68500000000001 36.685
31 0.3438796653796651 1.8165326633165844 36.68499999999999 36.68500000000001
32 0.34588748832866506 1.8163065326633125 36.72499999999999 36.725
33 0.3469367224367225 1.816608040201002 36.69000000000001 36.68999999999997
34 0.34519240669240686 1.8166080402010087 36.734999999999985 36.735000000000014
35 0.34381016731016717 1.8167336683417086 36.68999999999999 36.69
36 0.3479354354354351 1.8165075376884423 36.67499999999998 36.675000000000004
37 0.3454725439725436 1.8168341708542715 36.69 36.68999999999998
38 0.34661389961389966 1.8169597989949793 36.68 36.68000000000001
39 0.34470506220506214 1.8169346733668297 36.69500000000003 36.69499999999998
40 0.3466194135311779 1.8167839195979951 36.71999999999998 36.72000000000002
41 0.345427284427284 1.8165326633165828 36.71500000000001 36.71500000000002
42 0.34488824538824525 1.8166331658291395 36.72000000000002 36.72000000000002
43 0.34670055770055774 1.816758793969854 36.68500000000001 36.685
44 0.3497934362934361 1.816884422110555 36.705 36.70499999999997
45 0.3472224367224365 1.8166331658291435 36.69500000000001 36.695
46 0.3490160370454489 1.816658291457285 36.699999999999974 36.69999999999999
47 0.3449202059202057 1.8165577889447193 36.70500000000001 36.705
48 0.34737087087087093 1.8168844221105536 36.670000000000016 36.67000000000002
49 0.3480617760617759 1.8164824120603011 36.67499999999999 36.67499999999998
50 0.3475607035607037 1.8164824120603011 36.69500000000002 36.695
51 0.34924882024881987 1.816482412060299 36.69499999999999 36.694999999999986
52 0.34459223509223497 1.816984924623116 36.63999999999999 36.63999999999999
53 0.3446415701415701 1.816557788944724 36.689999999999976 36.68999999999999
54 0.3432170742170741 1.8169346733668301 36.694999999999986 36.69499999999998
55 0.3451467181467177 1.8164572864321622 36.71500000000002 36.71499999999998
56 0.3457303732303735 1.816859296482412 36.69000000000001 36.690000000000026
57 0.3467550407550407 1.8168090452261285 36.704999999999984 36.70499999999999
58 0.3482447447447447 1.817437185929649 36.71499999999997 36.71500000000001
59 0.3477897897897894 1.8168592964824128 36.705 36.705000000000034
60 0.34399399399399394 1.8167587939698544 36.660000000000004 36.65999999999997
61 0.3445220935220937 1.8166582914572886 36.67499999999998 36.674999999999976
62 0.3445888030888032 1.8164572864321644 36.75000000000001 36.75000000000001
63 0.350203775203775 1.8169849246231131 36.68999999999996 36.690000000000005
64 0.3497972972972969 1.816934673366834 36.709999999999994 36.71
65 0.34797383097383083 1.8164321608040184 36.72499999999999 36.724999999999994
66 0.3480426855426854 1.816432160804023 36.719999999999985 36.72000000000002
67 0.3443569283569284 1.8161557788944724 36.72999999999999 36.72999999999999
68 0.3466186186186182 1.8165326633165808 36.7 36.70000000000002
69 0.3499847704847708 1.8165829145728642 36.70999999999998 36.709999999999965
70 0.3464337194337191 1.8169597989949748 36.69000000000001 36.69
