# index clusteringCoefficient averagePathLength inDegreeMean outDegreeMean
1 0.9182242843132873 4.861359461114507 1.7073170731707317 1.7073170731707314
2 0.804730948187756 4.21340539115537 2.9999999999999982 3.0000000000000004
3 0.7179506969916212 4.299470588235304 4.895000000000001 4.894999999999995
4 0.6366643537691521 3.5194512694512734 7.524999999999999 7.524999999999998
5 0.60798206985105 2.8548116687157794 10.505000000000006 10.504999999999995
6 0.5402054124254527 2.533142947802642 14.105000000000004 14.105000000000008
7 0.46090437639976256 2.362677327114738 17.075000000000006 17.075
8 0.39525636584304297 2.1632165605095555 19.720000000000002 19.720000000000006
9 0.3316178606299445 2.0626146606046105 21.955000000000027 21.954999999999995
10 0.3056748000114131 1.9796879132504628 23.2 23.19999999999998
11 0.28540245713004864 1.9391488693467336 24.33499999999999 24.334999999999994
12 0.2879829595355909 1.9222918717297832 25.260000000000005 25.260000000000005
13 0.27122286485444397 1.9107211182817634 25.814999999999998 25.81500000000001
14 0.2753363654863653 1.9102583625196694 25.995 25.994999999999997
15 0.27248201836290087 1.908335648089694 26.18 26.18
16 0.265495889295889 1.9012060301507552 26.389999999999993 26.389999999999993
17 0.26193903133903146 1.8896733668341745 26.695000000000004 26.694999999999986
18 0.25934415954415946 1.8929145728643253 26.72000000000001 26.719999999999995
19 0.2613789173789177 1.8898994974874357 26.734999999999996 26.735
20 0.2600274928774929 1.8900251256281406 26.645000000000003 26.64499999999999
21 0.2618809116809118 1.8900251256281377 26.715000000000007 26.714999999999996
22 0.2595794871794869 1.8879396984924646 26.685 26.685000000000013
23 0.2605327635327634 1.890427135678392 26.69500000000002 26.695000000000014
24 0.25911794871794863 1.8899497487437193 26.70500000000001 26.705000000000002
25 0.26384387464387443 1.889623115577888 26.705000000000005 26.705000000000013
26 0.25775555555555535 1.8879648241206037 26.665000000000003 26.665000000000003
27 0.261762393162393 1.8913316582914572 26.680000000000007 26.680000000000007
28 0.259274074074074 1.8895979899497488 26.67499999999999 26.675
29 0.26185698005698 1.8903517587939713 26.715000000000003 26.71499999999999
30 0.2604678062678066 1.8875376884422117 26.739999999999995 26.740000000000006
31 0.2606319088319087 1.888442211055276 26.720000000000013 26.719999999999995
32 0.25627179487179497 1.8878643216080413 26.705000000000005 26.705000000000005
33 0.2594524216524217 1.8888944723618097 26.71 26.71000000000001
34 0.2560495726495724 1.886783919597992 26.714999999999993 26.71499999999999
35 0.25920227920227895 1.8884924623115555 26.650000000000006 26.65
36 0.26214529914529916 1.8898743718592943 26.639999999999997 26.639999999999993
37 0.2589418803418802 1.8876884422110538 26.725 26.725000000000005
38 0.25938290598290614 1.8874874371859307 26.669999999999998 26.669999999999995
39 0.2579994301994301 1.887010050251257 26.700000000000003 26.7
40 0.2574279202279203 1.8876884422110543 26.729999999999997 26.73
41 0.2573549857549859 1.888115577889448 26.704999999999988 26.705000000000013
42 0.2581903133903135 1.8874623115577853 26.71499999999999 26.715000000000003
43 0.25724672364672346 1.886356783919598 26.675000000000015 26.674999999999997
44 0.2550387464387467 1.8846482412060308 26.7 26.699999999999992
45 0.255842735042735 1.888869346733669 26.689999999999998 26.689999999999994
46 0.25646723646723624 1.8881155778894458 26.645 26.644999999999996
47 0.25353333333333344 1.884748743718592 26.69 26.689999999999987
48 0.257062678062678 1.8858542713567825 26.695 26.69500000000001
49 0.2594143874643876 1.8856030150753769 26.73500000000001 26.734999999999992
50 0.2598541310541311 1.886281407035173 26.72 26.72
51 0.2579225071225071 1.8876633165829138 26.715 26.714999999999996
52 0.2606626780626784 1.8858040201005033 26.679999999999986 26.68000000000001
53 0.2589692307692312 1.8891708542713568 26.665000000000003 26.66500000000001
54 0.25716353276353265 1.8873618090452269 26.674999999999997 26.675
55 0.2597498575498575 1.889120603015077 26.71 26.709999999999994
56 0.2595458689458686 1.8875879396984925 26.700000000000006 26.700000000000003
57 0.2578159544159543 1.8862562814070358 26.705000000000005 26.705000000000002
58 0.25941025641025617 1.8881909547738698 26.690000000000005 26.690000000000005
59 0.2597452991452995 1.888015075376883 26.690000000000005 26.689999999999994
60 0.2581891737891736 1.888065326633165 26.694999999999993 26.695000000000007
61 0.25724658119658117 1.8871859296482405 26.735000000000003 26.73500000000001
62 0.2559868945868946 1.8863316582914567 26.700000000000006 26.70000000000001
63 0.26027806267806286 1.8878391959799001 26.649999999999988 26.649999999999995
64 0.25772934472934456 1.8868090452261328 26.71 26.710000000000008
65 0.25804216524216494 1.8853266331658285 26.709999999999997 26.710000000000008
66 0.2570581196581196 1.8863567839195994 26.69 26.690000000000005
67 0.25601253561253556 1.8867839195979899 26.715000000000007 26.714999999999996
68 0.25716182336182336 1.884698492462312 26.705000000000002 26.70499999999999
69 0.2558205128205129 1.8868090452261321 26.70499999999999 26.704999999999995
70 0.2601407407407407 1.885628140703516 26.69500000000001 26.694999999999997
