# index clusteringCoefficient averagePathLength inDegreeMean outDegreeMean
1 0.9087214953068612 4.603580562659836 1.8536585365853655 1.853658536585366
2 0.8240440296010696 4.533130346527436 3.2749999999999995 3.2750000000000012
3 0.7372964970190715 3.241429296223812 5.725000000000001 5.7250000000000005
4 0.656991963005262 3.23236814891416 9.054999999999996 9.054999999999998
5 0.6451895857198684 2.862125607241479 13.065 13.064999999999994
6 0.5945125996369185 2.599780543443743 17.71 17.710000000000004
7 0.5500286977535874 2.268431313325474 22.369999999999997 22.369999999999994
8 0.476699282050049 2.0128026941786437 27.865000000000013 27.865000000000006
9 0.4305215545933262 1.9129262739145227 32.36499999999998 32.36500000000002
10 0.3939898541040542 1.8497500657721664 35.19499999999998 35.194999999999986
11 0.3951974253989647 1.8438625119796943 36.56000000000002 36.56000000000001
12 0.38661236626438944 1.833687988719397 37.38 37.38
13 0.38598743571506716 1.8194590437123468 38.005 38.004999999999974
14 0.38482963523256575 1.8174849378284859 38.2 38.19999999999999
15 0.38120037083659375 1.8071529291116546 38.63 38.63000000000002
16 0.3782239989113054 1.8016478330740031 39.05499999999999 39.05499999999999
17 0.3768973312549162 1.8014313994213513 39.285 39.28499999999999
18 0.3744006729401467 1.801177605197707 39.32000000000001 39.320000000000014
19 0.3715715249662617 1.8011413853185525 39.49499999999998 39.49499999999996
20 0.3717223346828609 1.8009898739930787 39.479999999999976 39.48000000000002
21 0.3716339406207826 1.8007373551172936 39.51500000000003 39.51499999999997
22 0.37280533063427795 1.8009898739930787 39.500000000000014 39.49999999999999
23 0.37085458839406193 1.8006615994545592 39.529999999999994 39.529999999999994
24 0.3715020242914974 1.8010804020100482 39.68500000000001 39.68499999999995
25 0.3694834682860999 1.8005025125628185 39.714999999999996 39.71500000000002
26 0.36642476383265854 1.8006783919597986 39.684999999999995 39.68500000000001
27 0.3709794197031039 1.800804020100499 39.68999999999999 39.69
28 0.36841531713900144 1.8012060301507544 39.64499999999999 39.644999999999996
29 0.3699028340080969 1.8010804020100522 39.695 39.69499999999999
30 0.371484480431849 1.800804020100503 39.69999999999999 39.70000000000004
31 0.36854959514170027 1.8009296482412112 39.69499999999999 39.69499999999999
32 0.36683535762483116 1.8009547738693508 39.65499999999999 39.654999999999966
33 0.37138427800269896 1.8008542713567877 39.70000000000001 39.70000000000002
34 0.3727824980851296 1.8007537688442232 39.695 39.69500000000001
35 0.3711737516869099 1.8008040201005087 39.72999999999999 39.72999999999997
36 0.3693974358974363 1.800628140703517 39.70999999999999 39.710000000000015
37 0.3709986504723349 1.8008291457286396 39.689999999999976 39.69
38 0.37082051282051237 1.801155778894472 39.64500000000002 39.64500000000001
39 0.3689520917678813 1.8006030150753731 39.71499999999999 39.715
40 0.3696086369770583 1.8008793969849253 39.67999999999999 39.68
41 0.37334109311740854 1.8008291457286396 39.684999999999995 39.68499999999998
42 0.3724865594339278 1.8009296482412054 39.669999999999966 39.669999999999995
43 0.3671538461538463 1.8006030150753785 39.724999999999994 39.72500000000001
44 0.3704068825910934 1.8009547738693423 39.670000000000016 39.669999999999995
45 0.36681207827260437 1.800678391959802 39.71499999999999 39.715
46 0.3690462213225374 1.8008542713567826 39.694999999999986 39.69499999999998
47 0.368651484480432 1.8010804020100528 39.654999999999994 39.655
48 0.368044197031039 1.8010552763819088 39.68 39.67999999999999
49 0.37391126855600537 1.800979899497487 39.69499999999999 39.69499999999998
50 0.371605600539811 1.8008542713567832 39.68500000000001 39.684999999999995
51 0.36634750337381855 1.8008542713567788 39.674999999999976 39.675
52 0.368987516869096 1.8008793969849213 39.71500000000001 39.714999999999996
53 0.3697820512820513 1.8007788944723588 39.71499999999998 39.714999999999975
54 0.3669409581646424 1.8008040201004951 39.7 39.69999999999999
55 0.37025472334682874 1.8009296482412076 39.67500000000001 39.67499999999998
56 0.37173313090418353 1.8007286432160805 39.71999999999999 39.71999999999999
57 0.3689892037786774 1.8007035175879398 39.72 39.719999999999985
58 0.3712435897435896 1.8009798994974886 39.690000000000005 39.69000000000002
59 0.37081646423751685 1.8007788944723597 39.70000000000003 39.7
60 0.3708805668016194 1.801055276381912 39.699999999999974 39.70000000000002
61 0.37090587044534423 1.8006532663316575 39.68000000000002 39.68000000000001
62 0.3669544534412959 1.8009296482412083 39.69000000000002 39.68999999999998
63 0.3693259109311742 1.8007286432160856 39.67999999999998 39.679999999999964
64 0.37216396761133597 1.8007286432160805 39.70000000000002 39.70000000000001
65 0.3691528340080969 1.8008040201005053 39.714999999999996 39.71499999999998
66 0.3710168690958164 1.80108040201005 39.66000000000002 39.66
67 0.3664544534412954 1.8009798994974888 39.67999999999999 39.67999999999999
68 0.36972807017543863 1.8009296482412032 39.685 39.684999999999974
69 0.3709490553306341 1.800804020100505 39.67999999999998 39.67999999999998
70 0.3713093792172739 1.801005025125627 39.684999999999995 39.68499999999998
