# index clusteringCoefficient averagePathLength inDegreeMean outDegreeMean
1 0.9169764343860224 4.96849907350214 1.9024390243902438 1.9024390243902454
2 0.8187120198677903 5.046739294141268 3.2350000000000003 3.2349999999999994
3 0.7299672407296838 4.080060303102451 5.8999999999999995 5.900000000000003
4 0.6697246051165667 3.027025860208088 9.084999999999997 9.084999999999996
5 0.6257465195289081 2.7581841558698477 13.274999999999995 13.275000000000002
6 0.6020110691049594 2.396633036833609 18.100000000000005 18.099999999999998
7 0.5255752934339671 2.1361710770659545 23.409999999999993 23.41000000000001
8 0.44807849291715834 1.9759604889762052 28.184999999999995 28.185
9 0.4021210895876956 1.914082938327247 31.469999999999995 31.469999999999988
10 0.3734258349074524 1.8841400881960817 33.38500000000001 33.385000000000005
11 0.36859031670899456 1.854399548764227 34.42499999999998 34.42500000000001
12 0.3626144358644355 1.8404778997025941 35.09999999999999 35.1
13 0.36047700557700507 1.8402565591778008 35.724999999999966 35.72500000000001
14 0.3577535392535394 1.8379838892957279 35.84500000000001 35.844999999999985
15 0.3571366366366365 1.8379838892957234 35.760000000000005 35.760000000000005
16 0.35044851994851967 1.8325294815787487 36.13500000000002 36.13500000000002
17 0.3493472758472759 1.8218364550022823 36.154999999999994 36.155
18 0.34195945945945927 1.8211055276381964 36.445 36.445
19 0.3424849849849851 1.8196231155778952 36.515000000000015 36.51499999999999
20 0.34082625482625445 1.818542713567838 36.53000000000001 36.52999999999998
21 0.3440297808312512 1.8176381909547739 36.550000000000004 36.550000000000004
22 0.34559588159588167 1.816884422110555 36.67499999999999 36.675000000000026
23 0.3402794937794937 1.817085427135679 36.65499999999999 36.654999999999994
24 0.3465411840411841 1.8173115577889447 36.685000000000024 36.684999999999995
25 0.3437942942942941 1.8168090452261292 36.72000000000001 36.71999999999997
26 0.344388030888031 1.8164824120603067 36.65999999999999 36.66
27 0.34408558558558544 1.8165829145728676 36.68000000000002 36.680000000000014
28 0.3412091377091375 1.8167587939698442 36.65999999999998 36.65999999999998
29 0.34315486915486887 1.8164321608040197 36.69 36.68999999999999
30 0.3427900042900041 1.8162311557788953 36.739999999999995 36.74000000000004
31 0.34350514800514803 1.8163567839195964 36.729999999999976 36.729999999999976
32 0.3401014586014587 1.8162311557788908 36.72500000000002 36.724999999999994
33 0.3411780351780351 1.8169095477386923 36.69000000000003 36.69
34 0.34421707421707387 1.81673366834171 36.67999999999997 36.680000000000014
35 0.3431204103262928 1.8162060301507486 36.690000000000005 36.689999999999976
36 0.3393384813384816 1.8162814070351767 36.700000000000024 36.69999999999999
37 0.3420654225654225 1.816331658291461 36.709999999999994 36.709999999999994
38 0.34099549549549535 1.8163819095477416 36.699999999999974 36.70000000000001
39 0.3405729300729295 1.8166331658291472 36.65000000000001 36.65
40 0.3390731445731444 1.8162311557788913 36.68499999999999 36.685
41 0.34052894491129765 1.81660804020101 36.67 36.67
42 0.3455810810810809 1.8165075376884419 36.69 36.68999999999996
43 0.34370012870012895 1.816658291457288 36.69000000000002 36.69000000000001
44 0.34261003861003864 1.8166331658291435 36.715 36.71499999999999
45 0.3420737880737878 1.8163316582914635 36.70999999999998 36.71000000000004
46 0.34035885885885864 1.8163065326633159 36.71499999999999 36.715000000000025
47 0.3459294294294294 1.8166834170854256 36.714999999999996 36.71499999999999
48 0.34590926640926617 1.816381909547735 36.69999999999999 36.699999999999996
49 0.3415306735306733 1.8164321608040186 36.709999999999965 36.709999999999994
50 0.34408344058344054 1.816206030150757 36.710000000000015 36.71000000000001
51 0.34264586014585985 1.816381909547734 36.69999999999997 36.69999999999998
52 0.3416761046761043 1.8163819095477387 36.68500000000001 36.685
53 0.33920592020592005 1.8165577889447244 36.67000000000001 36.669999999999995
54 0.3440924495924495 1.8167085427135663 36.63499999999998 36.635
55 0.3429405834405832 1.816231155778897 36.71000000000001 36.71000000000001
56 0.34126512226512234 1.8166331658291428 36.67499999999998 36.67499999999998
57 0.3425529815529815 1.8163065326633159 36.68500000000002 36.68499999999999
58 0.34166151866151856 1.8165829145728636 36.69500000000001 36.695
59 0.3413680823680821 1.8165829145728651 36.70000000000002 36.70000000000001
60 0.3444358644358642 1.8164572864321593 36.66500000000002 36.66499999999999
61 0.3435735735735734 1.8166582914572886 36.685 36.684999999999995
62 0.3406237666237666 1.816080402010048 36.73000000000001 36.72999999999998
63 0.34558151008150967 1.8165577889447229 36.69500000000003 36.694999999999965
64 0.34315894465894425 1.8164321608040204 36.685 36.68499999999999
65 0.34232110682110706 1.8163065326633165 36.675000000000026 36.67499999999998
66 0.34110853710853717 1.8165577889447229 36.66499999999999 36.664999999999985
67 0.3434342493754259 1.816407035175875 36.67 36.669999999999966
68 0.34349806949806927 1.8168090452261358 36.70499999999999 36.705
69 0.3412170742170744 1.8165829145728642 36.69999999999999 36.70000000000002
70 0.3450233805233804 1.8168341708542743 36.71 36.71
