# index clusteringCoefficient averagePathLength inDegreeMean outDegreeMean
1 0.9445217702749983 5.442463926276216 1.5772357723577228 1.5772357723577233
2 0.8227317388128479 5.627862402905263 3.085 3.085000000000001
3 0.7253809969490055 3.0206473717428644 5.080000000000003 5.080000000000001
4 0.6913822820095189 3.5744867587575353 8.475 8.475000000000007
5 0.6427213615302722 2.8945999589350673 11.959999999999992 11.960000000000008
6 0.634329236389873 2.6687865758987135 15.51500000000001 15.51499999999999
7 0.5488971141810578 2.2717582355275834 20.339999999999993 20.339999999999996
8 0.45828837286820556 2.039593964035277 24.394999999999996 24.395000000000003
9 0.38855565446096163 1.9546703656206652 27.819999999999997 27.82000000000001
10 0.34860080576650204 1.891571258353623 30.294999999999995 30.294999999999995
11 0.33799525573432143 1.869887901043679 31.324999999999996 31.32499999999999
12 0.3402766205867158 1.8619359423379531 32.25500000000002 32.25500000000001
13 0.3393482174688057 1.8473841287656578 32.84000000000002 32.839999999999996
14 0.33409843171534326 1.8419763793587212 32.995000000000005 32.99499999999999
15 0.3272593582887703 1.845938233882983 33.18499999999999 33.185
16 0.32731116310160435 1.845761470669932 33.21499999999999 33.21499999999999
17 0.3274498663101602 1.845887730107825 33.215 33.214999999999996
18 0.32465396270396296 1.8404838261660075 33.33999999999999 33.339999999999996
19 0.3211135249554367 1.8337415721825185 33.565 33.56500000000002
20 0.32354400264504607 1.8341203504961974 33.54 33.54000000000002
21 0.31936720142602487 1.8341961061589338 33.53999999999999 33.539999999999985
22 0.32451871657754017 1.833842579732834 33.530000000000015 33.53
23 0.3206517379679149 1.8339435872831524 33.525 33.52499999999997
24 0.3228431372549019 1.8341456023837763 33.52500000000001 33.525000000000006
25 0.316941844919786 1.8345728643216095 33.70999999999998 33.71
26 0.32040998217468813 1.8343216080402014 33.705000000000034 33.70500000000002
27 0.3217959001782535 1.8340452261306488 33.71999999999998 33.71999999999999
28 0.3205046791443849 1.8334422110552757 33.68500000000003 33.684999999999995
29 0.31666555258467033 1.8334924623115592 33.679999999999986 33.68000000000001
30 0.3180893493761142 1.8338693467336618 33.690000000000005 33.68999999999998
31 0.3182275314818013 1.834120603015079 33.68999999999999 33.69
32 0.32137644830659506 1.8331407035175886 33.705 33.70499999999999
33 0.319205659536542 1.8328894472361839 33.69500000000001 33.69499999999999
34 0.3201715686274508 1.8338190954773865 33.72499999999999 33.725000000000016
35 0.31760522684146947 1.8331407035175857 33.67000000000005 33.66999999999999
36 0.32065842245989296 1.83391959798995 33.66500000000001 33.665
37 0.32099543226381483 1.8337688442211049 33.63000000000002 33.62999999999999
38 0.32200423351158647 1.8336934673366827 33.70499999999998 33.704999999999984
39 0.31912711675579364 1.8322110552763804 33.734999999999985 33.73500000000003
40 0.31670231729055265 1.8336180904522603 33.66999999999999 33.66999999999998
41 0.31476715686274515 1.8324120603015086 33.715 33.715000000000025
42 0.3186408199643493 1.8333417085427135 33.71500000000002 33.715
43 0.3182230392156862 1.8336934673366843 33.71500000000001 33.715
44 0.3181729055258467 1.8338944723618116 33.70499999999999 33.70500000000001
45 0.3207325089126559 1.8337939698492436 33.66999999999999 33.66999999999999
46 0.31679144385026714 1.8328140703517632 33.70499999999999 33.70499999999999
47 0.31616477272727267 1.8332914572864336 33.68500000000001 33.68499999999998
48 0.3182414215686275 1.8328140703517581 33.73999999999998 33.74
49 0.3152406417112299 1.8323869346733621 33.740000000000016 33.74
50 0.3153687611408202 1.83276381909548 33.679999999999986 33.680000000000014
51 0.3188697638146169 1.8326633165829207 33.69499999999998 33.695
52 0.3136285650623888 1.833366834170852 33.63999999999999 33.64
53 0.31638257575757595 1.832889447236182 33.71499999999999 33.71499999999999
54 0.32037544563279874 1.8325628140703507 33.700000000000024 33.70000000000001
55 0.31567067736185384 1.832537688442211 33.71000000000003 33.70999999999999
56 0.3189137700534757 1.8335175879396985 33.71000000000003 33.710000000000015
57 0.32082203079178895 1.8332160804020114 33.72000000000001 33.72000000000003
58 0.3199637923351159 1.8339698492462337 33.69 33.689999999999976
59 0.32077540106951846 1.8333417085427135 33.66999999999999 33.67
60 0.3215914661319074 1.8333668341708564 33.720000000000006 33.72000000000002
61 0.31960115864527644 1.8333668341708529 33.68999999999998 33.69000000000002
62 0.31813892602495547 1.8328643216080405 33.71500000000002 33.71500000000002
63 0.31907252673796793 1.8332412060301488 33.69 33.69
64 0.3209146613190727 1.8330402010050284 33.70500000000001 33.70500000000002
65 0.3177729500891263 1.8329899497487436 33.63499999999999 33.63500000000001
66 0.31968248663101634 1.8332160804020101 33.67000000000001 33.669999999999966
67 0.32254177807486634 1.8335929648241214 33.67499999999998 33.67499999999999
68 0.3196395944741536 1.8330402010050273 33.694999999999986 33.695
69 0.3185505793226381 1.833090452261311 33.71499999999997 33.71500000000004
70 0.31770554812834223 1.832964824120603 33.720000000000006 33.72000000000001
