# index clusteringCoefficient averagePathLength inDegreeMean outDegreeMean
1 0.9306331338038656 4.823955988997232 1.7398373983739837 1.739837398373984
2 0.8020407097395972 4.448419797257032 2.9200000000000004 2.9199999999999995
3 0.7066110626956517 3.513456766558502 4.7600000000000025 4.760000000000001
4 0.6357844066575288 3.3039294306335267 7.6000000000000005 7.600000000000001
5 0.6042346928885397 2.833078536637399 11.165000000000001 11.165000000000001
6 0.5433971845480765 2.552171640924399 15.47 15.47
7 0.4969671858947545 2.3199282362682814 19.38499999999999 19.385000000000005
8 0.4481479883298155 2.148287940912909 22.609999999999996 22.609999999999996
9 0.407509549620914 1.9618072618072615 25.180000000000003 25.179999999999996
10 0.36585166703080996 1.9162413054402174 26.810000000000006 26.809999999999995
11 0.32356554759339795 1.8921411179609375 27.849999999999998 27.850000000000005
12 0.31190651931270563 1.8824223156599345 28.544999999999998 28.544999999999995
13 0.303027640941434 1.8812942262332069 28.709999999999994 28.710000000000015
14 0.3037385803851321 1.8753666811213427 28.97999999999999 28.979999999999997
15 0.29445693387072674 1.8710891139112704 29.340000000000018 29.339999999999993
16 0.2917602627257798 1.869169970455291 29.395000000000003 29.395000000000003
17 0.2897683366109153 1.8641195929395737 29.519999999999996 29.519999999999996
18 0.28578899835796373 1.8613065326633123 29.650000000000002 29.650000000000016
19 0.28627257799671585 1.86248743718593 29.655 29.654999999999994
20 0.2880443349753693 1.8620351758793987 29.669999999999995 29.66999999999998
21 0.28842446633825913 1.861834170854271 29.689999999999984 29.68999999999999
22 0.2876026272577997 1.8605527638190955 29.675000000000004 29.674999999999994
23 0.2862709359605914 1.8612311557788945 29.705000000000005 29.705000000000002
24 0.284704433497537 1.8598241206030173 29.68500000000001 29.684999999999995
25 0.28447865353037793 1.8596231155778908 29.669999999999987 29.67000000000001
26 0.28359688013136297 1.8602763819095463 29.685000000000002 29.68500000000001
27 0.28195730706075517 1.8591708542713583 29.730000000000004 29.729999999999993
28 0.2856395730706078 1.8608793969849209 29.694999999999997 29.695000000000004
29 0.29074055829228224 1.8620100502512549 29.634999999999998 29.634999999999998
30 0.28402873563218406 1.8596482412060316 29.69 29.68999999999999
31 0.28509031198686424 1.8588944723618097 29.725000000000012 29.725
32 0.2841814449917896 1.8589698492462325 29.685000000000006 29.684999999999985
33 0.28672331691297226 1.859497487437186 29.699999999999978 29.700000000000003
34 0.28592118226600993 1.86005025125628 29.680000000000007 29.679999999999996
35 0.2857053457398283 1.8595728643216074 29.705000000000002 29.704999999999995
36 0.28636206896551725 1.8605778894472362 29.674999999999997 29.674999999999994
37 0.2870410509031199 1.8605025125628167 29.675 29.674999999999997
38 0.28456075533661723 1.8590452261306518 29.689999999999998 29.690000000000012
39 0.28230952380952345 1.8594974874371848 29.67999999999999 29.680000000000017
40 0.2865238095238095 1.85989949748744 29.679999999999993 29.680000000000003
41 0.28585960591132986 1.8594221105527675 29.715000000000003 29.714999999999996
42 0.28361165845648617 1.86005025125628 29.720000000000002 29.720000000000006
43 0.2821822660098524 1.85929648241206 29.665000000000003 29.665000000000013
44 0.28416912972085384 1.8591206030150769 29.694999999999997 29.695
45 0.28748440065681485 1.860829145728642 29.690000000000005 29.689999999999994
46 0.28214285714285725 1.8605025125628158 29.73 29.73
47 0.2856946725050172 1.8602763819095485 29.690000000000005 29.689999999999984
48 0.28922824302134625 1.859698492462313 29.70999999999999 29.710000000000004
49 0.2861683087027911 1.860326633165831 29.720000000000006 29.719999999999995
50 0.28759523809523807 1.8609045226130676 29.69999999999999 29.700000000000006
51 0.2886789819376025 1.8606281407035195 29.73000000000001 29.730000000000004
52 0.2859950738916256 1.8593718592964825 29.710000000000008 29.71
53 0.28808456486042733 1.8601256281407028 29.735000000000003 29.734999999999985
54 0.28303776683087034 1.8593969849246246 29.669999999999995 29.669999999999998
55 0.2806633825944169 1.8591206030150773 29.700000000000017 29.69999999999999
56 0.2877692939244666 1.8608291457286432 29.695000000000004 29.695000000000014
57 0.2841050903119871 1.8614824120603026 29.685000000000006 29.68499999999999
58 0.283211001642036 1.8612562814070337 29.665000000000003 29.66499999999999
59 0.29041707717569776 1.8602763819095467 29.71 29.70999999999999
60 0.28212972085385873 1.8582663316582908 29.71 29.710000000000008
61 0.2831379310344826 1.859020100502514 29.700000000000006 29.70000000000001
62 0.2824228243021347 1.8596733668341738 29.669999999999987 29.67
63 0.28309934318555013 1.85859296482412 29.675000000000008 29.675000000000015
64 0.2832512315270937 1.859899497487435 29.689999999999987 29.689999999999987
65 0.2859326765188832 1.8598241206030144 29.695000000000004 29.695000000000004
66 0.2836732348111663 1.8596231155778897 29.679999999999993 29.679999999999996
67 0.28419704433497534 1.8595979899497481 29.685 29.685
68 0.2843645320197046 1.859798994974875 29.72 29.71999999999999
69 0.2845500821018061 1.858994974874369 29.715000000000007 29.714999999999996
70 0.285467159277504 1.8597989949748759 29.709999999999994 29.709999999999994
