# index clusteringCoefficient averagePathLength inDegreeMean outDegreeMean
1 0.9284078011720289 4.747336377473352 1.7886178861788617 1.7886178861788626
2 0.8109573706110593 4.551895915138036 2.9600000000000004 2.9600000000000017
3 0.7024142197819576 4.166427993275617 5.029999999999997 5.03
4 0.664200202132529 3.5118676686217016 8.28 8.280000000000003
5 0.6189503069237154 2.835827648614802 12.624999999999995 12.625000000000007
6 0.6084316528094713 2.425837755875658 17.400000000000002 17.400000000000006
7 0.5199581723419644 2.245125047264089 22.52499999999999 22.525000000000002
8 0.45589563141120676 2.03400483481064 26.229999999999997 26.229999999999993
9 0.4022716657377369 1.937841869716559 29.150000000000002 29.150000000000013
10 0.3728001242753656 1.87856696521558 31.575 31.57499999999999
11 0.35466954917451604 1.8497124799253999 33.104999999999954 33.10499999999998
12 0.3555539000478147 1.8352112311238864 34.025000000000034 34.025
13 0.3516538748832864 1.8287591805179737 34.59000000000002 34.59000000000002
14 0.347664281654691 1.8294518276662466 34.85999999999998 34.859999999999985
15 0.3465284780578895 1.8286381401959277 35.135 35.13500000000002
16 0.3413380018674138 1.823206943809963 35.32499999999999 35.325
17 0.338232026143791 1.8227317491982529 35.45499999999997 35.454999999999984
18 0.34086788048552774 1.8234388020504466 35.48 35.48000000000002
19 0.3337623716153127 1.8225125628140733 35.64499999999997 35.644999999999996
20 0.3343015873015873 1.822487437185928 35.69499999999998 35.69499999999998
21 0.33752334267040146 1.8236432160804017 35.685 35.68499999999998
22 0.3362721755368812 1.8236432160804035 35.685 35.68499999999999
23 0.3396302521008404 1.823366834170855 35.69499999999998 35.69499999999996
24 0.3365826330532212 1.8225125628140681 35.71000000000001 35.709999999999994
25 0.3352922502334264 1.822437185929648 35.69000000000003 35.68999999999999
26 0.3358795518207284 1.8221105527638228 35.73 35.73000000000001
27 0.33459943977591033 1.8218341708542691 35.68000000000003 35.68
28 0.33159570494864626 1.821783919597995 35.68500000000003 35.68499999999999
29 0.3356652661064423 1.8219597989949745 35.68000000000001 35.67999999999996
30 0.33496918767506983 1.8218090452261293 35.690000000000005 35.69
31 0.33515966386554646 1.8216582914572865 35.70499999999999 35.70499999999999
32 0.33743277310924397 1.822236180904524 35.70500000000001 35.705
33 0.3329421101774042 1.8223618090452254 35.7 35.69999999999999
34 0.33460830999066266 1.8210301507537732 35.735 35.735
35 0.3342539682539683 1.82178391959799 35.66500000000002 35.665
36 0.3314696545284778 1.8218341708542731 35.72999999999998 35.730000000000004
37 0.3362404295051351 1.8220351758793927 35.684999999999995 35.684999999999974
38 0.3351591970121383 1.8219849246231163 35.66999999999999 35.66999999999998
39 0.3357007469654525 1.821331658291458 35.73999999999999 35.739999999999995
40 0.334825396825397 1.8218844221105528 35.68499999999998 35.684999999999974
41 0.33261858076563955 1.8218090452261284 35.67500000000001 35.67499999999999
42 0.33540047534165196 1.821859296482412 35.69499999999999 35.69499999999997
43 0.334252100840336 1.8217839195979892 35.699999999999996 35.7
44 0.3340354808590103 1.8219346733668333 35.68499999999998 35.68499999999998
45 0.33178478057889804 1.8219849246231148 35.67000000000001 35.66999999999997
46 0.3341297852474323 1.8218844221105521 35.63500000000001 35.635000000000005
47 0.33328944911297853 1.8219095477386913 35.69499999999999 35.695
48 0.33621008403361335 1.8222110552763826 35.67500000000002 35.675
49 0.3334925303454716 1.8218341708542685 35.67 35.67
50 0.33464005602240887 1.8222110552763826 35.655 35.65499999999999
51 0.3352763772175539 1.8216834170854264 35.70499999999999 35.70499999999998
52 0.33658916900093366 1.8222110552763833 35.660000000000004 35.66000000000002
53 0.3327842288430522 1.8220603015075385 35.72000000000002 35.72000000000001
54 0.33506255835667575 1.8216331658291443 35.704999999999984 35.70499999999998
55 0.3342754435107375 1.8222361809045262 35.660000000000004 35.66000000000002
56 0.33168534080298767 1.8217839195979928 35.64999999999999 35.65
57 0.3368730158730158 1.821733668341709 35.70500000000001 35.705000000000005
58 0.3355284780578897 1.8221356783919591 35.69500000000001 35.69500000000001
59 0.333093370681606 1.8225125628140697 35.634999999999984 35.63499999999998
60 0.33402240896358526 1.8223869346733683 35.685000000000024 35.68499999999998
61 0.33438235294117613 1.8213819095477437 35.71500000000001 35.71500000000001
62 0.33561064425770293 1.8219597989949734 35.69000000000004 35.690000000000005
63 0.3324677871148459 1.8216834170854304 35.71000000000001 35.709999999999994
64 0.33320588235294113 1.8215577889447243 35.68999999999999 35.68999999999997
65 0.3361643323996265 1.821859296482415 35.685 35.68499999999999
66 0.33428618113912245 1.8218341708542678 35.66000000000001 35.65999999999998
67 0.33481045751633975 1.8215829145728644 35.67500000000003 35.675000000000004
68 0.3348856209150328 1.821658291457286 35.68 35.679999999999986
69 0.33818720821662024 1.8217839195979928 35.69 35.68999999999998
70 0.3333253968253965 1.822110552763814 35.69 35.68999999999998
