# index clusteringCoefficient averagePathLength inDegreeMean outDegreeMean
1 0.9259837068983412 4.832222087525732 1.7398373983739843 1.7398373983739839
2 0.8116923702500116 4.931600971224859 3.1299999999999994 3.129999999999998
3 0.6995097933953995 3.80716177948296 4.954999999999998 4.954999999999996
4 0.6779094081938092 3.6030998411742217 7.51 7.509999999999999
5 0.6685696102127581 3.2536482769778274 10.51 10.509999999999998
6 0.6514342021536669 2.7521341293310324 14.27 14.27
7 0.5553975268169955 2.314315800842399 19.355000000000004 19.354999999999993
8 0.4390524076703189 2.0945375963341055 23.770000000000003 23.769999999999985
9 0.37069438236177954 1.9384678494513383 27.969999999999995 27.970000000000002
10 0.3364786972885318 1.8896768104481814 30.254999999999995 30.255
11 0.324538943120283 1.861149180244658 31.565 31.56500000000001
12 0.31559525351869927 1.854877402085807 31.910000000000025 31.910000000000004
13 0.3143637655355397 1.8507613444104962 32.14999999999998 32.15
14 0.3170790404441682 1.847958384889272 32.164999999999964 32.165000000000006
15 0.31483779252538013 1.8459547738693483 32.390000000000015 32.38999999999997
16 0.3135997067448677 1.8447236180904552 32.53 32.530000000000015
17 0.3113636363636364 1.8387939698492473 32.69500000000001 32.695
18 0.3078659579667648 1.8394472361808971 32.690000000000026 32.690000000000005
19 0.30562774926686215 1.8388693467336712 32.72500000000001 32.724999999999994
20 0.30802022238514165 1.8392964824120581 32.67499999999999 32.674999999999976
21 0.3083092008797655 1.8392462311557773 32.69500000000003 32.695
22 0.3087958211143696 1.8387939698492444 32.71000000000001 32.71000000000001
23 0.3097440127077229 1.8394974874371892 32.7 32.70000000000003
24 0.3104884530791789 1.838944723618089 32.715 32.71500000000001
25 0.3110911534701857 1.83922110552764 32.71000000000001 32.71000000000001
26 0.3124312683284456 1.8394974874371859 32.69 32.690000000000005
27 0.31205950635386115 1.8394723618090423 32.684999999999974 32.68499999999999
28 0.310329301075269 1.8392211055276366 32.69499999999999 32.69500000000003
29 0.31093200146627575 1.8394221105527653 32.684999999999974 32.684999999999974
30 0.3103305229716521 1.8395477386934695 32.65499999999998 32.65500000000002
31 0.31026087487781034 1.8395226130653255 32.680000000000014 32.679999999999986
32 0.30946358748778086 1.8383417085427114 32.70000000000002 32.699999999999996
33 0.3135541911045939 1.8386683417085419 32.689999999999976 32.68999999999998
34 0.3109582722385142 1.8396733668341694 32.66500000000003 32.664999999999985
35 0.30682337487781075 1.838869346733674 32.674999999999976 32.675000000000026
36 0.30848484848484853 1.8384673366834168 32.72000000000002 32.71999999999999
37 0.30968902737047893 1.8396482412060324 32.70500000000002 32.705
38 0.30756537145650026 1.8388944723618046 32.71000000000001 32.710000000000015
39 0.3098594819159342 1.8393718592964816 32.68999999999998 32.69
40 0.3107615469208211 1.8392462311557796 32.675000000000026 32.674999999999976
41 0.3100974462365592 1.83967336683417 32.715000000000025 32.71499999999999
42 0.3081882331378299 1.8395728643216098 32.665000000000006 32.665
43 0.3081824291300095 1.8393216080402017 32.70499999999999 32.70499999999999
44 0.30830584066471173 1.8388944723618106 32.70999999999997 32.71000000000003
45 0.3111571358748778 1.8386432160804005 32.71999999999999 32.719999999999985
46 0.3105794843597264 1.8387185929648242 32.710000000000015 32.71
47 0.30867576979472156 1.838718592964821 32.700000000000024 32.69999999999999
48 0.3079973118279572 1.8391457286432138 32.695 32.695
49 0.30965420332355803 1.8395979899497499 32.65999999999999 32.66000000000001
50 0.30874755620723354 1.8388190954773862 32.71999999999999 32.71999999999999
51 0.30685361681329437 1.8394974874371857 32.674999999999976 32.67499999999999
52 0.3117002688172041 1.8394723618090423 32.69499999999998 32.695000000000014
53 0.3112289222873903 1.8403015075376876 32.68999999999998 32.69
54 0.31308956500488755 1.8405025125628125 32.66499999999998 32.664999999999985
55 0.3104444648093842 1.8395979899497517 32.679999999999986 32.68
56 0.30951796187683295 1.8396482412060309 32.72000000000002 32.72
57 0.31271810850439896 1.8392713567839207 32.675 32.675000000000004
58 0.3105739858260022 1.8393969849246223 32.69999999999999 32.70000000000002
59 0.31266801075268796 1.8403015075376907 32.695 32.695000000000014
60 0.3111727150537632 1.8398492462311609 32.705 32.70500000000001
61 0.31159610215053773 1.8399246231155786 32.684999999999995 32.68500000000001
62 0.3084711021505375 1.8386180904522598 32.66 32.660000000000004
63 0.31317766373411554 1.839472361809043 32.68999999999999 32.69
64 0.3116025171065492 1.8397738693467345 32.69999999999999 32.7
65 0.310246517595308 1.8388442211055258 32.669999999999995 32.66999999999999
66 0.3120320136852396 1.839070351758791 32.695000000000014 32.69499999999999
67 0.30952254398827006 1.839271356783918 32.7 32.7
68 0.3090460043988271 1.8393969849246223 32.660000000000004 32.65999999999997
69 0.31152737047898343 1.8393718592964838 32.74499999999997 32.745000000000005
70 0.3076059995112415 1.8392964824120606 32.694999999999986 32.695
