# index clusteringCoefficient averagePathLength inDegreeMean outDegreeMean
1 0.9171200362065978 4.093816631130062 1.9105691056910568 1.9105691056910563
2 0.827998514203236 4.275101326455438 3.0400000000000014 3.0400000000000027
3 0.7043298128042936 4.340268090010331 4.879999999999997 4.879999999999999
4 0.6417609331309887 3.316994365420227 7.9649999999999945 7.964999999999996
5 0.5763317405257792 2.733085176264506 10.784999999999988 10.785000000000002
6 0.514534565971453 2.6373457238275013 14.774999999999999 14.774999999999993
7 0.46877516856702733 2.3003796051014676 20.370000000000005 20.369999999999983
8 0.4249003754577345 2.024364406779644 24.970000000000006 24.970000000000013
9 0.37993546873122436 1.893252153568011 29.09499999999999 29.095000000000006
10 0.3605251522039965 1.8508760269055904 31.21500000000003 31.215
11 0.3492278843628227 1.8554081285493675 31.70999999999999 31.70999999999999
12 0.34125557040998244 1.8433435398183762 32.19499999999998 32.195
13 0.33333870608360633 1.8462826955289262 32.499999999999936 32.499999999999986
14 0.3361653297682712 1.841375243564761 32.86000000000001 32.86
15 0.3314577762923351 1.8346836221925957 33.05499999999999 33.055
16 0.32471373201434894 1.83477689957324 33.454999999999956 33.45499999999999
17 0.32066510695187134 1.833362793868844 33.53 33.53000000000001
18 0.3209347147950092 1.8334638014191553 33.54 33.539999999999985
19 0.32265875668449195 1.8382160804020082 33.54500000000001 33.54499999999999
20 0.32313112745098055 1.8339688391707276 33.55499999999998 33.554999999999986
21 0.3218259803921568 1.8381658291457286 33.529999999999994 33.530000000000015
22 0.3224888591800359 1.8334890533067332 33.50499999999998 33.505
23 0.3183695409982176 1.8377638190954724 33.55499999999999 33.555000000000035
24 0.3187483288770054 1.8325799853539073 33.49499999999998 33.49499999999998
25 0.3205899064171121 1.833236534430951 33.51499999999999 33.51500000000003
26 0.31753787878787876 1.8338190954773894 33.63499999999999 33.635000000000005
27 0.3234854055258463 1.834045226130652 33.665000000000006 33.66499999999999
28 0.3191789215686273 1.8329145728643201 33.71500000000003 33.714999999999975
29 0.3179094251336898 1.8331658291457322 33.68500000000001 33.684999999999995
30 0.3219663547237076 1.8328391959798995 33.65999999999999 33.65999999999999
31 0.3179489750445632 1.8334170854271334 33.66999999999999 33.67
32 0.3197120098039218 1.833643216080403 33.675000000000004 33.67499999999998
33 0.3200345365418895 1.8329145728643224 33.69999999999999 33.69999999999998
34 0.32490251782531177 1.8333668341708542 33.69500000000002 33.694999999999986
35 0.31983344474153286 1.8332160804020114 33.7 33.699999999999996
36 0.31811887254902 1.833442211055276 33.689999999999976 33.69
37 0.31532921122994684 1.8330653266331651 33.665 33.664999999999964
38 0.31799910873440257 1.8330150753768888 33.699999999999996 33.700000000000024
39 0.3182376480650914 1.8338693467336697 33.67500000000002 33.675
40 0.3163764483065956 1.8330653266331645 33.65 33.65
41 0.31808545008912675 1.8331155778894466 33.69999999999999 33.69999999999999
42 0.32151737967914434 1.832839195979898 33.69 33.69000000000001
43 0.3224515374331551 1.833015075376886 33.685 33.684999999999995
44 0.31779356060606045 1.8330150753768837 33.69499999999999 33.695
45 0.3178091577540107 1.833140703517589 33.66999999999997 33.66999999999998
46 0.31368204099821767 1.8325125628140708 33.67500000000001 33.675000000000004
47 0.32082497771836027 1.8329396984924609 33.66999999999999 33.66999999999998
48 0.31787210338680916 1.83319095477387 33.65999999999999 33.66
49 0.31537488859180046 1.8337688442211029 33.61999999999996 33.61999999999999
50 0.3179868538324419 1.8330653266331687 33.72499999999997 33.724999999999966
51 0.3160054590017824 1.8325125628140717 33.70500000000003 33.705000000000005
52 0.3164900846702317 1.8327889447236192 33.680000000000014 33.67999999999999
53 0.31946468360071284 1.833366834170855 33.70000000000001 33.70000000000001
54 0.3241298480535907 1.8338190954773883 33.69499999999998 33.69499999999999
55 0.32132742869875197 1.8334673366834189 33.655 33.655
56 0.3198991755793224 1.8338190954773887 33.66499999999999 33.66499999999997
57 0.31843360071301247 1.833542713567837 33.679999999999986 33.679999999999986
58 0.319773032746823 1.833618090452262 33.700000000000024 33.70000000000001
59 0.3214069597780462 1.8335175879396992 33.70500000000001 33.70499999999999
60 0.32273562834224584 1.8335175879396999 33.690000000000005 33.690000000000005
61 0.3195053475935832 1.8343969849246224 33.69500000000002 33.69499999999998
62 0.3183124173423037 1.8333919597989905 33.64500000000002 33.64500000000002
63 0.3214744875222816 1.832939698492462 33.72499999999999 33.72499999999998
64 0.3172420900178254 1.8331407035175842 33.68500000000002 33.68500000000001
65 0.31524525976079604 1.8329648241206045 33.71499999999999 33.714999999999975
66 0.3165279634581105 1.8326633165829127 33.67499999999997 33.67500000000001
67 0.31846145276292304 1.8334170854271379 33.65000000000002 33.64999999999999
68 0.3192764037433155 1.8329899497487423 33.66 33.66
69 0.31849209001782564 1.8327638190954767 33.690000000000026 33.68999999999998
70 0.3184536541889484 1.8336683417085398 33.70000000000001 33.7
