# index clusteringCoefficient averagePathLength inDegreeMean outDegreeMean
1 0.9312161999294042 4.641297488325129 1.7317073170731703 1.731707317073171
2 0.816507000184948 4.610666343199104 3.07 3.07
3 0.6859355033855039 3.9397090488944895 4.695000000000003 4.695000000000002
4 0.6457487237226819 3.7026064129008054 7.845000000000001 7.845000000000001
5 0.5820350900844067 2.9896490475898774 11.275 11.275000000000002
6 0.5131177384117429 2.5123535617122905 15.505000000000006 15.505000000000004
7 0.4539259195600866 2.206695977498025 20.035000000000007 20.035000000000004
8 0.4024394850445034 2.027517081860002 23.58999999999999 23.590000000000007
9 0.3627901008282171 1.9423972781994234 26.085 26.084999999999997
10 0.32370980324542026 1.8960985414626639 27.709999999999987 27.71
11 0.3131046216928459 1.8836815792847041 28.42500000000001 28.42499999999999
12 0.3055533661740558 1.8792454735991508 29.125000000000004 29.125000000000007
13 0.2988669950738917 1.8676548572005758 29.409999999999993 29.410000000000004
14 0.30043596059113303 1.8682103987273067 29.435 29.434999999999985
15 0.2992586206896549 1.8670488118986888 29.370000000000008 29.370000000000008
16 0.29263875205254525 1.8604522613065333 29.705000000000002 29.704999999999995
17 0.2888201970443351 1.8599999999999997 29.670000000000005 29.67000000000001
18 0.2916100164203613 1.8593216080402024 29.715 29.715000000000003
19 0.2917208538587848 1.862060301507537 29.680000000000003 29.679999999999996
20 0.29137027914614105 1.8611809045226124 29.695000000000004 29.695000000000007
21 0.2883834154351396 1.8587939698492462 29.70500000000001 29.705000000000005
22 0.2922668308702791 1.861356783919598 29.71000000000001 29.709999999999997
23 0.2924367816091957 1.861834170854271 29.680000000000003 29.680000000000014
24 0.2948719211822661 1.8591708542713583 29.744999999999994 29.745000000000005
25 0.289162561576355 1.8602010050251272 29.769999999999985 29.770000000000003
26 0.29232430213464705 1.8611809045226124 29.704999999999995 29.70499999999999
27 0.2915632183908048 1.8604271356783928 29.709999999999994 29.710000000000004
28 0.2902750410509032 1.8621356783919627 29.689999999999994 29.69000000000001
29 0.29086288998357934 1.862010050251257 29.674999999999997 29.675
30 0.2894967159277503 1.8607788944723633 29.71999999999999 29.71999999999999
31 0.2899105090311986 1.8601256281407035 29.70000000000001 29.700000000000017
32 0.28806321839080445 1.8607035175879383 29.67500000000001 29.675000000000008
33 0.2924761904761907 1.8610804020100495 29.68500000000001 29.685000000000013
34 0.2903866995073896 1.861105527638191 29.705 29.704999999999984
35 0.28978735632183883 1.8606532663316597 29.695000000000004 29.695000000000007
36 0.29020689655172416 1.8595477386934673 29.694999999999997 29.695
37 0.2897660098522168 1.860402010050251 29.720000000000002 29.720000000000002
38 0.29354187192118203 1.8612311557788979 29.674999999999994 29.675000000000004
39 0.29063711001642034 1.8605778894472376 29.694999999999997 29.694999999999997
40 0.28914778325123164 1.8621608040200979 29.714999999999996 29.714999999999996
41 0.287257799671593 1.8601507537688446 29.690000000000005 29.69
42 0.29487110016420354 1.8606532663316613 29.719999999999995 29.720000000000002
43 0.2895369458128075 1.8606532663316562 29.725 29.724999999999994
44 0.288844827586207 1.861532663316584 29.710000000000004 29.70999999999999
45 0.2848489326765188 1.8613316582914594 29.67500000000001 29.674999999999997
46 0.2892241379310347 1.861005025125628 29.700000000000006 29.69999999999999
47 0.28805336617405575 1.8601758793969843 29.680000000000003 29.68000000000001
48 0.2874556650246304 1.8616331658291456 29.695000000000004 29.695000000000004
49 0.28991215106732365 1.8594723618090458 29.74 29.740000000000006
50 0.2900008210180624 1.860100502512562 29.75500000000002 29.755000000000003
51 0.2924277504105088 1.8612311557788936 29.664999999999992 29.664999999999996
52 0.2906568144499174 1.859472361809043 29.704999999999995 29.705
53 0.2966182266009854 1.8612814070351773 29.704999999999995 29.704999999999995
54 0.29241871921182266 1.8609296482412057 29.72 29.72
55 0.29549753694581266 1.859698492462313 29.74499999999999 29.745000000000005
56 0.29110016420361234 1.8598994974874357 29.685 29.685000000000006
57 0.2922356321839079 1.859974874371859 29.72000000000001 29.720000000000002
58 0.2923292282430215 1.8623115577889418 29.685 29.68500000000001
59 0.29182266009852215 1.8615075376884411 29.705 29.704999999999984
60 0.29820361247947463 1.8621356783919605 29.694999999999997 29.694999999999993
61 0.28952873563218406 1.8612311557788996 29.699999999999992 29.7
62 0.2902036124794745 1.859874371859298 29.724999999999994 29.725
63 0.288330870279146 1.8611055276381916 29.66999999999999 29.67
64 0.2923990147783249 1.860125628140704 29.70500000000001 29.70500000000001
65 0.2942331691297209 1.8608793969849249 29.699999999999974 29.70000000000001
66 0.2896945812807883 1.860402010050252 29.729999999999993 29.729999999999993
67 0.2908546798029556 1.861231155778894 29.685 29.684999999999988
68 0.2939228243021347 1.8626884422110552 29.695000000000007 29.694999999999997
69 0.2939203612479474 1.8606281407035135 29.74 29.740000000000002
70 0.29241461412151043 1.8616582914572863 29.709999999999997 29.70999999999999
