# index clusteringCoefficient averagePathLength inDegreeMean outDegreeMean
1 0.9347671241894605 4.707780612244905 1.6829268292682928 1.6829268292682935
2 0.8072310339557245 5.369951609901357 2.9599999999999986 2.960000000000001
3 0.7085831960523133 3.4847013113161696 4.625000000000002 4.625000000000001
4 0.6540709831104572 3.8237692604832842 7.275 7.274999999999999
5 0.6280199237952638 3.059407300573466 10.165000000000003 10.165000000000001
6 0.5765235745233959 2.675626503902814 13.549999999999999 13.550000000000002
7 0.4645322458956964 2.400752413774952 17.27499999999998 17.275
8 0.37170893173771113 2.1514386287113476 20.744999999999997 20.74499999999999
9 0.3095874722086966 2.0054311963859406 23.205000000000002 23.205000000000005
10 0.2809075242782675 1.9506116440789822 24.47500000000001 24.474999999999987
11 0.2697223673815005 1.9328804828160902 24.87 24.869999999999997
12 0.2657324175824176 1.9246231155778895 25.009999999999994 25.01
13 0.26600384615384615 1.9238150551753759 25.04 25.040000000000003
14 0.26091794871794854 1.9182596399080825 25.179999999999993 25.180000000000017
15 0.2590410256410257 1.9071993131486578 25.435000000000002 25.435000000000002
16 0.2505454212454215 1.9071859296482405 25.505000000000006 25.504999999999992
17 0.24981755852842802 1.898341708542715 25.690000000000005 25.689999999999994
18 0.2502833333333335 1.8980904522613058 25.699999999999992 25.7
19 0.24784777034559638 1.8971608040200976 25.67999999999999 25.68
20 0.24818717948717947 1.8977135678391959 25.705 25.704999999999995
21 0.25016666666666676 1.9005778894472354 25.68 25.680000000000007
22 0.25329871794871806 1.9013819095477376 25.664999999999985 25.665000000000003
23 0.25326025641025657 1.8991708542713541 25.705000000000002 25.705000000000002
24 0.2511769230769232 1.9001758793969834 25.649999999999995 25.649999999999995
25 0.2502833333333333 1.9008291457286426 25.68 25.680000000000003
26 0.2482717948717948 1.89967336683417 25.689999999999987 25.689999999999987
27 0.2518591973244147 1.900954773869346 25.670000000000012 25.67
28 0.25182051282051293 1.8994723618090459 25.72999999999999 25.72999999999999
29 0.24979102564102557 1.9005778894472354 25.694999999999975 25.694999999999993
30 0.24936794871794876 1.8986432160804012 25.69 25.69000000000001
31 0.24696538461538473 1.897512562814071 25.69999999999999 25.69999999999998
32 0.24997173913043458 1.897487437185929 25.74500000000001 25.745000000000008
33 0.24999487179487198 1.8997236180904515 25.715 25.714999999999996
34 0.24716410256410257 1.8969346733668335 25.7 25.699999999999992
35 0.24727820512820503 1.8975879396984932 25.704999999999984 25.70499999999999
36 0.24950897435897462 1.8988693467336684 25.684999999999995 25.685000000000006
37 0.24743974358974377 1.8985678391959806 25.715000000000007 25.71499999999999
38 0.25165897435897444 1.8984422110552768 25.680000000000035 25.680000000000003
39 0.24941410256410265 1.9007286432160815 25.689999999999987 25.690000000000005
40 0.24563450390189523 1.8980904522613058 25.669999999999987 25.67000000000001
41 0.2485033444816053 1.898919597989949 25.67 25.670000000000005
42 0.2463576923076925 1.8988693467336684 25.684999999999995 25.685000000000002
43 0.2513371794871795 1.8995477386934667 25.675000000000015 25.675000000000004
44 0.24951282051282053 1.8985678391959813 25.69499999999998 25.695000000000004
45 0.2498205128205124 1.8982412060301501 25.700000000000014 25.7
46 0.24681923076923085 1.8991708542713552 25.714999999999986 25.714999999999993
47 0.24753205128205122 1.8980150753768863 25.709999999999994 25.71
48 0.24733205128205127 1.8985427135678399 25.68 25.68000000000001
49 0.2463807692307693 1.8997989949748748 25.700000000000003 25.700000000000006
50 0.24777307692307685 1.90032663316583 25.665 25.665000000000003
51 0.2520269230769228 1.9010301507537695 25.66500000000001 25.66499999999999
52 0.25338205128205105 1.9010804020100518 25.715 25.715
53 0.2457538461538461 1.8981909547738687 25.69999999999999 25.699999999999985
54 0.24910897435897458 1.8975879396984925 25.725000000000005 25.72499999999999
55 0.24869615384615382 1.8966834170854272 25.695000000000007 25.694999999999993
56 0.2500589743589744 1.897763819095476 25.71999999999999 25.719999999999995
57 0.2459927536231884 1.8996984924623113 25.68 25.680000000000003
58 0.2495333333333334 1.897361809045224 25.714999999999993 25.714999999999993
59 0.24928205128205153 1.8989949748743733 25.67499999999999 25.674999999999994
60 0.24713333333333318 1.8988442211055276 25.71999999999999 25.720000000000006
61 0.24838717948717956 1.8976381909547742 25.695000000000007 25.69499999999999
62 0.24564743589743585 1.8961557788944727 25.67499999999999 25.674999999999997
63 0.24453846153846162 1.8986432160804005 25.715000000000003 25.714999999999993
64 0.24537435897435902 1.8987939698492455 25.69 25.689999999999998
65 0.24855384615384626 1.8981909547738687 25.705 25.705
66 0.2455269230769229 1.8996482412060305 25.659999999999993 25.660000000000014
67 0.2484012820512821 1.8985175879396992 25.7 25.699999999999992
68 0.25247179487179483 1.8989447236180896 25.669999999999998 25.66999999999999
69 0.2501753623188405 1.898718592964825 25.664999999999992 25.665000000000006
70 0.2468846153846154 1.898467336683417 25.705000000000013 25.70500000000001
