# index clusteringCoefficient averagePathLength inDegreeMean outDegreeMean
1 0.915069404265961 4.221445547322794 1.9430894308943094 1.9430894308943085
2 0.8185558998416503 3.840536417948394 3.375 3.3749999999999982
3 0.7068966754617234 3.975098142614414 5.425000000000003 5.424999999999998
4 0.6833822601521213 3.906606201740407 8.030000000000006 8.029999999999996
5 0.6352082548978687 2.908630293268919 11.529999999999998 11.529999999999998
6 0.5453702985631229 2.508909566380811 15.545000000000003 15.545000000000005
7 0.4861626170465882 2.1749278707443893 20.94000000000001 20.939999999999994
8 0.4414419820883409 2.057344146800995 24.704999999999995 24.70500000000001
9 0.4008397163179914 1.9503153731024157 28.199999999999996 28.200000000000006
10 0.3494245746340134 1.8794033640114238 30.55 30.549999999999986
11 0.3458159981749619 1.8565640620889259 31.770000000000003 31.770000000000003
12 0.3477431068505242 1.8429468725464553 32.68000000000001 32.68
13 0.3458545199898142 1.845938878063789 33.35 33.349999999999994
14 0.33948045900178253 1.8454393178011284 33.690000000000005 33.690000000000005
15 0.33755360325948575 1.843034266811444 33.970000000000006 33.970000000000006
16 0.33491148141074656 1.8438190954773883 34.10500000000001 34.10500000000002
17 0.33104100997042174 1.8383417085427143 34.304999999999986 34.304999999999986
18 0.33499719887955204 1.838417085427135 34.31999999999997 34.319999999999986
19 0.3300311815635349 1.8336934673366827 34.45 34.44999999999998
20 0.3318376782531194 1.8336180904522623 34.51999999999997 34.519999999999975
21 0.32993605805958753 1.8286432160804016 34.629999999999995 34.62999999999999
22 0.3311695951107717 1.8278391959798974 34.699999999999996 34.70000000000001
23 0.33134148204736463 1.8277889447236173 34.66 34.65999999999996
24 0.329633817163229 1.8269849246231156 34.73499999999999 34.73499999999999
25 0.32777361853832426 1.8268844221105527 34.74 34.739999999999995
26 0.3267300738477209 1.8272613065326666 34.68499999999999 34.685000000000024
27 0.3281874204227143 1.8277135678392018 34.665 34.665
28 0.32823249299719914 1.8268090452261336 34.72499999999999 34.725000000000016
29 0.3278339699516172 1.8271608040200997 34.68000000000001 34.679999999999986
30 0.3266511331805452 1.8275628140703526 34.644999999999996 34.64499999999997
31 0.32552641965877266 1.828140703517585 34.67499999999999 34.675
32 0.3282090654443594 1.8270100502512563 34.70500000000001 34.705
33 0.32694779730073875 1.8276884422110604 34.72500000000001 34.724999999999994
34 0.3256834733893559 1.8275125628140707 34.67999999999998 34.680000000000014
35 0.3265271199388852 1.8271356783919561 34.719999999999985 34.71999999999997
36 0.32715024191494785 1.8275376884422125 34.705 34.70499999999999
37 0.32386452762923346 1.8272110552763818 34.71499999999999 34.71500000000002
38 0.3295640437993385 1.8275628140703482 34.709999999999994 34.710000000000015
39 0.3252635599694424 1.8273869346733647 34.680000000000014 34.67999999999999
40 0.3254199134199134 1.8270603015075377 34.709999999999994 34.70999999999999
41 0.32645938375350125 1.827663316582917 34.69499999999997 34.69499999999998
42 0.32603089190221574 1.827236180904527 34.725000000000016 34.72500000000002
43 0.32770284250063675 1.8276130653266327 34.685000000000024 34.68499999999998
44 0.3271156098803158 1.8278894472361809 34.649999999999984 34.65000000000001
45 0.32781660618792996 1.8272110552763743 34.65499999999999 34.65499999999996
46 0.3289108734402851 1.8278643216080417 34.685 34.685
47 0.3272762923351164 1.8267839195979914 34.70499999999999 34.70500000000001
48 0.32445199898141097 1.827336683417087 34.63999999999999 34.63999999999999
49 0.32486223580341234 1.827060301507538 34.71 34.709999999999994
50 0.32348036032594907 1.8272613065326604 34.65999999999998 34.65999999999998
51 0.3245859434682965 1.8276130653266331 34.63999999999998 34.63999999999998
52 0.330440285204991 1.828115577889444 34.639999999999986 34.640000000000015
53 0.3273189457601224 1.827788944723621 34.68500000000003 34.685
54 0.3283076139546731 1.827437185929645 34.70499999999999 34.704999999999984
55 0.328619302266361 1.8275376884422136 34.67999999999999 34.68000000000001
56 0.32719480519480526 1.8269597989949735 34.710000000000015 34.70999999999997
57 0.32644996180290314 1.8271608040201004 34.725 34.725
58 0.32636007130124794 1.827562814070351 34.71 34.71
59 0.3232615227909348 1.827462311557791 34.690000000000005 34.690000000000005
60 0.32943824802648336 1.8274120603015098 34.699999999999996 34.699999999999996
61 0.32756760886172676 1.8272864321608056 34.66999999999996 34.66999999999999
62 0.32512936083524324 1.8273618090452268 34.70499999999999 34.705
63 0.3276659027247264 1.8273115577889463 34.68000000000001 34.68000000000001
64 0.3257807486631016 1.826959798994977 34.725000000000016 34.725
65 0.32949885408708945 1.8276381909547745 34.68000000000001 34.68
66 0.3269365928189453 1.827462311557792 34.690000000000005 34.69
67 0.32741762159409277 1.8270854271356776 34.715 34.71500000000001
68 0.32711484593837525 1.8281155778894502 34.675 34.675000000000004
69 0.3241517697988288 1.8272110552763885 34.66499999999999 34.664999999999985
70 0.32886172650878515 1.8274371859296474 34.69499999999997 34.695
