# index clusteringCoefficient averagePathLength inDegreeMean outDegreeMean
1 0.9381438866547459 4.4737307400858715 1.7154471544715446 1.7154471544715444
2 0.8010472342059565 4.402331545814887 2.995 2.994999999999999
3 0.7060519909464347 3.659313405560631 4.914999999999996 4.914999999999998
4 0.6338987347602654 3.3976001366470223 8.044999999999998 8.044999999999995
5 0.5994352771703556 2.8423518742442524 12.114999999999991 12.115
6 0.5653723598724625 2.4955349563681772 16.84 16.839999999999996
7 0.5292822786770633 2.345376241177166 20.720000000000006 20.720000000000002
8 0.46990648880955 2.1285619995982263 25.035000000000004 25.034999999999997
9 0.45544083719132283 2.0535770654575605 28.340000000000003 28.33999999999999
10 0.455233656728053 1.9869142250408918 30.025000000000013 30.025000000000002
11 0.4551113948650506 1.9711807338925975 30.979999999999997 30.98000000000001
12 0.4547207726036001 1.970524453575301 31.33 31.330000000000002
13 0.4486935319582381 1.9903767920769861 31.734999999999985 31.734999999999992
14 0.4448344557403383 1.9723367842213058 31.880000000000006 31.879999999999992
15 0.44311805166511065 1.9633869202929055 32.28000000000003 32.28000000000004
16 0.43086120337463085 1.9438694819788571 32.82499999999999 32.824999999999996
17 0.43222969187675053 1.9611276046724573 32.89499999999998 32.89500000000001
18 0.4315077667430608 1.9496129408174023 32.85500000000001 32.855000000000004
19 0.42978380443086345 1.9438139896229283 32.820000000000014 32.82000000000004
20 0.4288523045581871 1.9283316223190243 33.06999999999999 33.06999999999997
21 0.42970537305831447 1.9252795427429863 33.05500000000003 33.05499999999999
22 0.4329867583396993 1.9233650564634697 32.98500000000001 32.98500000000002
23 0.4233348612172144 1.9155683804555903 33.055 33.054999999999986
24 0.41359560676395046 1.9503517587939703 33.28500000000003 33.28500000000001
25 0.3915629997488711 1.8912814070351758 33.634999999999984 33.63500000000001
26 0.35705054728915664 1.8383919597989928 34.30999999999999 34.309999999999974
27 0.3401528808004138 1.829396984924621 34.68999999999999 34.68999999999997
28 0.33077641965877286 1.8273618090452262 34.72499999999998 34.725000000000016
29 0.3260224089635858 1.827462311557791 34.68500000000004 34.68499999999997
30 0.32715635345047106 1.8272864321608056 34.685 34.685
31 0.3263432645785589 1.8275376884422114 34.655 34.65499999999997
32 0.3271797810033106 1.8281155778894491 34.694999999999986 34.69499999999999
33 0.3272757830404893 1.827462311557789 34.745000000000005 34.745000000000026
34 0.3243659281894573 1.8275628140703526 34.694999999999986 34.694999999999986
35 0.32679959256429847 1.8274874371859315 34.71999999999998 34.72
36 0.3259383753501405 1.8275125628140707 34.67999999999996 34.68000000000002
37 0.32653705118410997 1.8278391959798994 34.7 34.69999999999999
38 0.3262123758594347 1.827839195979902 34.65999999999998 34.65999999999998
39 0.32668474662592323 1.8275628140703546 34.67999999999999 34.679999999999986
40 0.32403157626687024 1.827060301507538 34.710000000000015 34.71
41 0.3258451744334097 1.827788944723616 34.655 34.654999999999994
42 0.32674407944996164 1.8273115577889454 34.709999999999994 34.71
43 0.32321645021645007 1.8272613065326588 34.71 34.71
44 0.3260690094219508 1.8273618090452262 34.725000000000016 34.725000000000016
45 0.3277562547746375 1.827487437185926 34.71000000000001 34.71
46 0.3274214413037943 1.8276381909547756 34.71500000000002 34.715000000000025
47 0.32631448943213665 1.8273115577889432 34.70000000000001 34.7
48 0.32984059078176736 1.827562814070351 34.670000000000016 34.670000000000016
49 0.32704099821746885 1.8276633165829161 34.71 34.71000000000001
50 0.32553144894321373 1.8275376884422108 34.695 34.69500000000001
51 0.3255021645021645 1.8276130653266343 34.69500000000001 34.694999999999986
52 0.3290690094219509 1.8273366834170865 34.71499999999999 34.71500000000001
53 0.3240364145658263 1.8269095477386923 34.73500000000001 34.73500000000001
54 0.3272266361089893 1.8270854271356756 34.705000000000005 34.705000000000005
55 0.3273804430863256 1.8269849246231167 34.72499999999999 34.724999999999994
56 0.32740692640692665 1.8278391959799003 34.700000000000024 34.699999999999974
57 0.3261191431117899 1.8276130653266298 34.67999999999997 34.67999999999999
58 0.32630252100840323 1.8268844221105538 34.70499999999998 34.704999999999984
59 0.3278601986249047 1.8276130653266347 34.655 34.65499999999999
60 0.3307051184110009 1.8272864321608018 34.70000000000001 34.69999999999996
61 0.33078915202444586 1.8280653266331666 34.71999999999996 34.72000000000002
62 0.32723834988540873 1.8270603015075406 34.69000000000001 34.690000000000005
63 0.3286822001527884 1.8276633165829197 34.68999999999998 34.69
64 0.3259337916984974 1.8281155778894502 34.68999999999999 34.689999999999976
65 0.32665571683218736 1.8272361809045234 34.72499999999998 34.725
66 0.32435294117647073 1.8273618090452235 34.670000000000016 34.670000000000016
67 0.3285497835497835 1.8274120603015054 34.69500000000001 34.69499999999998
68 0.32554494525082767 1.8278140703517558 34.64000000000001 34.639999999999986
69 0.3245925642984469 1.8274120603015054 34.68500000000001 34.68499999999998
70 0.32394397759103677 1.8273366834170888 34.67000000000001 34.66999999999996
