# index clusteringCoefficient averagePathLength inDegreeMean outDegreeMean
1 0.9399897441454855 4.314164648910436 1.7642276422764231 1.7642276422764234
2 0.8167828894419615 5.06814229992013 3.0500000000000003 3.0500000000000003
3 0.7259162333093927 3.664359329333952 5.130000000000002 5.129999999999999
4 0.6659113642910497 3.081621967537388 8.560000000000002 8.560000000000002
5 0.6486687190093798 3.064879441624362 12.135000000000005 12.135000000000003
6 0.6018563719050884 2.7991618588363543 15.635 15.634999999999998
7 0.5509317553701444 2.400335008375215 21.145000000000014 21.144999999999985
8 0.49205597661372935 2.1697767541678505 25.775 25.77500000000001
9 0.46471954214098504 1.9852631030801677 28.91000000000001 28.909999999999993
10 0.4165240352967454 1.8805885095580983 31.595000000000006 31.59499999999999
11 0.38819238727047073 1.8451697261819264 33.285 33.28500000000001
12 0.3609443948528026 1.8348118141729053 33.78000000000001 33.780000000000015
13 0.3468067226890757 1.8336837247461815 33.835000000000036 33.83499999999997
14 0.34562210338680927 1.8340683006871117 33.85000000000001 33.85000000000001
15 0.3392681436210847 1.838481748845753 33.81999999999999 33.81999999999999
16 0.33738961038961024 1.8385107354956578 33.989999999999974 33.98999999999998
17 0.3331415055532705 1.8339678188924415 34.125000000000014 34.12499999999999
18 0.33605169340463464 1.8331049185320554 34.15999999999998 34.160000000000025
19 0.33440443086325466 1.8341708542713546 34.280000000000015 34.27999999999999
20 0.33396078431372556 1.8339940910583021 34.365 34.36500000000001
21 0.33177768922254225 1.8335175879396985 34.474999999999994 34.475000000000016
22 0.3319714795008911 1.8334673366834187 34.52000000000002 34.52000000000002
23 0.32753628724216965 1.8324874371859303 34.494999999999976 34.49499999999999
24 0.3328540870893813 1.8339447236180941 34.464999999999996 34.46500000000003
25 0.3252388591800357 1.832386934673369 34.49 34.489999999999974
26 0.3300522026992615 1.832185929648243 34.52499999999999 34.52499999999999
27 0.3287160682454801 1.8317839195979906 34.550000000000004 34.550000000000026
28 0.326111280875987 1.8321105527638177 34.53500000000002 34.535
29 0.32629564553093987 1.8319346733668342 34.54999999999999 34.55000000000001
30 0.3275676088617263 1.8320351758793967 34.529999999999994 34.53000000000001
31 0.3319090909090911 1.8322110552763888 34.525 34.52500000000002
32 0.3271247771836007 1.8325125628140666 34.52999999999998 34.52999999999999
33 0.33012477718360084 1.8322361809045198 34.53 34.529999999999994
34 0.3291870835047305 1.8273115577889463 34.680000000000014 34.67999999999999
35 0.32334224598930494 1.827311557788948 34.71999999999997 34.72000000000002
36 0.3265826330532211 1.8273366834170877 34.69999999999998 34.69999999999997
37 0.3241639928698754 1.8272864321608027 34.685 34.685
38 0.32567863509040007 1.8272864321608027 34.684999999999995 34.684999999999974
39 0.3239610389610394 1.8277135678391996 34.67000000000001 34.66999999999999
40 0.33115049656226153 1.8276381909547723 34.699999999999996 34.69999999999998
41 0.32969900687547726 1.8273366834170877 34.72000000000001 34.719999999999985
42 0.3239169849758091 1.8274371859296479 34.70999999999998 34.71000000000001
43 0.328715558950853 1.8273869346733653 34.73499999999997 34.73499999999999
44 0.3262849503437741 1.8274874371859295 34.705 34.705
45 0.3277545199898141 1.8273115577889432 34.71500000000001 34.715
46 0.32780646804176206 1.827638190954771 34.67999999999999 34.67999999999997
47 0.32881283422459917 1.827663316582913 34.63999999999999 34.640000000000015
48 0.3267028265851797 1.8275628140703488 34.69 34.69
49 0.3267257448433918 1.8273366834170839 34.695000000000014 34.69500000000003
50 0.3288163992869875 1.8273869346733693 34.68999999999999 34.690000000000026
51 0.32466310160427836 1.8270351758793963 34.69499999999999 34.69499999999998
52 0.3291652661064427 1.8270854271356791 34.705 34.705000000000005
53 0.3256931499872677 1.827512562814077 34.68000000000002 34.68
54 0.3226068245480011 1.8272613065326637 34.714999999999975 34.71499999999998
55 0.3258897377132676 1.827311557788942 34.695000000000014 34.69499999999999
56 0.3252121212121213 1.8271356783919628 34.71999999999998 34.72
57 0.3234020881079708 1.827788944723616 34.64999999999999 34.65000000000002
58 0.3246503692386052 1.8277386934673385 34.69000000000002 34.68999999999998
59 0.32795696460402324 1.827939698492463 34.70000000000002 34.70000000000002
60 0.328080468551057 1.8273869346733664 34.705 34.70500000000003
61 0.3245426534250067 1.8277889447236173 34.665 34.66499999999999
62 0.3245663356251592 1.8270854271356756 34.725000000000016 34.725
63 0.32701502419149475 1.8272613065326575 34.704999999999984 34.705
64 0.32840157881334336 1.827437185929649 34.68 34.68000000000001
65 0.324632798573975 1.8277135678391938 34.66499999999999 34.664999999999964
66 0.32767507002801133 1.8281407035175932 34.654999999999994 34.655000000000015
67 0.3286804176215943 1.8275879396984924 34.68999999999999 34.68999999999999
68 0.3295416348357525 1.827085427135677 34.70999999999997 34.70999999999999
69 0.3286911128087599 1.8278140703517602 34.70999999999999 34.71
70 0.3272500636618287 1.8274120603015076 34.70500000000003 34.705000000000005
