# index clusteringCoefficient averagePathLength inDegreeMean outDegreeMean
1 0.9066937052709412 4.262868565717142 1.9105691056910572 1.910569105691057
2 0.8261037994604825 4.569017062855515 3.1149999999999998 3.1150000000000015
3 0.7099491033245395 4.111227186136544 4.934999999999999 4.935
4 0.6182615299920362 3.4474128349730337 8.009999999999994 8.009999999999996
5 0.5632067995935581 2.7315438584243688 11.869999999999997 11.870000000000001
6 0.5136216498543308 2.4768062573149434 16.390000000000004 16.39
7 0.4446094313093497 2.13709123857115 20.915000000000013 20.915
8 0.41687222010362585 2.024028615897126 24.165 24.164999999999992
9 0.37593612454157166 1.928257486828098 26.620000000000005 26.620000000000005
10 0.36140472176255756 1.9101879169656855 28.66999999999998 28.67000000000001
11 0.3421737990504117 1.896740417247636 29.52000000000001 29.52
12 0.3347196062054854 1.875009813927925 30.104999999999997 30.105000000000008
13 0.3327936815813001 1.8677948450924209 30.600000000000016 30.59999999999999
14 0.33026018558209375 1.8535534816941837 31.540000000000013 31.54000000000003
15 0.32220703971694503 1.8563778488401623 31.865000000000002 31.86500000000001
16 0.3169076857282505 1.8453885589564012 32.22500000000001 32.22499999999999
17 0.31576594292803983 1.8450544178177297 32.385 32.385
18 0.31713556940371496 1.8453321885810943 32.349999999999994 32.35
19 0.32084280303030277 1.8447766470543687 32.415 32.41500000000001
20 0.3134191715542521 1.8436403121133311 32.35999999999999 32.36
21 0.31242332600195505 1.8443969849246247 32.55500000000002 32.555000000000014
22 0.3116746089931574 1.8398994974874343 32.665 32.66499999999999
23 0.31198894183773196 1.8402512562814055 32.63999999999999 32.63999999999999
24 0.3121404569892471 1.8390703517587954 32.730000000000004 32.730000000000004
25 0.3079646260997068 1.840653266331659 32.69999999999999 32.70000000000002
26 0.30942631964809414 1.839145728643219 32.68500000000001 32.685
27 0.31033693792766376 1.8392964824120606 32.68 32.67999999999998
28 0.3147806695992181 1.8408040201005025 32.62999999999998 32.629999999999995
29 0.3093111559139784 1.8397989949748752 32.67000000000003 32.66999999999998
30 0.31334799608993186 1.8401256281407046 32.72999999999997 32.72999999999998
31 0.31084799608993163 1.8403266331658277 32.71000000000002 32.709999999999994
32 0.31398032746823046 1.8403768844221076 32.7 32.699999999999974
33 0.3140362292277615 1.8398994974874356 32.655000000000015 32.65499999999998
34 0.312046065493646 1.8391206030150735 32.685 32.684999999999995
35 0.3140646383186706 1.8394472361809082 32.709999999999994 32.71
36 0.3107942326490715 1.8398743718592958 32.64499999999999 32.645
37 0.31068334555229726 1.8395979899497465 32.695000000000014 32.694999999999986
38 0.3093307062561094 1.838467336683414 32.69999999999997 32.69999999999998
39 0.31447336265884684 1.8396984924623065 32.69000000000001 32.690000000000005
40 0.312146871945259 1.8393467336683447 32.69999999999999 32.69999999999998
41 0.313628421309873 1.840276381909544 32.705000000000005 32.70499999999999
42 0.311395405669599 1.8386934673366848 32.71499999999999 32.71500000000003
43 0.3100833944281523 1.8387939698492493 32.68500000000002 32.68499999999995
44 0.31013227028348006 1.8386432160804043 32.714999999999975 32.71499999999998
45 0.310013746334311 1.8397738693467336 32.66999999999998 32.66999999999998
46 0.3093120723362656 1.8390954773869326 32.70000000000002 32.69999999999999
47 0.30965542521994144 1.8397487437185938 32.675000000000004 32.674999999999976
48 0.31204514907135883 1.8396482412060302 32.68 32.68000000000002
49 0.3110425830889539 1.8393718592964827 32.68499999999998 32.685
50 0.31125122189638327 1.8394723618090445 32.68500000000001 32.68500000000001
51 0.31288886852394926 1.8397989949748743 32.65999999999998 32.66000000000002
52 0.3085990957966765 1.839396984924629 32.674999999999976 32.67499999999997
53 0.30983168377321624 1.8392211055276375 32.674999999999976 32.67499999999999
54 0.3150620112414471 1.8394472361809053 32.69499999999997 32.695
55 0.30830095307917904 1.839497487437188 32.69999999999999 32.699999999999974
56 0.31008950391006845 1.8385678391959792 32.67499999999999 32.675
57 0.3135496089931574 1.839597989949745 32.669999999999995 32.66999999999997
58 0.31361278103616796 1.8394974874371866 32.719999999999985 32.72
59 0.31065829667644246 1.8388693467336688 32.769999999999996 32.769999999999975
60 0.311497739491691 1.8400502512562824 32.7 32.69999999999999
61 0.3090435606060608 1.8391708542713576 32.66999999999999 32.66999999999998
62 0.30712609970674465 1.8389195979899504 32.66999999999999 32.66999999999999
63 0.30651667888563056 1.838844221105527 32.69500000000001 32.695
64 0.31079514907135875 1.8394974874371888 32.68000000000001 32.68
65 0.3137942937438907 1.8394723618090438 32.67999999999999 32.67999999999999
66 0.31359359726295144 1.8393467336683402 32.69 32.689999999999976
67 0.31153928396871927 1.8394472361809044 32.67000000000003 32.66999999999998
68 0.3056579912023464 1.8385929648241222 32.69500000000001 32.695000000000014
69 0.30855052541544503 1.8389195979899482 32.69000000000001 32.68999999999998
70 0.3084442204301072 1.8395226130653222 32.665 32.66499999999999
