# index clusteringCoefficient averagePathLength inDegreeMean outDegreeMean
1 0.927252090800478 4.261091424521635 1.8130081300813 1.8130081300813008
2 0.8156098825828734 4.0602944284003515 3.0050000000000012 3.0050000000000012
3 0.7274353281907708 3.479580260918882 5.224999999999999 5.224999999999996
4 0.6870253967787865 3.9058778168108974 8.150000000000004 8.14999999999999
5 0.6679155759803499 2.9570762157264125 11.734999999999998 11.735
6 0.6214760988090271 2.5786649834306434 15.879999999999999 15.879999999999999
7 0.5348949171832085 2.304249857387337 20.08999999999999 20.090000000000007
8 0.47050930474921565 2.0859431697649797 23.79000000000001 23.790000000000006
9 0.4116914116625798 1.9680790731588755 26.395 26.395000000000014
10 0.3759206084669885 1.8894292777300095 28.495000000000005 28.495
11 0.3457705025737947 1.8646893787575143 29.444999999999993 29.445000000000007
12 0.34163073984321196 1.8683538975559706 29.90499999999999 29.90500000000001
13 0.3312050516687613 1.8607242339832872 30.364999999999995 30.36500000000001
14 0.31728484282418906 1.8693245587184988 30.714999999999996 30.715
15 0.3184112903225804 1.873356682401907 30.784999999999997 30.785
16 0.30815550908301637 1.8629327542233787 31.02 31.02
17 0.30617638074291337 1.852211055276382 31.479999999999993 31.479999999999997
18 0.3061589687194527 1.8509045226130676 31.594999999999995 31.595
19 0.30462304496578674 1.8488693467336699 31.635000000000012 31.634999999999984
20 0.3035853494623656 1.8469597989949764 31.685000000000002 31.684999999999995
21 0.3051434695958468 1.8461055276381932 31.74499999999999 31.745
22 0.3088870967741933 1.8475879396984929 31.685000000000006 31.685000000000006
23 0.3060490591397852 1.8455025125628153 31.695 31.695
24 0.30059811827956984 1.8453015075376866 31.684999999999985 31.684999999999995
25 0.3000181451612904 1.8457537688442236 31.740000000000002 31.74
26 0.30332325268817156 1.8465075376884375 31.704999999999995 31.704999999999988
27 0.3024536290322578 1.8457788944723632 31.704999999999995 31.704999999999984
28 0.302269489247312 1.8460050251256266 31.694999999999997 31.695000000000018
29 0.303177419354839 1.8452512562814078 31.705 31.705
30 0.2968138440860212 1.8453768844221106 31.684999999999995 31.685
31 0.3018252688172041 1.8458291457286424 31.689999999999994 31.69
32 0.299614247311828 1.846909547738695 31.679999999999993 31.680000000000007
33 0.30290188172043025 1.8463316582914584 31.65 31.649999999999995
34 0.3021196468298107 1.8464824120603016 31.685000000000016 31.68499999999999
35 0.30175201612903213 1.8458040201005026 31.734999999999985 31.734999999999992
36 0.30047379032258065 1.845125628140705 31.7 31.69999999999998
37 0.3020000000000001 1.8452261306532678 31.74000000000001 31.73999999999999
38 0.3047788978494623 1.8457035175879413 31.70999999999999 31.709999999999997
39 0.30399395161290316 1.8452512562814092 31.730000000000018 31.730000000000004
40 0.3038333333333332 1.845954773869345 31.670000000000005 31.67
41 0.30149395161290293 1.8457035175879404 31.749999999999982 31.749999999999996
42 0.2983111559139784 1.84525125628141 31.68999999999998 31.690000000000012
43 0.2991323924731182 1.8458040201005017 31.669999999999984 31.67
44 0.30001209677419366 1.8451256281407036 31.69999999999999 31.70000000000001
45 0.3013245967741937 1.8457788944723619 31.650000000000006 31.649999999999995
46 0.302494623655914 1.8450251256281418 31.689999999999998 31.68999999999998
47 0.30612601965146463 1.8450753768844232 31.695 31.694999999999997
48 0.29971370967741934 1.846130653266332 31.670000000000016 31.67
49 0.3048286290322577 1.847437185929649 31.66499999999999 31.665
50 0.3015786290322584 1.8461809045226145 31.694999999999986 31.694999999999983
51 0.3053212365591395 1.846005025125631 31.735000000000003 31.734999999999992
52 0.30574596774193563 1.8449999999999986 31.694999999999993 31.69499999999999
53 0.2988481182795699 1.8461809045226178 31.714999999999996 31.715
54 0.2990430107526883 1.8459798994974859 31.709999999999997 31.709999999999994
55 0.3045342741935483 1.8470351758793933 31.700000000000006 31.699999999999996
56 0.3016202956989245 1.8465829145728643 31.68 31.679999999999993
57 0.3020194660734148 1.8464572864321611 31.674999999999994 31.67500000000002
58 0.3015802512050427 1.8470351758793966 31.690000000000005 31.689999999999994
59 0.3038676075268817 1.8450753768844266 31.74000000000001 31.74
60 0.30084946236559157 1.845804020100504 31.67 31.67000000000001
61 0.3029106182795698 1.8459296482412089 31.684999999999985 31.684999999999995
62 0.2995530913978497 1.8456030150753755 31.72500000000002 31.725000000000005
63 0.2998413978494623 1.845804020100501 31.68000000000001 31.680000000000003
64 0.29862365591397855 1.8456030150753768 31.640000000000008 31.64
65 0.30017473118279575 1.8458040201005028 31.655000000000012 31.654999999999987
66 0.29731989247311813 1.8447487437185914 31.685000000000006 31.684999999999995
67 0.29570923711531355 1.8455025125628126 31.690000000000005 31.689999999999998
68 0.3022752595476456 1.8453517587939692 31.70000000000001 31.700000000000014
69 0.30007325268817203 1.846256281407033 31.665000000000003 31.66500000000001
70 0.3005403225806451 1.8467839195979878 31.66999999999999 31.669999999999995
