# index clusteringCoefficient averagePathLength inDegreeMean outDegreeMean
1 0.9280034216009827 4.786715779467657 1.7967479674796751 1.7967479674796747
2 0.835046310901574 4.936700932168993 3.159999999999998 3.1600000000000006
3 0.7129631904993822 3.5624452874234067 5.0049999999999955 5.005000000000002
4 0.6416034604917408 3.4397374936141807 8.389999999999997 8.39000000000001
5 0.6130853942447362 2.887384766163357 12.190000000000005 12.19
6 0.5419393618855609 2.449585774904011 16.270000000000003 16.27
7 0.44472988384974643 2.1473399606729164 21.25500000000001 21.25499999999999
8 0.37659604243054196 1.9633796662934542 25.27000000000001 25.269999999999996
9 0.34410307915687893 1.8902621214179012 27.735000000000003 27.735
10 0.3408751262884042 1.8677438976013525 29.67999999999999 29.679999999999993
11 0.3358807441292538 1.8536662369438817 30.605 30.605
12 0.329928173775474 1.8497139617584917 31.430000000000007 31.430000000000007
13 0.3305824499342995 1.846964413906266 31.819999999999997 31.820000000000004
14 0.3261302541544476 1.846276118446353 31.895000000000007 31.895000000000007
15 0.3183815477708362 1.8405410892848035 32.27500000000002 32.275000000000006
16 0.3159774347613586 1.841432160804023 32.57500000000001 32.57499999999998
17 0.31477058895405663 1.8411557788944746 32.65499999999999 32.654999999999994
18 0.31202895894428134 1.8410552763819081 32.67000000000003 32.66999999999999
19 0.30921493157380253 1.8401758793969842 32.68500000000002 32.68500000000003
20 0.3133119501466279 1.840050251256285 32.68500000000002 32.68499999999999
21 0.31171248778103594 1.8401507537688446 32.70499999999999 32.704999999999984
22 0.31261149804496546 1.8404773869346727 32.68000000000002 32.67999999999998
23 0.3105021994134901 1.8386180904522598 32.720000000000034 32.71999999999997
24 0.3135935972629521 1.8399748743718618 32.720000000000034 32.71999999999999
25 0.31102089442815267 1.8401256281407044 32.71 32.70999999999999
26 0.3114644428152494 1.8402010050251278 32.67499999999999 32.67499999999999
27 0.3152727883675464 1.8397989949748714 32.69000000000002 32.68999999999999
28 0.3132893450635388 1.8399748743718607 32.679999999999986 32.68000000000002
29 0.3120204056695995 1.8389698492462325 32.69499999999999 32.695
30 0.309427541544477 1.8393718592964854 32.67500000000001 32.675
31 0.3083889296187687 1.8401758793969842 32.654999999999994 32.65499999999997
32 0.30590542521994124 1.8392964824120575 32.74000000000001 32.739999999999974
33 0.30997556207233623 1.839095477386939 32.71999999999998 32.71999999999998
34 0.30651240224828935 1.8395477386934633 32.665 32.66499999999997
35 0.3096212121212122 1.8391206030150775 32.69999999999999 32.69999999999999
36 0.3079761119257084 1.838618090452258 32.699999999999996 32.69999999999999
37 0.3079634042033236 1.8383668341708514 32.72000000000001 32.72000000000002
38 0.30905150293255124 1.8385427135678407 32.69500000000001 32.695
39 0.30934750733137817 1.8389698492462325 32.69 32.689999999999976
40 0.3046887218963829 1.8387939698492426 32.690000000000005 32.68999999999999
41 0.30740010997067463 1.8386683417085405 32.69499999999999 32.69499999999997
42 0.30764479472140754 1.839346733668344 32.69500000000001 32.69499999999996
43 0.3099593719452593 1.8398994974874383 32.675000000000004 32.675
44 0.31045851661779067 1.8386180904522562 32.714999999999975 32.715000000000025
45 0.3111586632453566 1.8392211055276386 32.70000000000001 32.69999999999998
46 0.3101438782991202 1.8393718592964872 32.66000000000001 32.660000000000004
47 0.30899865591397874 1.8385929648241202 32.75000000000001 32.74999999999999
48 0.3101570136852396 1.839422110552763 32.735 32.73500000000001
49 0.3093322336265883 1.8390954773869346 32.725 32.72499999999999
50 0.3091626955034213 1.8389698492462305 32.68000000000001 32.67999999999999
51 0.31131201124144686 1.8400753768844236 32.63999999999999 32.640000000000015
52 0.3128638196480939 1.8395728643216096 32.69 32.68999999999998
53 0.309831683773216 1.8397487437185909 32.655 32.65499999999997
54 0.3113862414467253 1.8394974874371823 32.67999999999999 32.67999999999998
55 0.3078323558162265 1.8386683417085419 32.70999999999999 32.71
56 0.30867332600195474 1.8392211055276375 32.69 32.689999999999976
57 0.3096694770283481 1.83849246231156 32.659999999999975 32.65999999999997
58 0.31107404692082125 1.8381407035175872 32.715 32.71500000000002
59 0.309740041544477 1.8379145728643242 32.745000000000005 32.745000000000005
60 0.3102251344086023 1.8390201005025133 32.69500000000002 32.694999999999986
61 0.31189699413489697 1.8389949748743744 32.71500000000001 32.71499999999997
62 0.3130076979472139 1.8390954773869337 32.72999999999999 32.72999999999999
63 0.31328079178885615 1.8387939698492477 32.72499999999999 32.72499999999998
64 0.3076759530791789 1.8404271356783928 32.65500000000002 32.65500000000001
65 0.3156812072336263 1.8396231155778908 32.71999999999999 32.72
66 0.3153100562072338 1.8401758793969816 32.69499999999999 32.694999999999986
67 0.3109255865102638 1.8398492462311535 32.67999999999997 32.679999999999986
68 0.31127749266862176 1.839572864321603 32.69999999999998 32.699999999999974
69 0.3083424975562075 1.839597989949748 32.67499999999998 32.675
70 0.3105296920821114 1.8393969849246232 32.69499999999999 32.695
