# index clusteringCoefficient averagePathLength inDegreeMean outDegreeMean
1 0.9294513339910667 4.303346265761389 1.9105691056910576 1.910569105691056
2 0.8250542772720454 4.99087108608483 3.149999999999998 3.150000000000001
3 0.7240257775751114 3.9022604266157264 5.385000000000001 5.3850000000000025
4 0.6636024025314546 3.1180010942914596 8.739999999999997 8.740000000000002
5 0.6244678765932349 2.8272758384667944 12.59 12.590000000000002
6 0.5579611327353793 2.4418399610847423 16.860000000000007 16.860000000000003
7 0.49550835724042286 2.2230697252388834 21.154999999999998 21.154999999999994
8 0.4354813922499958 2.0590892084023773 25.389999999999997 25.389999999999993
9 0.40358007177776456 1.9298677001202715 29.080000000000016 29.08
10 0.38240442895453675 1.8576086375541114 31.360000000000014 31.36000000000001
11 0.3721840042148435 1.8503543473661912 32.63000000000002 32.629999999999995
12 0.36702526082896925 1.839591707213876 33.35500000000001 33.35500000000002
13 0.3509766573295987 1.8452003607782494 33.97 33.96999999999999
14 0.3503587526964809 1.8439390831709568 34.24499999999999 34.245000000000005
15 0.3485916159567274 1.842180445374081 34.42499999999999 34.42500000000004
16 0.34469314998726736 1.841230363170314 34.80999999999998 34.81
17 0.33696562261268104 1.834170854271359 35.015 35.01499999999998
18 0.3402124183006535 1.831645665513496 35.175 35.17499999999997
19 0.33970774976657325 1.8301053003712027 35.195000000000014 35.19499999999998
20 0.3425616246498598 1.8294487512941617 35.33999999999999 35.33999999999998
21 0.3411330532212882 1.828489179566171 35.330000000000005 35.33000000000003
22 0.3387731092436975 1.82684780687356 35.365 35.36500000000002
23 0.33663252547395756 1.827864321608041 35.475 35.475000000000016
24 0.3407343604108307 1.8275376884422143 35.505 35.50500000000001
25 0.33775023342670424 1.8274371859296443 35.505 35.50499999999999
26 0.3361456582633051 1.8268844221105514 35.51499999999999 35.514999999999986
27 0.3340877684407094 1.8267085427135672 35.54 35.539999999999985
28 0.33400840336134474 1.8266080402010065 35.51999999999997 35.519999999999975
29 0.33271521942110177 1.8220603015075334 35.67499999999998 35.675000000000004
30 0.3346050420168066 1.82173366834171 35.720000000000006 35.72000000000001
31 0.3347586367880487 1.8219095477386897 35.72000000000003 35.719999999999985
32 0.3324789915966385 1.822361809045226 35.66499999999999 35.66500000000002
33 0.33495611577964524 1.8224874371859325 35.64499999999998 35.644999999999975
34 0.3352670401493933 1.8226633165829156 35.67499999999997 35.674999999999976
35 0.33217647058823535 1.8222864321608048 35.70999999999998 35.71
36 0.33556582633053195 1.8218341708542725 35.69499999999997 35.69500000000002
37 0.33315546218487363 1.8220603015075398 35.695000000000014 35.695000000000014
38 0.33718020541549953 1.8220603015075354 35.71000000000001 35.71000000000001
39 0.33375723622782416 1.8216582914572828 35.71 35.71000000000001
40 0.3341858076563959 1.8218592964824092 35.69500000000001 35.695000000000014
41 0.3322208216619979 1.8216080402010022 35.68500000000001 35.684999999999995
42 0.33338141923436043 1.8216582914572872 35.684999999999995 35.684999999999995
43 0.33561951447245547 1.8218592964824127 35.69499999999999 35.695
44 0.3373160597572364 1.8219849246231148 35.67499999999998 35.67499999999998
45 0.33321241830065335 1.8212060301507542 35.73500000000001 35.735
46 0.3336069094304392 1.8214572864321636 35.71500000000002 35.71499999999999
47 0.3360149393090569 1.822060301507537 35.72 35.71999999999999
48 0.3341573295985058 1.8224874371859279 35.65500000000001 35.654999999999966
49 0.33469747899159685 1.8217085427135677 35.725 35.72500000000001
50 0.3360275443510736 1.8219095477386948 35.71 35.709999999999994
51 0.33661157796451924 1.8216582914572865 35.740000000000016 35.74000000000001
52 0.337206816059757 1.8222613065326647 35.69 35.68999999999998
53 0.3332749766573296 1.8217085427135657 35.68500000000002 35.685
54 0.3353725490196077 1.82175879396985 35.68 35.679999999999986
55 0.3401923436041085 1.822236180904529 35.7 35.69999999999999
56 0.3356596638655464 1.8213065326633202 35.74500000000001 35.745000000000005
57 0.3338338001867412 1.8218090452261262 35.684999999999995 35.685000000000024
58 0.3348958916900095 1.821306532663319 35.710000000000015 35.709999999999994
59 0.3331517273576095 1.8216331658291438 35.694999999999965 35.69499999999999
60 0.33252007469654515 1.8213567839195994 35.72999999999998 35.73
61 0.33290476190476176 1.8214824120603021 35.704999999999984 35.705
62 0.3328888888888887 1.8220854271356794 35.689999999999976 35.68999999999998
63 0.3345340802987861 1.821708542713567 35.709999999999994 35.71
64 0.3354705882352939 1.8217336683417071 35.68999999999996 35.68999999999999
65 0.3370892538833717 1.82178391959799 35.69500000000002 35.695
66 0.3379313725490197 1.821356783919598 35.710000000000015 35.70999999999998
67 0.33450420168067196 1.821557788944724 35.73500000000001 35.73500000000001
68 0.3345560224089633 1.8215326633165865 35.72499999999998 35.72500000000001
69 0.3362180205415497 1.8216080402010013 35.68500000000002 35.684999999999995
70 0.33347712418300646 1.8218844221105521 35.67999999999999 35.679999999999986
