# index clusteringCoefficient averagePathLength inDegreeMean outDegreeMean
1 0.928926718685439 4.794397198599279 1.739837398373984 1.739837398373983
2 0.8192269767437483 5.168570713809223 3.05 3.050000000000001
3 0.708383993023192 3.2388808021995805 5.2700000000000005 5.27
4 0.6611157001232906 3.2977459016393347 8.219999999999995 8.220000000000002
5 0.640669560334514 2.8243667779304946 12.05 12.05
6 0.5742355440982775 2.550803474785596 15.875000000000005 15.875000000000004
7 0.4911144130234574 2.202391187533585 20.175000000000004 20.174999999999986
8 0.39554817300258477 2.0182457624877808 24.33499999999998 24.334999999999997
9 0.3445839817131432 1.9196636344404507 26.964999999999993 26.964999999999982
10 0.32918529702281335 1.8961375412152606 28.290000000000006 28.290000000000003
11 0.32817929180571004 1.8788925524676827 29.01000000000001 29.009999999999994
12 0.32641405506923954 1.8735323978861338 29.489999999999988 29.49
13 0.31583704000534285 1.871494488592668 29.929999999999993 29.930000000000007
14 0.30890248424175015 1.883058508623521 30.054999999999996 30.05499999999999
15 0.30981770750569426 1.881391884043333 30.12500000000001 30.125000000000004
16 0.30160289210233593 1.86990227519507 30.259999999999994 30.26
17 0.3048340439995058 1.8661144920582828 30.259999999999998 30.259999999999998
18 0.30411311510143546 1.865180172217874 30.315 30.31500000000001
19 0.30088288862481216 1.8631407035175873 30.449999999999996 30.45
20 0.3018223599413806 1.859723618090448 30.530000000000015 30.529999999999994
21 0.29849536522061554 1.8589195979899504 30.520000000000003 30.52000000000001
22 0.29933333333333356 1.8593216080402046 30.519999999999992 30.52
23 0.29568261030774934 1.8590201005025169 30.514999999999993 30.515
24 0.2978869113830184 1.8586683417085428 30.565000000000005 30.565000000000012
25 0.2942550982573231 1.8591708542713545 30.504999999999978 30.50500000000001
26 0.29415832406377446 1.8587185929648256 30.54499999999999 30.544999999999998
27 0.29804894327030024 1.8577135678391967 30.514999999999997 30.514999999999993
28 0.2981705598813497 1.858065326633168 30.524999999999988 30.525000000000006
29 0.2930255839822024 1.858366834170855 30.560000000000006 30.56000000000001
30 0.29845383759733063 1.8569346733668326 30.580000000000005 30.580000000000002
31 0.29215276232851317 1.8558542713567847 30.575000000000006 30.575000000000014
32 0.29499666295884297 1.8568592964824078 30.585000000000004 30.585000000000004
33 0.29670137189469814 1.8517336683417103 30.70000000000001 30.7
34 0.2946329254727475 1.8522110552763797 30.705 30.70500000000001
35 0.2944538375973301 1.8530653266331674 30.719999999999985 30.72
36 0.294298109010011 1.8520603015075388 30.714999999999993 30.715000000000003
37 0.2954060066740823 1.8517085427135693 30.674999999999986 30.675
38 0.29617575083425934 1.8523366834170885 30.669999999999995 30.669999999999998
39 0.290601038190582 1.852839195979898 30.705000000000002 30.704999999999988
40 0.29592436040044484 1.8539949748743707 30.725000000000012 30.72500000000001
41 0.29129143492769766 1.8528140703517573 30.765000000000004 30.765000000000008
42 0.29549944382647386 1.8535175879396997 30.709999999999987 30.709999999999987
43 0.29339302929180583 1.8538944723618092 30.67500000000002 30.674999999999997
44 0.29514831294030364 1.853869346733668 30.690000000000005 30.68999999999999
45 0.2969625509825736 1.8527638190954756 30.715000000000007 30.714999999999996
46 0.29254616240266984 1.8519849246231126 30.739999999999984 30.740000000000002
47 0.29636392287727076 1.8529648241206045 30.66500000000001 30.665000000000006
48 0.29102484241750093 1.8523366834170831 30.71999999999999 30.71999999999999
49 0.29384612532443466 1.8525879396984926 30.694999999999997 30.695000000000018
50 0.29139117538005216 1.8537688442211069 30.700000000000003 30.7
51 0.29657285873192446 1.852864321608041 30.68999999999999 30.689999999999998
52 0.2930567296996666 1.8519346733668343 30.675000000000008 30.67499999999999
53 0.2968865406006674 1.8524623115577905 30.709999999999994 30.70999999999998
54 0.29276158694846155 1.8530402010050244 30.695 30.694999999999986
55 0.2910482017055989 1.8524623115577872 30.710000000000008 30.709999999999994
56 0.29264775676677773 1.8524623115577867 30.705 30.705000000000002
57 0.2924797923618838 1.8526130653266386 30.69999999999999 30.700000000000006
58 0.29241638857990365 1.8523869346733657 30.685000000000006 30.684999999999995
59 0.2935602521319988 1.8522864321608021 30.695 30.69499999999999
60 0.29716462736373755 1.8529145728643208 30.669999999999995 30.670000000000005
61 0.29424026696329286 1.852085427135677 30.70500000000001 30.705
62 0.2918038561364482 1.8533417085427135 30.705000000000002 30.704999999999984
63 0.2937804968483501 1.8528643216080416 30.700000000000017 30.699999999999985
64 0.29399925843529856 1.8526381909547724 30.699999999999992 30.700000000000006
65 0.29345012977382273 1.8529899497487436 30.700000000000006 30.700000000000003
66 0.297017055988135 1.8522361809045218 30.700000000000003 30.699999999999996
67 0.2908305524657027 1.8525628140703503 30.72 30.72
68 0.2950393029291809 1.8529396984924613 30.679999999999996 30.680000000000003
69 0.2960229885057476 1.8535929648241214 30.674999999999997 30.675000000000004
70 0.29903040415276233 1.853165829145726 30.645 30.645000000000003
