# index clusteringCoefficient averagePathLength inDegreeMean outDegreeMean
1 0.9330325158752409 4.267174619035716 1.9430894308943087 1.9430894308943094
2 0.8038128597649441 4.3909761610303 3.1249999999999982 3.1250000000000018
3 0.6985723011800218 3.8082512569736244 4.860000000000002 4.860000000000003
4 0.641852188688314 3.708565197774099 8.120000000000006 8.12
5 0.6366687114121521 3.253040251213252 11.544999999999996 11.544999999999996
6 0.5500273120799428 2.481998325425623 16.335 16.335000000000008
7 0.4683247636897772 2.1447991325275537 22.415000000000006 22.415000000000006
8 0.42018383337218856 1.9442763555999887 28.250000000000014 28.249999999999982
9 0.38186696873499903 1.860029160591546 31.929999999999993 31.929999999999986
10 0.35845801587474546 1.842718748381077 33.67999999999998 33.68
11 0.35125568309873545 1.8360262852725149 34.37000000000001 34.37
12 0.348691409897292 1.8368372474618002 34.61999999999999 34.619999999999976
13 0.35091830065359486 1.8360937339760028 34.654999999999966 34.655
14 0.3497485752921857 1.8299619927046378 34.934999999999995 34.93499999999999
15 0.34373202614379067 1.8287922022171172 35.31000000000004 35.31000000000002
16 0.33878571428571425 1.8241206030150732 35.47 35.47
17 0.33628057889822593 1.8228643216080431 35.67000000000003 35.669999999999995
18 0.3379150326797386 1.8229899497487425 35.67999999999999 35.680000000000014
19 0.3355056022408961 1.8230904522613058 35.65 35.65
20 0.3371577964519139 1.8224874371859308 35.71500000000001 35.71500000000002
21 0.33195891690009316 1.8223115577889426 35.68000000000001 35.68000000000001
22 0.33565079365079337 1.8223366834170833 35.650000000000006 35.65
23 0.33634593837534976 1.8220351758793984 35.69499999999998 35.695
24 0.3374070961718019 1.8225376884422135 35.69500000000002 35.69499999999997
25 0.33700233426703996 1.8219095477386913 35.685 35.68499999999998
26 0.336252567693744 1.8219597989949705 35.73999999999999 35.73999999999999
27 0.3369607843137254 1.8214572864321614 35.73000000000001 35.73
28 0.3389994482641539 1.8220603015075385 35.69499999999996 35.695
29 0.3368235294117643 1.8214321608040187 35.73999999999998 35.739999999999974
30 0.33469327731092446 1.8214321608040198 35.72000000000002 35.71999999999997
31 0.3337063492063494 1.8221356783919591 35.69 35.690000000000005
32 0.3371381886087771 1.8220351758793962 35.70500000000001 35.70499999999999
33 0.337671802054155 1.8220854271356783 35.69 35.68999999999999
34 0.33682212885154056 1.8222110552763797 35.68499999999998 35.68499999999997
35 0.3377077497665733 1.822361809045227 35.67999999999999 35.68000000000001
36 0.3367422969187674 1.8221105527638228 35.70000000000002 35.7
37 0.33733800186741364 1.8218341708542731 35.69000000000001 35.69
38 0.3344892623716153 1.821532663316583 35.69999999999997 35.69999999999999
39 0.33314332399626495 1.8216582914572872 35.7 35.7
40 0.33508916900093366 1.821959798994975 35.73000000000004 35.73
41 0.3365616246498597 1.8220854271356783 35.63500000000002 35.63500000000001
42 0.33388001867413614 1.82243718592965 35.660000000000004 35.65999999999998
43 0.33506535947712424 1.8218090452261317 35.709999999999994 35.71
44 0.3360555555555554 1.822587939698496 35.62999999999998 35.62999999999998
45 0.33764192343604127 1.8226130653266317 35.629999999999974 35.629999999999995
46 0.3389061624649857 1.8221859296482408 35.71499999999998 35.715
47 0.3403034547152191 1.8221859296482397 35.720000000000006 35.72
48 0.33566106442577026 1.8223869346733672 35.69000000000002 35.69000000000001
49 0.33635154061624645 1.8219849246231112 35.68499999999998 35.684999999999974
50 0.3383025210084029 1.8219346733668353 35.66499999999998 35.66499999999999
51 0.33778944911297837 1.8217839195979921 35.675 35.67499999999995
52 0.33309430438842186 1.8216834170854301 35.709999999999994 35.709999999999994
53 0.33335620915032677 1.8219095477386917 35.695 35.695
54 0.3341120448179268 1.82208542713568 35.665 35.66500000000001
55 0.33527357609710556 1.8220603015075376 35.73499999999997 35.73499999999999
56 0.33803874883286633 1.8216331658291443 35.74000000000001 35.73999999999999
57 0.33350700280112006 1.822010050251251 35.70499999999999 35.70499999999999
58 0.3347306255835665 1.8217839195979915 35.675 35.67499999999999
59 0.33794257703081215 1.8224120603015113 35.67500000000002 35.67499999999999
60 0.3386704014939307 1.822060301507537 35.685 35.685
61 0.33600233426704007 1.8216080402010035 35.72000000000001 35.72
62 0.33559477124182985 1.8223115577889484 35.695 35.695
63 0.33907142857142836 1.8215075376884429 35.67500000000001 35.67499999999999
64 0.33554108309990655 1.8217587939698514 35.67500000000001 35.675
65 0.3346279178338004 1.8218592964824103 35.719999999999956 35.72
66 0.3375074696545282 1.8215829145728644 35.704999999999984 35.70499999999999
67 0.3358590102707747 1.8219346733668302 35.70000000000002 35.70000000000002
68 0.3374094304388421 1.8220603015075427 35.68500000000001 35.68499999999998
69 0.33679084967320266 1.822160804020101 35.70499999999998 35.70500000000001
70 0.33677404295051344 1.8218592964824127 35.720000000000006 35.719999999999985
