# index clusteringCoefficient averagePathLength inDegreeMean outDegreeMean
1 0.9330705469410078 4.61125382262998 2.0081300813008123 2.0081300813008136
2 0.8064167808481575 4.773916018966617 3.295000000000001 3.2950000000000004
3 0.7036071437349841 3.4392312789927075 5.619999999999998 5.619999999999999
4 0.6456078567862911 2.920703653585919 8.479999999999999 8.480000000000002
5 0.6147959835419796 2.6272306914240238 13.564999999999989 13.564999999999996
6 0.5505966202884639 2.353575535320256 18.514999999999997 18.514999999999993
7 0.49888739791903824 2.184275869765353 23.655000000000015 23.654999999999994
8 0.42646593443730474 2.0796409222958028 27.875 27.875000000000014
9 0.4054248304007778 1.970609018817556 31.14500000000002 31.14500000000001
10 0.39869039061231354 1.8811536548980614 33.754999999999974 33.75499999999995
11 0.39232313234622096 1.8508003937211852 35.459999999999994 35.46
12 0.38732221987272303 1.83323352513865 36.15500000000001 36.15499999999999
13 0.3742545906638646 1.8232444272645307 36.964999999999975 36.96499999999998
14 0.3779418558989432 1.818069941544456 37.33999999999998 37.34000000000001
15 0.3707428640323376 1.8124460687274677 38.000000000000014 37.999999999999986
16 0.3662576138891926 1.8113936516754656 38.29999999999998 38.29999999999999
17 0.36408560382244604 1.8113178960127296 38.31500000000002 38.31500000000001
18 0.3655211729948573 1.8070250751243604 38.449999999999996 38.44999999999998
19 0.360939198307619 1.8065200373727937 38.51999999999996 38.52000000000001
20 0.3632071342597656 1.806469533597637 38.48000000000001 38.48
21 0.36225655812770136 1.806532663316583 38.62499999999998 38.62500000000002
22 0.36466207097786013 1.806105527638191 38.710000000000015 38.71
23 0.3603900864427181 1.8062060301507479 38.7 38.699999999999974
24 0.35801965933544916 1.8059798994974874 38.720000000000006 38.720000000000006
25 0.35864354232775275 1.8060552763819107 38.70999999999998 38.709999999999994
26 0.3638020206441262 1.8061306532663324 38.69500000000001 38.695
27 0.3641361199255937 1.8061809045226105 38.69999999999999 38.69999999999995
28 0.36315880657985905 1.8060552763819102 38.690000000000005 38.68999999999998
29 0.35737808658861303 1.8057537688442222 38.74499999999998 38.745
30 0.3600703942809207 1.8057035175879408 38.750000000000014 38.74999999999999
31 0.36480267717109804 1.806005025125628 38.70000000000001 38.699999999999996
32 0.36377211219316474 1.80625628140703 38.69500000000001 38.69499999999998
33 0.3633738191632931 1.8060804020100487 38.680000000000014 38.679999999999986
34 0.36007896560528146 1.8060301507537666 38.660000000000004 38.65999999999998
35 0.3625223097591516 1.8061557788944727 38.66999999999997 38.67
36 0.36256537914432646 1.8062562814070344 38.710000000000036 38.71
37 0.36176587518692777 1.8057035175879397 38.73 38.72999999999998
38 0.35979319400372006 1.805979899497486 38.68500000000001 38.684999999999995
39 0.35939836597731356 1.8059798994974912 38.68500000000002 38.68500000000004
40 0.3589579458000508 1.8059296482412053 38.66499999999999 38.66500000000003
41 0.3616639311376158 1.8061557788944738 38.669999999999995 38.67
42 0.3559397454134292 1.8059547738693476 38.70000000000001 38.69999999999999
43 0.3579545537440275 1.806281407035178 38.66000000000001 38.659999999999975
44 0.3575662909873436 1.8058542713567858 38.70999999999998 38.71
45 0.3590473064157277 1.8063316582914617 38.655 38.654999999999994
46 0.36280756464966984 1.8060804020100514 38.68 38.67999999999997
47 0.36092004960425994 1.8059296482412046 38.66 38.66000000000001
48 0.3590945398840136 1.8057286432160788 38.67999999999999 38.67999999999999
49 0.3573189991611042 1.8059798994974912 38.69500000000003 38.69499999999999
50 0.3572398511872197 1.8058542713567824 38.685 38.68499999999998
51 0.3590301637670061 1.8056030150753768 38.73000000000001 38.72999999999998
52 0.3573173578436736 1.8060050251256288 38.67000000000001 38.66999999999999
53 0.3571588795273006 1.8056281407035175 38.725 38.72500000000001
54 0.3575974760185289 1.8057537688442205 38.69000000000002 38.68999999999998
55 0.357339971550498 1.8061055276381945 38.66500000000003 38.66499999999999
56 0.35727523069628325 1.805904522613066 38.690000000000005 38.68999999999997
57 0.35610497136812924 1.8062060301507552 38.65500000000003 38.655
58 0.3630388080388079 1.8062311557788986 38.639999999999986 38.64
59 0.36116460590144794 1.8060804020100496 38.674999999999976 38.674999999999976
60 0.3637463982200825 1.806306532663321 38.685 38.68499999999999
61 0.3580623335886497 1.8062311557788941 38.645 38.64499999999999
62 0.35953131268920757 1.806356783919598 38.62499999999998 38.625
63 0.3617410730568624 1.805628140703519 38.71500000000001 38.71500000000001
64 0.3594569062990114 1.806256281407034 38.644999999999996 38.64499999999998
65 0.35805193857825446 1.806080402010051 38.65999999999998 38.65999999999999
66 0.3574590582485318 1.805728643216081 38.699999999999996 38.699999999999996
67 0.35846062661852096 1.8056532663316576 38.74000000000001 38.74000000000003
68 0.35754221833169203 1.8056783919598012 38.714999999999996 38.714999999999975
69 0.3596472991209834 1.8058291457286433 38.68499999999999 38.68499999999999
70 0.3585131487763068 1.8059798994974845 38.684999999999974 38.684999999999995
