# index clusteringCoefficient averagePathLength inDegreeMean outDegreeMean
1 0.9362972813561544 4.729789318961277 1.6666666666666672 1.6666666666666663
2 0.8121838077970949 4.128942544719039 2.9250000000000016 2.9250000000000003
3 0.7039326378447903 4.429943647540967 5.0749999999999975 5.075000000000002
4 0.6775708047533294 3.4225606608156975 8.229999999999999 8.230000000000004
5 0.6690509464351304 2.9369945629825733 11.875000000000002 11.874999999999998
6 0.6618739507646019 2.7222530793609145 15.929999999999998 15.930000000000001
7 0.6134812971155954 2.3418713015636983 20.834999999999997 20.835
8 0.5315292074758962 2.059807801017501 24.845000000000002 24.844999999999985
9 0.47216089159924074 1.9792950932964746 27.064999999999984 27.065
10 0.43422194195808894 1.9194493586908463 28.335000000000004 28.335000000000008
11 0.3920399174658014 1.9228727516363457 30.014999999999997 30.015000000000004
12 0.37008284723107676 1.9023971285732584 30.705000000000002 30.705000000000005
13 0.35285974311899354 1.883065326633167 31.325 31.325000000000003
14 0.3335692860292349 1.8638442211055257 31.77499999999999 31.775000000000016
15 0.3204915340782278 1.8455154560682214 32.084999999999994 32.08500000000001
16 0.3166913338304469 1.8452564329183636 32.35000000000003 32.35000000000003
17 0.3138474462365592 1.8491206030150742 32.375000000000014 32.37499999999998
18 0.3146535923753665 1.8441453498649054 32.40999999999999 32.41000000000001
19 0.31250903890016796 1.8400000000000012 32.650000000000006 32.64999999999998
20 0.3132783479960903 1.8405276381909594 32.70000000000001 32.70000000000001
21 0.31330522971652 1.8401256281407035 32.69499999999998 32.69499999999999
22 0.31242210410557175 1.8395477386934695 32.69000000000001 32.69
23 0.31435911534701844 1.8404020100502498 32.69000000000002 32.69000000000001
24 0.31304068914956007 1.839472361809046 32.69499999999999 32.695000000000014
25 0.3098820869990228 1.839472361809046 32.655 32.65499999999997
26 0.3124016373411536 1.8399246231155764 32.69000000000002 32.68999999999996
27 0.31017473118279615 1.839070351758792 32.7 32.70000000000001
28 0.31196725317693075 1.8399497487437197 32.724999999999994 32.724999999999994
29 0.3125580400782014 1.8398994974874394 32.71499999999999 32.71500000000002
30 0.31226234115347035 1.8397487437185922 32.65000000000001 32.64999999999999
31 0.3129536290322579 1.8393467336683482 32.680000000000014 32.680000000000014
32 0.31241721652003895 1.8395477386934695 32.715 32.715
33 0.31287298387096807 1.839120603015071 32.67499999999999 32.67499999999999
34 0.315180840664712 1.839070351758794 32.69500000000001 32.695
35 0.31080186950146615 1.8386683417085428 32.71999999999998 32.72000000000001
36 0.3113676075268814 1.8394221105527642 32.685 32.68500000000001
37 0.31075085532746816 1.8402763819095422 32.69000000000001 32.69
38 0.3114109848484849 1.839422110552758 32.654999999999994 32.65499999999998
39 0.3113233137829909 1.8392211055276375 32.68999999999999 32.68999999999999
40 0.31152706500488775 1.8395226130653282 32.65499999999999 32.65500000000001
41 0.3147137707722385 1.840804020100502 32.68500000000001 32.68499999999998
42 0.3148921676441841 1.8393216080401993 32.720000000000034 32.72000000000001
43 0.3111186461388074 1.8392713567839203 32.720000000000006 32.71999999999997
44 0.3110297531769306 1.8394221105527642 32.69499999999999 32.695000000000014
45 0.3111336143695015 1.839271356783917 32.71499999999999 32.715
46 0.31282807917888567 1.8394974874371888 32.74 32.74000000000001
47 0.3129948680351904 1.8401507537688475 32.68999999999999 32.69
48 0.3094700024437931 1.8403768844221098 32.679999999999986 32.68
49 0.31129551564027386 1.8392713567839185 32.72000000000001 32.72000000000001
50 0.3126793132942327 1.8393467336683431 32.68 32.67999999999999
51 0.3124819770283481 1.8399246231155757 32.70499999999999 32.705
52 0.314679557673509 1.839472361809046 32.68999999999996 32.69000000000002
53 0.30679618768328465 1.8384924623115548 32.70999999999999 32.709999999999994
54 0.30946328201368517 1.8386683417085405 32.73500000000003 32.73500000000001
55 0.3060318914956014 1.8382663316582888 32.684999999999995 32.685
56 0.3098964442815256 1.8393216080402013 32.68499999999999 32.68500000000001
57 0.3105028103616812 1.8394472361809082 32.65500000000004 32.65499999999996
58 0.3109246700879766 1.8392964824120586 32.65000000000001 32.65
59 0.3109225317693062 1.839296482412061 32.704999999999984 32.70499999999998
60 0.3123552052785925 1.8389949748743721 32.66999999999997 32.670000000000016
61 0.3126396016617792 1.838668341708545 32.71 32.71
62 0.3154707355816227 1.8404020100502498 32.644999999999996 32.644999999999996
63 0.3133608260019549 1.8399748743718585 32.684999999999995 32.68499999999999
64 0.3099056085043983 1.8387688442211048 32.720000000000006 32.72000000000002
65 0.31211388074291346 1.8392462311557767 32.675000000000004 32.67500000000002
66 0.31529936461388053 1.8398743718592987 32.705 32.70499999999999
67 0.31429374389051806 1.8405025125628125 32.68000000000001 32.67999999999999
68 0.31336381964809407 1.8400753768844236 32.69000000000001 32.690000000000005
69 0.31392931329423246 1.8396733668341732 32.67999999999998 32.68000000000001
70 0.30958699902248304 1.8390954773869337 32.69499999999999 32.695
