# index clusteringCoefficient averagePathLength inDegreeMean outDegreeMean
1 0.936932019114278 4.664039767216283 1.7560975609756098 1.7560975609756098
2 0.8080845247619728 3.9469889247808054 3.0000000000000018 3.0000000000000004
3 0.6921349142283683 3.454894688038148 5.19 5.189999999999997
4 0.6582882420918211 3.3134027145740212 8.299999999999995 8.299999999999994
5 0.6033655577540766 2.772444231558776 12.090000000000003 12.089999999999995
6 0.5607055857070113 2.485542027628182 16.989999999999995 16.990000000000002
7 0.49769994572919296 2.243196344390752 21.124999999999993 21.124999999999996
8 0.44773234772817305 2.1080442517233746 24.285 24.284999999999993
9 0.4103606763023952 1.9747331554369592 27.209999999999994 27.21000000000001
10 0.40619191354921225 1.921105736005528 29.429999999999996 29.429999999999986
11 0.4030563418138265 1.9107991599425231 30.289999999999985 30.289999999999996
12 0.39511925805675807 1.9446978482154365 30.830000000000002 30.83
13 0.36545718432754043 1.8834764773746933 31.525000000000013 31.525
14 0.35026101248548913 1.8671530240032643 32.11499999999999 32.11500000000004
15 0.3318694295900179 1.8492717394076992 32.714999999999996 32.71499999999996
16 0.3335539243126714 1.8396551284340448 32.955000000000005 32.95500000000003
17 0.3247484936631996 1.8392974975889549 33.14 33.14000000000001
18 0.32485628342245987 1.8388406679863922 33.165 33.16500000000002
19 0.3201119288663405 1.8391457286432182 33.44499999999999 33.445
20 0.32144904188948326 1.8337437185929664 33.61 33.60999999999999
21 0.31887700534759356 1.8330653266331656 33.680000000000014 33.679999999999964
22 0.3193332219251336 1.8334924623115563 33.74499999999997 33.74500000000002
23 0.3196306818181817 1.8333165829145703 33.695 33.69499999999999
24 0.31916833778966136 1.832989949748743 33.679999999999986 33.68000000000001
25 0.31997103386809284 1.8337185929648219 33.66500000000003 33.665000000000006
26 0.31853331105169375 1.8328391959799029 33.69000000000002 33.689999999999976
27 0.3201214349376115 1.8340201005025096 33.64000000000001 33.639999999999986
28 0.31821913992869866 1.833643216080399 33.68000000000001 33.680000000000014
29 0.3205704099821749 1.8337185929648236 33.68999999999997 33.68999999999998
30 0.31809826203208524 1.833417085427135 33.68500000000001 33.685
31 0.32194518716577536 1.8332663316582944 33.665 33.66499999999999
32 0.3167959001782531 1.833165829145732 33.694999999999986 33.694999999999986
33 0.32189505347593567 1.833643216080399 33.67499999999998 33.67499999999999
34 0.31871602049910847 1.833366834170852 33.64000000000001 33.639999999999986
35 0.3170215017825311 1.832688442211052 33.72 33.71999999999998
36 0.32061107397504457 1.8335427135678426 33.69499999999998 33.694999999999986
37 0.31885082442067747 1.8330653266331625 33.710000000000015 33.709999999999994
38 0.31841187611408167 1.8327889447236174 33.66999999999998 33.669999999999995
39 0.3189237967914438 1.8333165829145743 33.660000000000025 33.660000000000004
40 0.319725378787879 1.8329899497487436 33.68000000000001 33.67999999999999
41 0.31474766042780755 1.8327386934673404 33.71499999999998 33.714999999999975
42 0.3197097816399288 1.8328391959798966 33.68000000000002 33.67999999999998
43 0.31840073529411794 1.832663316582916 33.690000000000005 33.689999999999955
44 0.3187538992869875 1.8332663316582922 33.67999999999999 33.67999999999999
45 0.3185093582887701 1.8332160804020101 33.7 33.7
46 0.31957720588235294 1.8335678391959795 33.69000000000002 33.689999999999976
47 0.3183734402852052 1.833492462311555 33.66000000000002 33.65999999999997
48 0.32058043672014264 1.8334170854271363 33.72 33.72000000000003
49 0.31737522281639946 1.8330653266331696 33.71500000000003 33.71499999999999
50 0.316916221033868 1.8332663316582916 33.73500000000001 33.735
51 0.3155531417112303 1.8331407035175886 33.71499999999999 33.715
52 0.3186948529411762 1.8326381909547738 33.720000000000006 33.71999999999996
53 0.3195688502673796 1.833391959798995 33.69499999999997 33.69499999999998
54 0.31771501782531186 1.833542713567837 33.69999999999997 33.69999999999997
55 0.321422125668449 1.833140703517588 33.69500000000002 33.69500000000001
56 0.31545287433155095 1.8328391959799002 33.71999999999999 33.71999999999997
57 0.31911541889483064 1.8332412060301544 33.68499999999998 33.68499999999998
58 0.3181834893048128 1.833015075376886 33.67499999999997 33.67499999999999
59 0.3188814616755797 1.8332412060301515 33.71000000000001 33.709999999999994
60 0.32151737967914434 1.8332914572864363 33.69500000000001 33.69500000000001
61 0.31633968360071324 1.8331909547738685 33.730000000000004 33.72999999999998
62 0.31750111408199627 1.8326884422110568 33.71 33.70999999999998
63 0.3170320855614973 1.83298994974874 33.67000000000002 33.67000000000001
64 0.3159994393651889 1.834095477386937 33.615 33.61499999999998
65 0.31848596256684525 1.8333417085427122 33.639999999999986 33.640000000000036
66 0.3188903743315508 1.8334170854271323 33.66999999999999 33.67
67 0.31839906417112285 1.8326884422110545 33.68999999999999 33.68999999999998
68 0.3193393493761137 1.8329396984924653 33.72 33.719999999999985
69 0.32083890374331536 1.8326884422110596 33.67 33.67
70 0.3212500000000001 1.833040201005025 33.699999999999974 33.70000000000001
