# index clusteringCoefficient averagePathLength inDegreeMean outDegreeMean
1 0.9321745871787924 4.414427341507948 1.7560975609756095 1.75609756097561
2 0.805897143374373 5.321109861267337 3.0150000000000006 3.0150000000000023
3 0.7077406840985695 3.8812882135722515 5.254999999999999 5.254999999999999
4 0.6532813065743164 4.119017846993297 8.21 8.209999999999999
5 0.6081853339080957 2.9607351447435257 12.499999999999996 12.5
6 0.5306165420581617 2.4176625708354313 17.624999999999996 17.625000000000007
7 0.4526007521265005 2.075326968710314 23.30500000000001 23.305000000000007
8 0.39890999000452804 1.9406797776827704 27.955000000000013 27.955
9 0.3822055063492676 1.8909733124018824 31.604999999999997 31.604999999999997
10 0.3713623388148104 1.854867119100661 33.58999999999999 33.59
11 0.3655036703569309 1.85414316480361 34.57500000000002 34.575
12 0.36415527468373765 1.8431752671989403 35.09999999999999 35.099999999999994
13 0.35657550407550387 1.8370787949901812 35.31500000000002 35.315000000000005
14 0.35198699451331017 1.821402933032511 35.60000000000002 35.600000000000016
15 0.3513720537764656 1.8237379792362867 35.75499999999999 35.755
16 0.3502964616826098 1.8237399116796091 35.94500000000002 35.94500000000001
17 0.34712449888311964 1.8169889853306929 36.26000000000001 36.259999999999984
18 0.345058916058916 1.816733668341706 36.670000000000016 36.66999999999999
19 0.34437494637494614 1.8167085427135694 36.660000000000004 36.65999999999998
20 0.34416473616473603 1.8168844221105507 36.690000000000026 36.68999999999999
21 0.3426962676962674 1.8169597989949724 36.690000000000026 36.689999999999976
22 0.3431312741312741 1.8170100502512556 36.675 36.675
23 0.34722994422994413 1.817386934673365 36.684999999999995 36.684999999999974
24 0.3449004719004718 1.8170351758793963 36.73999999999999 36.739999999999995
25 0.34370334620334625 1.8166834170854254 36.66499999999998 36.665000000000006
26 0.34479536679536715 1.8173618090452255 36.65000000000002 36.649999999999984
27 0.3440920205920206 1.8170100502512578 36.68 36.679999999999964
28 0.34706778206778205 1.816633165829148 36.714999999999996 36.71500000000003
29 0.34569026169026157 1.8166582914572875 36.69 36.68999999999997
30 0.34555190905190897 1.8167839195979913 36.68500000000001 36.684999999999974
31 0.3424425139425139 1.8167839195979913 36.69 36.68999999999998
32 0.3437181467181466 1.8162814070351792 36.71000000000001 36.70999999999999
33 0.34098069498069483 1.8163567839195964 36.7 36.699999999999996
34 0.34504311454311454 1.8165577889447233 36.675000000000004 36.67499999999997
35 0.34088181038181026 1.8166080402010039 36.72499999999999 36.725
36 0.34292406692406696 1.8168341708542706 36.690000000000005 36.69000000000001
37 0.34244337194337215 1.8164321608040195 36.709999999999994 36.709999999999994
38 0.3430581295581293 1.8164321608040213 36.70000000000003 36.699999999999996
39 0.34097940797940807 1.8164070351758788 36.675 36.674999999999976
40 0.34159352209352184 1.8163065326633148 36.71000000000001 36.70999999999999
41 0.34410489060489113 1.8162311557788944 36.69499999999999 36.695
42 0.34169047619047604 1.8163065326633137 36.690000000000026 36.68999999999996
43 0.3427910767910766 1.8160552763819102 36.68999999999998 36.689999999999976
44 0.3400761475761472 1.8160050251256297 36.74000000000001 36.74000000000002
45 0.3454337194337193 1.81683417085427 36.69000000000001 36.689999999999976
46 0.3442276604335428 1.8164321608040208 36.69000000000002 36.69
47 0.34148412698412706 1.8163065326633143 36.71000000000001 36.71
48 0.3411497211497213 1.816783919597993 36.685 36.684999999999995
49 0.3406115401115401 1.8163065326633165 36.71999999999999 36.71999999999997
50 0.3419079794079794 1.8163567839195984 36.730000000000004 36.73000000000001
51 0.3423434148434146 1.81640703517588 36.67999999999999 36.67999999999997
52 0.3402704847704847 1.8162814070351767 36.69500000000002 36.69500000000002
53 0.3407136422136419 1.8161557788944738 36.71500000000003 36.715
54 0.3429879879879881 1.816381909547741 36.68500000000001 36.68499999999997
55 0.34310424710424703 1.8165075376884436 36.679999999999986 36.68
56 0.3483170313170313 1.8165577889447222 36.67499999999997 36.675000000000004
57 0.3441954096954095 1.816959798994976 36.63 36.629999999999995
58 0.34664414414414374 1.8167085427135672 36.65 36.650000000000006
59 0.3459221364221362 1.8165829145728636 36.68500000000002 36.68499999999998
60 0.3436934791934788 1.8167085427135656 36.695 36.695
61 0.3442655512655511 1.8163819095477358 36.68999999999999 36.689999999999976
62 0.3455832260832261 1.8167085427135694 36.69499999999998 36.69499999999996
63 0.3427910767910766 1.8164321608040135 36.69999999999997 36.699999999999996
64 0.34234513084513074 1.8165326633165808 36.69999999999998 36.69999999999999
65 0.33960145860145874 1.816256281407035 36.675 36.67500000000002
66 0.34489639639639647 1.816306532663313 36.65999999999999 36.65999999999999
67 0.3437331617331618 1.81645728643216 36.695 36.69499999999998
68 0.34474281424281394 1.8161557788944676 36.72000000000001 36.719999999999985
69 0.34646653796653787 1.8166331658291421 36.66000000000002 36.66
70 0.3436233754763166 1.8162562814070315 36.70500000000001 36.705000000000005
