# index clusteringCoefficient averagePathLength inDegreeMean outDegreeMean
1 0.9323461091753775 4.0496249999999865 1.7154471544715453 1.7154471544715448
2 0.8103978478173404 4.333272883891744 2.915000000000001 2.915000000000001
3 0.7177396590821519 3.104672469079241 4.824999999999998 4.824999999999999
4 0.6494825036191086 3.332399844418511 7.464999999999997 7.465
5 0.6228664747026191 3.025858659608777 11.190000000000005 11.190000000000001
6 0.5619997956946797 2.602609247820821 15.335000000000004 15.334999999999997
7 0.4763843388626561 2.2272147187067795 20.19 20.189999999999994
8 0.40312618021803204 2.0057503694746726 24.179999999999996 24.18
9 0.3499096523426317 1.9371859296482419 26.61 26.61000000000001
10 0.3214843949931725 1.9111278039682944 27.594999999999985 27.594999999999995
11 0.3149363924614938 1.8919984538074983 28.155000000000012 28.154999999999998
12 0.3093687507894406 1.8910449684319042 28.284999999999993 28.285000000000007
13 0.3018843258468451 1.8782176187057749 28.755 28.75500000000001
14 0.30152641139747594 1.8745759253118361 29.01 29.009999999999998
15 0.29768527640941433 1.8738106777542547 28.989999999999988 28.990000000000006
16 0.3010188834154352 1.8736321199908164 28.964999999999996 28.965
17 0.29403265436609444 1.870361910562912 29.170000000000005 29.170000000000012
18 0.28959986078389394 1.8632610287619 29.540000000000006 29.539999999999996
19 0.2896042692939245 1.860584328678568 29.560000000000016 29.560000000000002
20 0.2900098522167487 1.8610136107674056 29.570000000000004 29.569999999999997
21 0.2899523809523808 1.8614681447438195 29.535000000000007 29.53499999999999
22 0.2932044334975374 1.8625539759096992 29.564999999999994 29.564999999999998
23 0.2896346469622333 1.8614681447438226 29.51500000000002 29.515000000000008
24 0.28941746659137946 1.862512562814071 29.66500000000001 29.665000000000003
25 0.2887216748768471 1.862286432160804 29.705000000000005 29.705000000000002
26 0.2930607553366175 1.8636432160804035 29.639999999999983 29.639999999999993
27 0.28951231527093596 1.8616080402010047 29.660000000000004 29.66000000000001
28 0.2923246670315636 1.8609798994974907 29.709999999999997 29.70999999999998
29 0.2859786535303778 1.8611809045226113 29.709999999999994 29.709999999999987
30 0.2875681444991793 1.862035175879397 29.62999999999999 29.629999999999992
31 0.28585303776683113 1.8607537688442215 29.699999999999996 29.7
32 0.28956896551724126 1.8610552763819088 29.669999999999998 29.67000000000001
33 0.28297372742200344 1.8595477386934651 29.690000000000005 29.690000000000005
34 0.2875213464696221 1.8596984924623068 29.69 29.69
35 0.28429228243021365 1.859723618090453 29.665000000000003 29.664999999999996
36 0.28696305418719265 1.8596733668341716 29.704999999999984 29.704999999999995
37 0.2860238095238095 1.859195979899496 29.66500000000001 29.664999999999992
38 0.28756321839080484 1.860301507537687 29.650000000000006 29.650000000000006
39 0.2842807881773401 1.8589698492462303 29.69000000000001 29.69
40 0.2869614121510677 1.8606532663316557 29.685000000000013 29.685000000000002
41 0.2842487684729067 1.8607788944723611 29.700000000000006 29.7
42 0.28357471264367823 1.8593718592964872 29.679999999999996 29.68
43 0.2870845648604268 1.8594974874371875 29.69499999999999 29.69499999999998
44 0.2863013136288999 1.860728643216084 29.725000000000005 29.724999999999987
45 0.2884761904761902 1.861256281407036 29.66999999999999 29.670000000000005
46 0.28757963875205267 1.8607035175879427 29.705000000000002 29.704999999999988
47 0.2903070607553369 1.8604773869346727 29.70500000000001 29.705000000000005
48 0.28952298850574737 1.8619597989949734 29.665000000000003 29.665000000000003
49 0.2872692939244664 1.8602010050251252 29.664999999999996 29.664999999999996
50 0.2891461412151066 1.861055276381911 29.700000000000003 29.699999999999992
51 0.2851453201970443 1.860427135678392 29.704999999999995 29.704999999999995
52 0.2869942528735634 1.8609296482412039 29.685000000000002 29.685000000000002
53 0.28478160919540246 1.8598743718592958 29.675000000000008 29.674999999999997
54 0.287802134646962 1.859623115577892 29.695 29.695000000000004
55 0.2893078817733988 1.8609296482412032 29.71500000000001 29.715
56 0.2846921182266009 1.859195979899496 29.720000000000006 29.71999999999999
57 0.284320197044335 1.8609547738693453 29.669999999999998 29.669999999999987
58 0.2871871921182267 1.8590954773869368 29.699999999999996 29.700000000000003
59 0.28540229885057483 1.860477386934676 29.664999999999996 29.66500000000001
60 0.28650738916256147 1.8614572864321608 29.65 29.64999999999999
61 0.286621510673235 1.861281407035176 29.685000000000006 29.685
62 0.2884540229885059 1.8623869346733675 29.70000000000001 29.700000000000014
63 0.28730295566502456 1.8633165829145717 29.710000000000004 29.71
64 0.2895090311986863 1.8616582914572872 29.68 29.68
65 0.2907307060755337 1.8620603015075363 29.689999999999987 29.69000000000001
66 0.28914121510673213 1.8612311557788945 29.7 29.699999999999996
67 0.28490804597701175 1.8606281407035168 29.699999999999992 29.7
68 0.28697454844006576 1.85967336683417 29.705 29.704999999999984
69 0.283840722495895 1.8610804020100502 29.66499999999999 29.664999999999996
70 0.2848234811165847 1.8603266331658292 29.65 29.650000000000006
