# index clusteringCoefficient averagePathLength inDegreeMean outDegreeMean
1 0.9395685811696828 4.3703142748959065 1.7479674796747966 1.7479674796747964
2 0.808751778911053 3.878409243584577 2.965000000000001 2.964999999999999
3 0.7108863853695734 3.4578269544712485 4.98 4.98
4 0.6509885701074399 3.298317330544733 8.455000000000002 8.454999999999997
5 0.6405202807927813 2.745399525639988 11.940000000000001 11.94
6 0.601209929463077 2.491200531288691 16.425 16.424999999999986
7 0.5438336352221421 2.276589805147702 19.645 19.645000000000003
8 0.4688215883463122 2.0710963810338434 23.73 23.729999999999986
9 0.4105984059614947 1.954829761063567 27.044999999999998 27.045000000000005
10 0.36782613330487857 1.8939025022017295 29.025 29.025000000000002
11 0.3409737668823427 1.8700133319659522 30.185 30.185000000000002
12 0.3265958986503337 1.856168598092505 30.855000000000008 30.85500000000001
13 0.32072865684093416 1.848092503332993 31.085000000000004 31.084999999999987
14 0.32089448924731173 1.8481493763232402 31.199999999999978 31.200000000000006
15 0.3176330645161291 1.8479772600375592 31.389999999999997 31.389999999999997
16 0.3155799731182798 1.8468605654535293 31.350000000000012 31.35
17 0.3069588895068598 1.8468473018358151 31.525000000000006 31.524999999999995
18 0.30937634408602166 1.8463927678593974 31.539999999999996 31.540000000000003
19 0.3057421142539329 1.8456783919597985 31.739999999999984 31.739999999999988
20 0.30283064516129027 1.8458542713567838 31.72 31.719999999999988
21 0.30581182795698925 1.8474371859296501 31.694999999999997 31.69499999999999
22 0.30751276881720413 1.848040201005028 31.68999999999999 31.689999999999998
23 0.306738575268817 1.846683417085426 31.725000000000016 31.724999999999998
24 0.3059704301075267 1.8476884422110544 31.654999999999998 31.654999999999998
25 0.30670833333333336 1.8468090452261288 31.65500000000002 31.654999999999994
26 0.30710551075268844 1.8460301507537717 31.689999999999998 31.68999999999999
27 0.30813440860215047 1.8465577889447236 31.689999999999994 31.69
28 0.3074428763440861 1.8459296482412053 31.689999999999998 31.689999999999998
29 0.30434139784946224 1.8457035175879382 31.700000000000003 31.700000000000003
30 0.30499327956989264 1.8454773869346757 31.724999999999998 31.724999999999987
31 0.3070161290322582 1.8462562814070345 31.690000000000005 31.69000000000001
32 0.3014885752688173 1.8449748743718608 31.680000000000003 31.680000000000014
33 0.300399865591398 1.8451758793969857 31.660000000000007 31.660000000000007
34 0.30044354838709675 1.8445226130653252 31.72 31.720000000000002
35 0.30311626344086035 1.8444221105527654 31.70000000000001 31.700000000000006
36 0.3027345430107528 1.8455276381909562 31.714999999999996 31.715
37 0.2995342741935481 1.84469849246231 31.710000000000004 31.709999999999983
38 0.30333064516128994 1.8445728643216102 31.699999999999996 31.70000000000001
39 0.3034926075268818 1.8456030150753797 31.67999999999999 31.679999999999993
40 0.30239448924731216 1.8462060301507552 31.674999999999994 31.67500000000001
41 0.30339717741935474 1.8466582914572849 31.704999999999995 31.704999999999988
42 0.3033965053763442 1.8457286432160855 31.695000000000004 31.695
43 0.30410819892473084 1.8458542713567858 31.68499999999999 31.68500000000001
44 0.3102542176492401 1.8460552763819118 31.705 31.705
45 0.3083985215053764 1.8465577889447236 31.68499999999999 31.685000000000002
46 0.30611559139784966 1.8461809045226145 31.72500000000001 31.725000000000005
47 0.3024623655913977 1.846582914572865 31.73 31.730000000000008
48 0.3035443548387097 1.8469849246231145 31.700000000000006 31.7
49 0.30790322580645174 1.8473618090452262 31.69999999999999 31.7
50 0.30875268817204293 1.846984924623114 31.659999999999997 31.659999999999997
51 0.3033461021505376 1.8461055276381895 31.699999999999992 31.700000000000003
52 0.3040430107526881 1.8465829145728676 31.695000000000004 31.694999999999997
53 0.3046122311827957 1.8468592964824158 31.689999999999987 31.69000000000001
54 0.30747647849462356 1.8465075376884432 31.689999999999984 31.689999999999987
55 0.30612903225806454 1.8468592964824113 31.715000000000007 31.71499999999999
56 0.30831451612903193 1.8469597989949744 31.670000000000005 31.669999999999995
57 0.30514516129032265 1.8467839195979907 31.700000000000014 31.699999999999996
58 0.30365524193548366 1.8454773869346741 31.67499999999998 31.675000000000004
59 0.3023575268817203 1.8452261306532705 31.66499999999998 31.665000000000013
60 0.3053911290322579 1.8458542713567847 31.66 31.659999999999997
61 0.3049536290322578 1.8457537688442194 31.689999999999998 31.690000000000005
62 0.30407795698924767 1.8460804020100494 31.66999999999999 31.67000000000002
63 0.3011350806451615 1.845653266331661 31.709999999999997 31.709999999999997
64 0.30855376344086 1.8458542713567847 31.709999999999997 31.709999999999997
65 0.303130376344086 1.8461306532663337 31.690000000000012 31.689999999999998
66 0.30769825268817214 1.845577889447236 31.689999999999998 31.690000000000005
67 0.3018494623655913 1.8451758793969875 31.69500000000003 31.695000000000004
68 0.3060819892473118 1.8457035175879433 31.72999999999999 31.729999999999997
69 0.308506720430107 1.8467085427135714 31.70999999999998 31.71
70 0.3044240591397847 1.8460301507537673 31.66 31.659999999999993
