# index clusteringCoefficient averagePathLength inDegreeMean outDegreeMean
1 0.9266353030794622 4.915638106650692 1.8861788617886177 1.8861788617886173
2 0.8121617892962908 3.9695066638755114 3.3700000000000023 3.370000000000001
3 0.7327825460458588 3.096483603318841 5.654999999999997 5.655
4 0.6517010059223616 3.034055305816649 8.434999999999997 8.434999999999995
5 0.5709394102680175 2.69856194690266 12.540000000000001 12.539999999999994
6 0.5326336096717447 2.352397846831423 17.740000000000013 17.739999999999995
7 0.48373191315583597 2.1534334459363325 22.554999999999993 22.554999999999996
8 0.43262550833907853 1.9634677844710344 27.590000000000003 27.59000000000001
9 0.40364359603332794 1.8802128116938943 32.10499999999999 32.105
10 0.39967241279737875 1.8473874114659885 34.22500000000003 34.22500000000001
11 0.3935444063204361 1.8428244802467177 35.01000000000002 35.009999999999984
12 0.39009978925355937 1.8321487151448883 36.26500000000002 36.26500000000001
13 0.3864476723687246 1.8151995626025135 37.14499999999998 37.14500000000001
14 0.3820361758519652 1.81487875898678 37.51500000000002 37.515
15 0.3754953131268916 1.8135186838413524 37.9 37.90000000000003
16 0.37248969617390676 1.8132629495216108 38.10500000000001 38.105000000000004
17 0.36688631141262695 1.8203517587939684 38.134999999999984 38.13499999999999
18 0.37216763322026475 1.8167587939698477 38.31000000000003 38.30999999999999
19 0.37121822227085366 1.811368399787882 38.30500000000001 38.30500000000003
20 0.36688651201809114 1.8063567839196024 38.67 38.66999999999999
21 0.36491592807382284 1.8062311557788926 38.669999999999995 38.67000000000001
22 0.3619234416602836 1.8060301507537688 38.685 38.684999999999995
23 0.3620791844476055 1.8064824120603022 38.67499999999998 38.67499999999999
24 0.3620500054710582 1.8060050251256299 38.684999999999974 38.684999999999974
25 0.3650559871612504 1.805979899497483 38.695 38.695000000000014
26 0.3630127293285186 1.8058793969849283 38.72000000000002 38.72
27 0.3686568248410352 1.8060050251256268 38.70000000000001 38.70000000000002
28 0.36435788014735365 1.805929648241207 38.71000000000002 38.70999999999999
29 0.36337764890396484 1.8061055276381923 38.72500000000002 38.72499999999999
30 0.3650160484371009 1.805929648241204 38.68500000000001 38.685
31 0.3650293613451509 1.8061055276381905 38.704999999999984 38.704999999999984
32 0.3626859247911877 1.8061055276381932 38.68999999999999 38.690000000000005
33 0.36343965422912805 1.806080402010051 38.68499999999999 38.684999999999974
34 0.3605637013531753 1.8056281407035122 38.724999999999994 38.725
35 0.3634155815734764 1.8058542713567836 38.704999999999984 38.70500000000001
36 0.3640938104096001 1.8060050251256268 38.699999999999996 38.70000000000002
37 0.3645975124922491 1.8059547738693404 38.7 38.700000000000024
38 0.359674107305686 1.8061809045226145 38.654999999999994 38.65499999999997
39 0.3624628879892039 1.8059798994974912 38.67499999999996 38.67499999999998
40 0.36561567640514986 1.806005025125628 38.71499999999999 38.715
41 0.36107706897180597 1.8063819095477416 38.67000000000002 38.67000000000001
42 0.3635992267571217 1.8061306532663375 38.69500000000001 38.69499999999999
43 0.3639378852536747 1.8063567839195995 38.66999999999999 38.67000000000004
44 0.3588875515191306 1.8060552763819102 38.67999999999999 38.67999999999998
45 0.36311157311157316 1.8063065326633152 38.69000000000004 38.689999999999976
46 0.36574351679614864 1.8058542713567853 38.71 38.71
47 0.3638290111974321 1.8062060301507528 38.684999999999995 38.68500000000001
48 0.363501294817084 1.8060301507537733 38.68499999999999 38.684999999999995
49 0.3609816901922165 1.805753768844224 38.72500000000003 38.72500000000001
50 0.3618833205675312 1.8058793969849236 38.70000000000001 38.7
51 0.36304847357478937 1.8059547738693487 38.71500000000001 38.71500000000001
52 0.3653736732684105 1.8058542713567876 38.70499999999998 38.705
53 0.3664441769704926 1.8060050251256237 38.71 38.71
54 0.3658660684976476 1.8060050251256303 38.68500000000001 38.68499999999998
55 0.3634794105846737 1.8061557788944738 38.68500000000002 38.68500000000001
56 0.3641198587251218 1.8059547738693453 38.70499999999999 38.705000000000034
57 0.3668780318780323 1.8061306532663328 38.70500000000001 38.705
58 0.3647138636612322 1.805728643216081 38.73500000000003 38.735
59 0.3646518583360689 1.805829145728641 38.71499999999997 38.714999999999996
60 0.36461939672466004 1.8062060301507519 38.72000000000002 38.71999999999999
61 0.36599299704562865 1.8058040201005 38.720000000000006 38.719999999999985
62 0.3625104861946965 1.806055276381911 38.724999999999994 38.72500000000001
63 0.363486887697414 1.806356783919595 38.71 38.710000000000015
64 0.3648938614728088 1.8059798994974878 38.72999999999996 38.73
65 0.362519422256264 1.806030150753771 38.72499999999998 38.72499999999998
66 0.36508480140059085 1.8061809045226138 38.73000000000001 38.729999999999976
67 0.3657300215194951 1.8061809045226123 38.76500000000002 38.765
68 0.3652226720647774 1.805979899497484 38.70499999999998 38.70500000000003
69 0.3674253200568988 1.80620603015075 38.68499999999998 38.68499999999997
70 0.36762081919976675 1.8060301507537726 38.71500000000002 38.71500000000001
