# index clusteringCoefficient averagePathLength inDegreeMean outDegreeMean
1 0.9287282884234104 4.507156673114134 1.756097560975609 1.7560975609756095
2 0.8031022039372339 4.578190743338031 3.0550000000000006 3.0550000000000015
3 0.694425070105333 3.4994798529717723 4.934999999999999 4.934999999999999
4 0.6527594373849022 3.544578413784472 7.740000000000001 7.739999999999998
5 0.5922858862962422 2.866323109400207 12.169999999999995 12.169999999999998
6 0.5230555477850506 2.4397754385965 16.614999999999988 16.61499999999999
7 0.44684737859412954 2.1582914572864316 21.05 21.05
8 0.39502713774473447 2.0101308682449694 24.64 24.64000000000002
9 0.35281406291128453 1.913488495107116 27.810000000000006 27.81
10 0.34054722762362444 1.8668600735636967 30.229999999999997 30.230000000000004
11 0.3256546426389266 1.8507332581273697 31.579999999999984 31.580000000000013
12 0.32699577883287567 1.8427853553481657 31.959999999999994 31.96
13 0.32354227761485815 1.841888011486003 32.065 32.06499999999999
14 0.32158899655743994 1.8419253628548822 32.15499999999998 32.15499999999999
15 0.31838801319648097 1.8409471600426404 32.395 32.39499999999999
16 0.3165808284457478 1.8410994365768205 32.37999999999998 32.379999999999974
17 0.315343352883676 1.8423524658468249 32.51500000000003 32.51500000000001
18 0.31266892717497563 1.8410898714678923 32.555000000000014 32.555000000000014
19 0.3134570503421311 1.8402313072902192 32.515 32.51499999999999
20 0.3134759897360707 1.8400545440771694 32.565000000000005 32.565
21 0.31008675464320634 1.839472361809046 32.70000000000001 32.70000000000001
22 0.31037176197458466 1.8400502512562813 32.67500000000001 32.675
23 0.31006109481915944 1.838994974874372 32.650000000000006 32.650000000000006
24 0.3108681573802541 1.8392211055276364 32.70500000000001 32.705
25 0.310988208699902 1.839346733668343 32.72500000000001 32.72499999999998
26 0.31034237536656883 1.839924623115575 32.68499999999998 32.684999999999995
27 0.30944189882697976 1.840527638190954 32.680000000000035 32.67999999999997
28 0.30814455034213095 1.8393718592964816 32.71499999999999 32.71500000000002
29 0.31271169354838707 1.839597989949748 32.705000000000005 32.705000000000005
30 0.31190402003910034 1.8397236180904486 32.74000000000002 32.73999999999999
31 0.31347934995112414 1.839648241206032 32.709999999999994 32.709999999999994
32 0.30790505865102635 1.8389949748743737 32.69499999999999 32.694999999999986
33 0.31045882209188647 1.838618090452263 32.75000000000001 32.750000000000014
34 0.31140884652981443 1.8389447236180883 32.71999999999999 32.720000000000006
35 0.30872067448680346 1.8389949748743726 32.730000000000004 32.73000000000002
36 0.3046761974584552 1.839246231155783 32.619999999999976 32.62
37 0.3071734481915932 1.8387437185929691 32.684999999999995 32.68500000000001
38 0.31053885630498546 1.8395979899497494 32.63500000000001 32.63499999999999
39 0.3107566593352883 1.8395226130653237 32.66999999999999 32.669999999999995
40 0.31234695747800567 1.8393718592964838 32.70499999999999 32.705
41 0.30911137585532755 1.839045226130654 32.65499999999998 32.65499999999998
42 0.30953537390029334 1.8383417085427136 32.730000000000004 32.73000000000001
43 0.3115276759530792 1.8398241206030128 32.670000000000016 32.67
44 0.3126032502443794 1.838768844221108 32.71000000000001 32.709999999999994
45 0.31094758064516137 1.838618090452262 32.720000000000006 32.71999999999999
46 0.3128940615835777 1.839899497487439 32.67000000000001 32.66999999999998
47 0.30873442082111446 1.8395226130653273 32.71000000000002 32.71
48 0.31086754643206266 1.8395728643216058 32.705000000000005 32.70499999999999
49 0.3115139296187685 1.8392964824120603 32.72999999999999 32.72999999999999
50 0.3142033235581623 1.8403266331658255 32.67499999999998 32.675
51 0.31336632453567953 1.839849246231155 32.65499999999998 32.65499999999999
52 0.3113618035190615 1.8396984924623128 32.72000000000002 32.72000000000003
53 0.31089687194525895 1.8399497487437182 32.684999999999995 32.68499999999998
54 0.3147085777126102 1.8397487437185955 32.70499999999999 32.705
55 0.3116791911045939 1.8399748743718578 32.675000000000004 32.675
56 0.3110184506353861 1.8387185929648242 32.72500000000001 32.725
57 0.3140102639296186 1.8384170854271342 32.74499999999997 32.745000000000005
58 0.3078320503421311 1.8388693467336699 32.72000000000002 32.71999999999999
59 0.3089451979472143 1.8392964824120628 32.71 32.71
60 0.30985184506353874 1.83904522613065 32.68500000000003 32.685
61 0.30968475073313767 1.8384170854271313 32.675000000000004 32.675000000000004
62 0.30679924242424245 1.8388944723618084 32.66499999999996 32.66499999999998
63 0.3130284701857281 1.8393467336683424 32.704999999999984 32.705000000000005
64 0.31120295698924727 1.8390954773869346 32.74000000000001 32.739999999999995
65 0.30728525171065485 1.8383668341708534 32.73000000000001 32.72999999999998
66 0.31004276637341155 1.839070351758795 32.725000000000016 32.72500000000001
67 0.3094935239491689 1.8388190954773855 32.72500000000001 32.72499999999998
68 0.31274499022482877 1.8386934673366868 32.695000000000014 32.69499999999997
69 0.3132025904203323 1.8395979899497505 32.69499999999999 32.695
70 0.3128722507331374 1.839422110552763 32.66000000000002 32.660000000000004
