# index clusteringCoefficient averagePathLength inDegreeMean outDegreeMean
1 0.9292760153126006 4.568963451168376 1.7235772357723578 1.7235772357723573
2 0.8434312675579199 4.434511775312829 3.1050000000000004 3.105000000000003
3 0.7056382973640339 4.663202488912396 5.254999999999997 5.255
4 0.6428620720503956 3.855109906399564 8.024999999999997 8.024999999999995
5 0.627625811219859 2.6603189348196317 11.605000000000002 11.605000000000004
6 0.5801623175722608 2.4759828148722445 15.679999999999996 15.680000000000016
7 0.5064768293865408 2.2423613254398047 20.154999999999987 20.154999999999994
8 0.44615591790713977 2.0345513164964872 24.59499999999999 24.59500000000001
9 0.36560660807191825 1.928063013555243 28.060000000000006 28.05999999999999
10 0.33119747821403 1.896147403685092 29.539999999999996 29.54000000000001
11 0.335476663215912 1.868599407292873 30.714999999999996 30.71499999999999
12 0.33473088027563824 1.8587837144908221 31.37499999999999 31.375000000000007
13 0.32918066816169295 1.849835914265202 31.699999999999996 31.700000000000006
14 0.3265908294020142 1.8487334632345438 31.784999999999997 31.784999999999997
15 0.3269830156402736 1.8484001640857377 31.815000000000005 31.815000000000005
16 0.32228158602150564 1.84965230191361 32.18999999999999 32.19
17 0.3181491324535679 1.8499314755596181 32.17 32.17
18 0.3129300202485686 1.8489432085048338 32.315000000000026 32.315
19 0.32066959921798616 1.8470745688240218 32.345 32.344999999999985
20 0.31225439009914785 1.8460804020100494 32.45500000000001 32.454999999999984
21 0.31308131720430066 1.8468592964824107 32.51499999999998 32.514999999999986
22 0.3101926232369781 1.8409798994974844 32.59499999999999 32.59500000000002
23 0.3127306329423265 1.8407286432160803 32.67999999999996 32.67999999999999
24 0.3099746456500489 1.8395728643216087 32.72 32.72000000000001
25 0.3086678274682308 1.8399748743718585 32.68999999999999 32.68999999999999
26 0.31236956256109477 1.8399246231155757 32.745000000000005 32.745000000000005
27 0.3100036656891497 1.8397989949748754 32.69500000000002 32.695
28 0.3092115713587489 1.839221105527641 32.680000000000035 32.68
29 0.30823124389051815 1.839170854271356 32.690000000000026 32.69
30 0.3065573069403715 1.838592964824117 32.72999999999999 32.72999999999999
31 0.31138135386119237 1.8387688442211063 32.694999999999986 32.69499999999999
32 0.30741324535679376 1.8388190954773862 32.69500000000002 32.695
33 0.30731977028348023 1.8379145728643216 32.730000000000025 32.73
34 0.3058412756598242 1.8390954773869326 32.67499999999999 32.67499999999997
35 0.30769367057673475 1.838643216080402 32.68 32.680000000000014
36 0.31150843108504384 1.8388190954773898 32.69500000000002 32.695
37 0.30750183284457483 1.839371859296481 32.73000000000001 32.73
38 0.3082850684261973 1.8394472361809076 32.664999999999985 32.66499999999999
39 0.30894397605083046 1.839346733668347 32.68999999999998 32.69
40 0.3084634652981429 1.8391959798994961 32.66999999999999 32.66999999999998
41 0.3097864736070382 1.8384673366834139 32.690000000000005 32.68999999999997
42 0.3040625 1.8388944723618075 32.665000000000035 32.66500000000001
43 0.3065456989247311 1.8389698492462323 32.68999999999996 32.689999999999976
44 0.3068099340175956 1.838869346733666 32.669999999999995 32.669999999999995
45 0.3079331622678396 1.8382412060301507 32.714999999999996 32.715000000000025
46 0.3064161779081136 1.8389447236180905 32.64499999999999 32.645
47 0.30677694281524936 1.838894472361809 32.69999999999998 32.70000000000001
48 0.3080516862170091 1.8386683417085419 32.74000000000001 32.74
49 0.30924700635386104 1.8388442211055285 32.69999999999997 32.70000000000001
50 0.3098765884652982 1.8390954773869361 32.699999999999996 32.699999999999974
51 0.3083730449657866 1.8385175879397007 32.70499999999999 32.70499999999998
52 0.3099266862170088 1.8389949748743704 32.64500000000001 32.644999999999996
53 0.3088260630498535 1.8390201005025104 32.685 32.68499999999998
54 0.3095778347996088 1.8390201005025126 32.714999999999975 32.715
55 0.3103503787878788 1.8385175879397024 32.71 32.71
56 0.30815432551319644 1.8384422110552778 32.680000000000014 32.68000000000001
57 0.3086278103616813 1.8390954773869368 32.67999999999996 32.67999999999998
58 0.31056421065493633 1.8396984924623123 32.69499999999999 32.695
59 0.31105785679374387 1.8391457286432147 32.69500000000001 32.695000000000014
60 0.3087655791788859 1.8389949748743732 32.664999999999985 32.66499999999997
61 0.3093783602150541 1.8389447236180898 32.67499999999999 32.675000000000004
62 0.3099080522971653 1.8381909547738708 32.750000000000014 32.75
63 0.3077474340175955 1.8389698492462294 32.690000000000026 32.690000000000026
64 0.3082459677419352 1.839396984924621 32.669999999999995 32.66999999999999
65 0.309585471652004 1.8384924623115548 32.72499999999998 32.72500000000001
66 0.30835654936461365 1.8384170854271342 32.71499999999997 32.71499999999997
67 0.30946603128054756 1.838944723618089 32.71000000000002 32.71
68 0.3089222873900292 1.838015075376883 32.719999999999985 32.71999999999999
69 0.30624450146627563 1.8382914572864337 32.699999999999996 32.69999999999998
70 0.3105687927663732 1.838869346733667 32.699999999999996 32.69999999999999
