# index clusteringCoefficient averagePathLength inDegreeMean outDegreeMean
1 0.9379403794037939 7.228731533367292 1.2520325203252038 1.2520325203252032
2 0.8116064213564216 6.144087750531199 2.145000000000002 2.145000000000002
3 0.6896010101010103 4.321026946743044 2.9800000000000004 2.9800000000000004
4 0.65673520923521 5.064595300261099 4.085000000000001 4.085
5 0.636221500721501 4.641386815920427 5.760000000000002 5.760000000000001
6 0.6088917748917755 3.849498047964304 7.130000000000003 7.13
7 0.5625808080808079 3.405480476470266 8.60499999999999 8.60500000000001
8 0.4868784271284273 3.119258255625511 9.574999999999996 9.575
9 0.4228971861471863 2.877669953430276 10.434999999999988 10.434999999999997
10 0.34884704184704185 2.7004969170330746 10.900000000000002 10.9
11 0.29225396825396854 2.635477386934666 11.224999999999996 11.225000000000005
12 0.2437849927849928 2.5395226130653348 11.42 11.419999999999996
13 0.19003968253968265 2.479623115577886 11.479999999999999 11.48
14 0.16361868686868702 2.4430150753768944 11.595 11.595
15 0.13710606060606065 2.4143467336683337 11.675000000000008 11.675000000000004
16 0.12742171717171732 2.4070351758794253 11.695000000000004 11.695
17 0.11810606060606062 2.4025879396985084 11.739999999999998 11.740000000000002
18 0.12219696969696976 2.4011557788944784 11.715000000000003 11.715000000000005
19 0.11881818181818185 2.4038442211055164 11.689999999999998 11.689999999999998
20 0.11478787878787877 2.396633165829138 11.724999999999994 11.725000000000001
21 0.11671212121212125 2.401934673366835 11.684999999999992 11.684999999999999
22 0.11266666666666673 2.3972110552763786 11.719999999999994 11.72000000000001
23 0.1153181818181819 2.3989195979899818 11.695 11.695000000000002
24 0.11900000000000005 2.3996733668342065 11.709999999999997 11.710000000000003
25 0.1127575757575758 2.4033919597990034 11.655 11.655000000000003
26 0.11162121212121213 2.3955527638190834 11.709999999999999 11.710000000000003
27 0.1118030303030304 2.3963567839195803 11.735000000000003 11.734999999999998
28 0.10943939393939404 2.3942462311557926 11.754999999999988 11.755
29 0.10927272727272731 2.403567839195987 11.659999999999995 11.65999999999999
30 0.11581818181818189 2.3996984924623073 11.665000000000004 11.665000000000001
31 0.11559090909090916 2.3979648241206095 11.709999999999997 11.710000000000003
32 0.11648484848484852 2.4027889447236452 11.674999999999997 11.674999999999994
33 0.11233333333333335 2.402160804020067 11.670000000000003 11.669999999999993
34 0.11118181818181816 2.4004020100502426 11.675000000000002 11.674999999999995
35 0.11892424242424246 2.4002010050251483 11.685000000000004 11.685000000000002
36 0.11366666666666675 2.4021105527638196 11.674999999999997 11.674999999999994
37 0.1216060606060606 2.3997236180904706 11.689999999999998 11.689999999999994
38 0.11509090909090913 2.3971608040200887 11.725000000000003 11.724999999999998
39 0.11619696969696973 2.4010050251256034 11.694999999999997 11.695000000000007
40 0.11513636363636363 2.401231155778892 11.700000000000008 11.700000000000001
41 0.10924242424242431 2.39889447236181 11.715 11.714999999999998
42 0.11448484848484856 2.399070351758808 11.725000000000003 11.725000000000001
43 0.1156969696969697 2.4011055276381583 11.695000000000002 11.694999999999997
44 0.1107222222222223 2.400577889447262 11.68 11.679999999999998
45 0.11301515151515164 2.401532663316561 11.670000000000003 11.669999999999991
46 0.10995454545454551 2.396256281407035 11.740000000000002 11.74
47 0.11568181818181833 2.3966582914572863 11.719999999999999 11.719999999999997
48 0.11407575757575762 2.3998994974874472 11.689999999999998 11.690000000000005
49 0.11283333333333342 2.399371859296494 11.679999999999994 11.68
50 0.11689393939393945 2.4041708542713716 11.660000000000005 11.659999999999988
51 0.11442424242424247 2.4039447236180997 11.664999999999996 11.665
52 0.11512121212121221 2.397889447236185 11.730000000000002 11.729999999999999
53 0.1096818181818182 2.39738693467338 11.704999999999997 11.705000000000004
54 0.1115606060606061 2.394773869346759 11.709999999999997 11.710000000000004
55 0.1125909090909091 2.3955527638191083 11.714999999999998 11.715000000000002
56 0.12216666666666676 2.402713567839197 11.695 11.694999999999999
57 0.11565151515151526 2.4028391959799054 11.655000000000001 11.655
58 0.1144242424242424 2.396507537688467 11.724999999999998 11.725000000000001
59 0.11174242424242435 2.4006532663316555 11.7 11.699999999999998
60 0.10969696969696974 2.401884422110568 11.644999999999996 11.645000000000001
61 0.1157272727272727 2.4008040201005145 11.714999999999996 11.715000000000002
62 0.11950000000000005 2.4015577889447326 11.704999999999997 11.705000000000005
63 0.11898484848484853 2.402864321608074 11.679999999999994 11.679999999999998
64 0.11600000000000009 2.399648241206025 11.700000000000001 11.69999999999999
65 0.11136363636363641 2.400402010050243 11.690000000000003 11.689999999999994
66 0.11046969696969704 2.3984422110552814 11.694999999999995 11.695000000000002
67 0.11495454545454555 2.398165829145734 11.709999999999992 11.709999999999997
68 0.11042424242424248 2.3969849246230854 11.719999999999999 11.720000000000002
69 0.114409090909091 2.3983668341708295 11.704999999999995 11.704999999999997
70 0.11403030303030309 2.397688442211033 11.709999999999999 11.709999999999994
