# index clusteringCoefficient averagePathLength inDegreeMean outDegreeMean
1 0.9189571998369537 4.321292023731052 1.902439024390244 1.9024390243902438
2 0.8159089324325318 4.607643368776947 3.1899999999999995 3.190000000000001
3 0.7197451812812453 3.184106268934984 5.169999999999998 5.170000000000002
4 0.6829275487729993 3.535435192670438 8.069999999999997 8.070000000000006
5 0.6473643861657022 2.883228547153794 12.095000000000002 12.09499999999999
6 0.5784181762406234 2.5465902875730633 16.089999999999996 16.09
7 0.5071597466406067 2.206230137143187 20.359999999999996 20.360000000000003
8 0.44635484873339615 2.0480974895868496 24.28500000000001 24.285
9 0.39184214591753563 1.9922915022362577 26.990000000000002 26.989999999999995
10 0.3566785977274559 1.9192095396792335 29.035 29.035
11 0.34562668463499435 1.887717571487773 30.199999999999992 30.199999999999996
12 0.3393037705110982 1.8622120290676714 31.584999999999987 31.585000000000008
13 0.3356276319943199 1.8439931969283108 32.38999999999999 32.39
14 0.3316457447603549 1.8498522764576653 32.95500000000002 32.954999999999984
15 0.32892223707664914 1.8444231206282677 33.14499999999998 33.14500000000002
16 0.32653083132079835 1.8439180828766943 33.185 33.18499999999998
17 0.3220491842982248 1.8351304259993406 33.37500000000003 33.374999999999986
18 0.3206300133689835 1.8344486250347214 33.47999999999999 33.47999999999997
19 0.3185048777416105 1.8332663316582907 33.60499999999999 33.605000000000004
20 0.32102941176470623 1.833040201005026 33.68499999999997 33.68500000000003
21 0.3209720365418897 1.8332663316582918 33.704999999999984 33.704999999999984
22 0.31860572638146156 1.8338190954773905 33.669999999999995 33.670000000000016
23 0.3203236408199644 1.8336683417085442 33.68999999999999 33.69
24 0.3191571969696966 1.833366834170852 33.71 33.71000000000001
25 0.31905191622103396 1.8332663316582936 33.714999999999996 33.714999999999996
26 0.3189901745155541 1.8339949748743727 33.64000000000003 33.640000000000015
27 0.3161608734402852 1.833140703517588 33.644999999999996 33.64500000000001
28 0.31864583333333346 1.8328140703517566 33.70499999999999 33.705
29 0.31854222370766483 1.8329145728643212 33.679999999999986 33.680000000000014
30 0.320059046345811 1.8329648241206051 33.71000000000001 33.71000000000001
31 0.3194914215686273 1.8334170854271334 33.71499999999996 33.714999999999996
32 0.3198729946524064 1.8330653266331673 33.70999999999998 33.70999999999999
33 0.3180108065953654 1.8328391959799046 33.71 33.71
34 0.32005960338680917 1.8335678391959755 33.71 33.709999999999994
35 0.3185271836007129 1.8327889447236216 33.71499999999998 33.71500000000001
36 0.3169897504456331 1.832964824120603 33.68500000000005 33.684999999999995
37 0.31772560160427793 1.8330653266331658 33.71999999999997 33.71999999999998
38 0.31756851604278075 1.8332663316582958 33.695000000000014 33.695000000000014
39 0.3135622771836007 1.8329145728643217 33.665 33.664999999999964
40 0.31556640288080023 1.8331909547738694 33.64500000000001 33.64499999999999
41 0.3160979278074863 1.8327638190954767 33.709999999999994 33.71
42 0.3148139483065957 1.8334422110552728 33.70500000000002 33.705
43 0.3173456996434938 1.8337688442211073 33.69 33.69
44 0.31770331996434953 1.8332914572864303 33.695 33.695000000000036
45 0.316605392156863 1.8331155778894466 33.68999999999998 33.689999999999976
46 0.3173947192513371 1.8330402010050262 33.71999999999998 33.71999999999999
47 0.3170354278074865 1.8330402010050273 33.695 33.694999999999986
48 0.316228832442068 1.8332663316582936 33.63999999999999 33.63999999999999
49 0.31709948752228145 1.8328894472361823 33.72000000000001 33.72000000000001
50 0.3180837789661314 1.8338944723618098 33.665 33.66499999999999
51 0.316316287878788 1.8325125628140666 33.72999999999999 33.72999999999999
52 0.3159792780748665 1.8327386934673326 33.679999999999964 33.679999999999986
53 0.3154512032085562 1.8332914572864363 33.68 33.68000000000001
54 0.3185411096256684 1.833442211055278 33.66000000000001 33.659999999999975
55 0.31612076648841353 1.833216080402008 33.70499999999997 33.705000000000005
56 0.31713458110516934 1.8326884422110545 33.72999999999998 33.72999999999998
57 0.31743092691622116 1.8334924623115563 33.68499999999999 33.685
58 0.3169134358288774 1.8333165829145737 33.68499999999999 33.68500000000001
59 0.32026236631016053 1.8327135678391968 33.715000000000025 33.714999999999996
60 0.318198277844862 1.8332663316582933 33.66999999999999 33.67
61 0.3203659759358291 1.833140703517588 33.67499999999998 33.67499999999998
62 0.31713680926916227 1.8329145728643212 33.715 33.714999999999996
63 0.32033645276292355 1.8334673366834182 33.715000000000025 33.71499999999998
64 0.3191421568627452 1.8327889447236196 33.69000000000002 33.69
65 0.3184586675579324 1.8333417085427084 33.75 33.74999999999999
66 0.31745487967914454 1.8330653266331665 33.70000000000003 33.7
67 0.3144006238859181 1.8326884422110499 33.73000000000001 33.73
68 0.3152133467023171 1.832613065326634 33.74000000000001 33.74000000000001
69 0.3160723039215687 1.8325125628140704 33.66500000000002 33.66499999999999
70 0.3168783422459895 1.8331155778894508 33.68499999999998 33.68500000000001
