# index clusteringCoefficient averagePathLength inDegreeMean outDegreeMean
1 0.9246238853965478 4.629970902036863 1.7235772357723578 1.7235772357723573
2 0.8233686691004135 4.340580960598213 3.0549999999999984 3.0549999999999997
3 0.7041368977127597 3.8755126339462884 4.519999999999999 4.519999999999999
4 0.6505749991100771 3.3117453767385023 7.399999999999999 7.400000000000001
5 0.6162338416955359 2.8502903140670304 10.589999999999995 10.589999999999996
6 0.5015707654561301 2.592277881441077 14.589999999999996 14.59
7 0.440623578986406 2.323284737665777 18.055000000000003 18.05500000000001
8 0.36798234808119595 2.077782852843966 22.375000000000004 22.374999999999986
9 0.3446985520787332 1.9740186463902845 24.605000000000008 24.605000000000008
10 0.32109620713221126 1.9081341231224855 26.435000000000006 26.435000000000006
11 0.3098914874544215 1.8846771011442867 27.469999999999988 27.47
12 0.2992941059190682 1.8813396881313793 28.064999999999994 28.06499999999999
13 0.2984623704933037 1.8648600143575025 28.815 28.814999999999998
14 0.29443267651888333 1.8607322325915294 29.119999999999994 29.120000000000005
15 0.29268861024033455 1.8615667168328933 29.220000000000002 29.219999999999995
16 0.2944761904761906 1.8618344246484946 29.344999999999988 29.345000000000002
17 0.28716009852216773 1.8617206636196078 29.48999999999999 29.489999999999988
18 0.28825533661740593 1.8613418853059274 29.525 29.525000000000006
19 0.28413957307060783 1.8600035352642592 29.574999999999996 29.57500000000001
20 0.286334154351396 1.8618592964824112 29.66499999999998 29.665000000000003
21 0.28335960591133014 1.8587939698492455 29.669999999999995 29.669999999999998
22 0.28388013136289 1.8602261306532686 29.66 29.660000000000014
23 0.283696223316913 1.860251256281406 29.654999999999994 29.655000000000012
24 0.28563464696223345 1.8597487437185938 29.70500000000001 29.70500000000001
25 0.28585632183908044 1.859798994974874 29.705000000000016 29.705000000000005
26 0.28485267286991417 1.8608793969849224 29.699999999999996 29.700000000000006
27 0.2861633825944173 1.8601256281407041 29.654999999999994 29.654999999999998
28 0.28838095238095235 1.8607788944723607 29.699999999999996 29.7
29 0.2818119868637113 1.8586934673366855 29.719999999999995 29.719999999999988
30 0.28438095238095257 1.8584422110552785 29.73 29.72999999999999
31 0.2849761904761904 1.858718592964826 29.705000000000002 29.704999999999995
32 0.2798271300857508 1.8592462311557796 29.669999999999998 29.669999999999998
33 0.2839564860426928 1.8593969849246257 29.7 29.7
34 0.286498357963875 1.8589949748743726 29.705 29.705000000000002
35 0.28247372742200333 1.86 29.695000000000004 29.694999999999997
36 0.28306568144499206 1.8598994974874372 29.715 29.715000000000003
37 0.2866888341543512 1.8600502512562793 29.734999999999992 29.735000000000007
38 0.28535467980295565 1.8610301507537703 29.714999999999996 29.714999999999986
39 0.2865320197044334 1.8610804020100502 29.680000000000007 29.679999999999996
40 0.28623727422003264 1.8613567839195948 29.679999999999996 29.68
41 0.2846822660098519 1.8602763819095467 29.67 29.670000000000005
42 0.28039162561576364 1.8603015075376876 29.68499999999998 29.685000000000006
43 0.281026272577997 1.8594472361809053 29.710000000000004 29.71
44 0.2859876847290641 1.8599246231155742 29.68499999999999 29.685
45 0.2834950738916255 1.858819095477388 29.700000000000006 29.69999999999998
46 0.28549917898193766 1.8590703517587939 29.714999999999993 29.714999999999996
47 0.2844105090311986 1.8596984924623108 29.664999999999992 29.665000000000006
48 0.28223234811165854 1.8593467336683418 29.685000000000006 29.685000000000013
49 0.28407717569786517 1.860753768844222 29.69000000000001 29.689999999999987
50 0.282871921182266 1.8596984924623072 29.665000000000003 29.665000000000006
51 0.2842134646962233 1.8595226130653273 29.72999999999999 29.729999999999983
52 0.28389737274219984 1.8585427135678407 29.745000000000008 29.745
53 0.28646633825944134 1.8607286432160801 29.660000000000004 29.66
54 0.2835246305418719 1.859824120603015 29.679999999999986 29.680000000000003
55 0.28747947454844053 1.860477386934673 29.71999999999999 29.720000000000002
56 0.2848095238095236 1.8608542713567833 29.710000000000008 29.71000000000001
57 0.2865418719211827 1.860477386934674 29.720000000000006 29.719999999999988
58 0.2857298850574712 1.8605025125628147 29.715 29.715000000000007
59 0.2863669950738917 1.85994974874372 29.715000000000007 29.714999999999993
60 0.2919581280788176 1.8612060301507534 29.66999999999999 29.669999999999995
61 0.2840164203612482 1.860703517587939 29.719999999999995 29.72
62 0.2844679802955667 1.8587437185929627 29.71499999999999 29.715000000000014
63 0.2825369458128078 1.8604020100502494 29.69000000000001 29.69000000000001
64 0.28604269293924456 1.8601758793969843 29.679999999999996 29.68
65 0.28191050903119846 1.858969849246229 29.725000000000012 29.725000000000005
66 0.28076765188834146 1.8602763819095458 29.68000000000001 29.68
67 0.28481444991789845 1.8599246231155768 29.689999999999994 29.689999999999994
68 0.27856732348111646 1.8590452261306551 29.690000000000005 29.689999999999987
69 0.28631280788177343 1.8594221105527615 29.699999999999992 29.7
70 0.28550903119868637 1.8592462311557796 29.69999999999999 29.7
