# index clusteringCoefficient averagePathLength inDegreeMean outDegreeMean
1 0.9067548241551812 3.867227883621326 1.8617886178861782 1.8617886178861787
2 0.8333702927698057 4.0172287390029355 3.58 3.5800000000000005
3 0.6977597709594364 3.2969580233793856 5.44 5.439999999999997
4 0.647743800013832 2.9429614644495863 8.479999999999995 8.479999999999995
5 0.5968488498979232 3.336880686750469 11.954999999999998 11.955000000000002
6 0.5357308343313263 2.5045840718782477 17.22500000000001 17.224999999999994
7 0.5110658333589798 2.224395515331613 23.699999999999992 23.69999999999999
8 0.45453300387464635 1.9902654634428716 29.099999999999994 29.099999999999998
9 0.41659940819205216 1.877460217755441 33.775000000000006 33.77500000000002
10 0.4036696886819712 1.8412374371859275 36.25000000000001 36.25
11 0.39192534183334127 1.8219744556113904 37.50999999999999 37.51000000000001
12 0.39253463462186916 1.8091493738120628 38.519999999999996 38.52000000000001
13 0.39201037677977446 1.8022069108428704 39.105000000000025 39.105
14 0.3903992404386459 1.801546192500961 39.355 39.355000000000004
15 0.3887283170402551 1.8009691313711391 39.660000000000004 39.66000000000001
16 0.3882498436522829 1.8062330279420398 39.87000000000002 39.870000000000026
17 0.3855783302063792 1.8213065326633173 39.82999999999998 39.83000000000001
18 0.38163008130081294 1.8114189035630421 39.87999999999999 39.88000000000002
19 0.3831424327704817 1.7994264250545664 40.084999999999994 40.085000000000015
20 0.38000440007147335 1.8023869346733647 40.32499999999999 40.32500000000001
21 0.3801094434021261 1.8006783919597953 40.509999999999984 40.51000000000002
22 0.3763822701688558 1.800703517587944 40.48999999999999 40.48999999999998
23 0.3813041209966754 1.8008291457286418 40.47999999999999 40.47999999999998
24 0.37991760475297054 1.8006783919598013 40.495 40.495
25 0.37706488430268914 1.8008291457286425 40.475000000000016 40.474999999999994
26 0.38078169785737964 1.7958542713567847 40.67999999999999 40.67999999999998
27 0.37753740001974934 1.7956281407035235 40.720000000000006 40.72000000000001
28 0.3784890556597874 1.7955778894472332 40.70000000000001 40.7
29 0.37998671044402704 1.7956783919597998 40.685 40.68499999999997
30 0.3812193558474043 1.7956783919598023 40.68499999999996 40.68500000000002
31 0.37434005628517825 1.7957035175879368 40.70000000000001 40.70000000000002
32 0.3754430894308944 1.795879396984925 40.68499999999999 40.68499999999999
33 0.3761064727954971 1.795753768844224 40.69000000000001 40.69000000000001
34 0.3781158536585365 1.795854271356783 40.64999999999998 40.649999999999984
35 0.37724093183239515 1.7958291457286417 40.66000000000001 40.66000000000002
36 0.37691260162601625 1.7954773869346798 40.73500000000001 40.73500000000001
37 0.3778242651657284 1.7956281407035168 40.714999999999996 40.715000000000025
38 0.3762210756722952 1.7956030150753761 40.71000000000001 40.71
39 0.3747303001876175 1.7959547738693424 40.679999999999986 40.68000000000001
40 0.37881021032882406 1.795804020100507 40.68999999999996 40.68999999999999
41 0.37674593495934927 1.7954522613065316 40.73000000000002 40.72999999999999
42 0.37695606629143186 1.795728643216076 40.70500000000003 40.70499999999998
43 0.37516979362101305 1.79603015075377 40.64500000000001 40.64499999999998
44 0.3752004377736087 1.7957788944723632 40.66499999999998 40.664999999999985
45 0.37554612257661046 1.796005025125631 40.66000000000003 40.66
46 0.3742418699186995 1.7955025125628155 40.710000000000015 40.71000000000001
47 0.3786003752345218 1.7959547738693435 40.644999999999975 40.644999999999975
48 0.3729183864915571 1.7956532663316616 40.70000000000002 40.7
49 0.3756075672295186 1.7958793969849247 40.68500000000001 40.684999999999974
50 0.3811230456535335 1.7958542713567847 40.66500000000001 40.66499999999998
51 0.37722263914946835 1.795804020100505 40.65999999999999 40.66
52 0.3795742651657289 1.7957286432160822 40.67499999999998 40.675000000000026
53 0.3731296122576612 1.7955527638190962 40.684999999999995 40.68499999999998
54 0.3769548155096934 1.7957537688442256 40.695000000000014 40.69499999999999
55 0.37601813633520975 1.7960050251256303 40.635000000000026 40.635
56 0.3785057848655405 1.7957788944723647 40.67999999999999 40.67999999999998
57 0.37416181988742997 1.7958040201005003 40.69000000000001 40.689999999999976
58 0.37597529706066335 1.795452261306535 40.73000000000001 40.730000000000004
59 0.3783989993746092 1.7954773869346763 40.73499999999998 40.735
60 0.3749015009380863 1.795603015075379 40.69500000000002 40.695
61 0.3744024390243903 1.79582914572864 40.68500000000001 40.685
62 0.374406191369606 1.7957035175879361 40.70499999999999 40.70499999999999
63 0.3781477485928704 1.795678391959804 40.69499999999999 40.694999999999986
64 0.37682426516572826 1.7958291457286373 40.66999999999999 40.67
65 0.3772954971857412 1.7955276381909526 40.70500000000003 40.704999999999984
66 0.3790409631019388 1.7960050251256288 40.675000000000004 40.675
67 0.3781661976235147 1.795804020100506 40.660000000000004 40.65999999999999
68 0.37583239524702927 1.7956281407035113 40.69500000000002 40.694999999999986
69 0.37568308317698573 1.7956783919598 40.68 40.680000000000014
70 0.37526547842401503 1.795628140703519 40.699999999999974 40.7
