# index clusteringCoefficient averagePathLength inDegreeMean outDegreeMean
1 0.9311560652827373 4.50129165590289 1.7398373983739845 1.7398373983739837
2 0.8079944784632401 4.675213182760996 2.814999999999998 2.815000000000001
3 0.7120858385777162 3.4117101449275364 4.585 4.585
4 0.6648189195116148 3.472498282573855 8.025 8.025000000000006
5 0.6000719738989979 2.7992630007306447 12.254999999999995 12.255000000000003
6 0.5612676725376615 2.504756871035923 16.349999999999998 16.34999999999999
7 0.4587982322951455 2.1473186545994936 21.349999999999994 21.349999999999994
8 0.3904299772706997 1.9672574022044522 25.61499999999999 25.61499999999999
9 0.36167818471157337 1.8896203347932388 28.285 28.285000000000007
10 0.3312111173797411 1.869508333987491 29.599999999999994 29.599999999999998
11 0.3283970861874087 1.8569978396106055 30.364999999999988 30.365000000000002
12 0.32114559497325085 1.873559717780824 30.864999999999995 30.865000000000002
13 0.3183171612638382 1.8632810517232643 31.085000000000008 31.085000000000004
14 0.3131122687024385 1.8526470737526035 31.270000000000007 31.269999999999996
15 0.31534179316888056 1.8504390640069035 31.285000000000004 31.285
16 0.31372379032258046 1.8482109037650583 31.51 31.509999999999994
17 0.30884274193548383 1.8467085427135692 31.740000000000013 31.74
18 0.3070342741935484 1.8472864321608045 31.700000000000024 31.699999999999996
19 0.3090228494623657 1.847085427135677 31.650000000000002 31.65000000000001
20 0.30525873655913965 1.8461557788944714 31.685000000000013 31.684999999999995
21 0.3057715053763439 1.8452512562814085 31.69 31.689999999999998
22 0.30192069892473117 1.844748743718594 31.739999999999995 31.74
23 0.3072706015943643 1.8458040201005055 31.665000000000003 31.665000000000006
24 0.30113575268817183 1.846055276381907 31.65999999999999 31.660000000000004
25 0.30302016129032255 1.8448743718592957 31.704999999999984 31.705000000000005
26 0.3055705645161291 1.8457788944723637 31.724999999999994 31.72500000000001
27 0.30801680107526935 1.8458040201004988 31.715000000000032 31.71499999999999
28 0.3035840053763437 1.8462562814070338 31.67499999999999 31.674999999999997
29 0.30355779569892466 1.845829145728641 31.70000000000001 31.700000000000003
30 0.30107325268817187 1.8454522613065312 31.705000000000013 31.704999999999995
31 0.30343884408602123 1.8459296482412038 31.644999999999996 31.645000000000014
32 0.30034206989247325 1.844497487437186 31.745000000000005 31.744999999999997
33 0.30109341397849476 1.8454773869346734 31.660000000000007 31.660000000000004
34 0.30617959770114955 1.8456532663316594 31.704999999999995 31.70500000000001
35 0.30195161290322575 1.8454020100502535 31.744999999999994 31.744999999999997
36 0.3001364247311829 1.844447236180904 31.705000000000016 31.705
37 0.3005651881720432 1.8448492462311539 31.725000000000005 31.724999999999998
38 0.3051680107526882 1.8463567839195985 31.64000000000001 31.640000000000008
39 0.3024966397849461 1.846030150753771 31.685000000000013 31.68499999999999
40 0.3048534946236562 1.8450251256281445 31.710000000000008 31.70999999999999
41 0.3037573924731186 1.8466834170854278 31.72500000000002 31.725
42 0.30512029569892496 1.8456030150753746 31.720000000000002 31.72
43 0.306005376344086 1.8463567839195993 31.68500000000001 31.685
44 0.29854637096774184 1.8452010050251277 31.73000000000001 31.73
45 0.30257190860215055 1.8460050251256288 31.67500000000001 31.675
46 0.3021834677419352 1.84527638190955 31.719999999999995 31.72000000000001
47 0.3096760752688169 1.8468341708542684 31.719999999999988 31.72000000000001
48 0.3046270161290322 1.8464824120603007 31.70500000000001 31.704999999999995
49 0.305669818316648 1.8463567839195973 31.70500000000001 31.705
50 0.30737231182795666 1.8466582914572893 31.68500000000001 31.68499999999999
51 0.3065275537634407 1.8457286432160789 31.685 31.685
52 0.30319758064516106 1.8455527638190974 31.695000000000007 31.695
53 0.30458736559139793 1.8458040201005057 31.665000000000006 31.665000000000006
54 0.30480913978494634 1.8450753768844192 31.729999999999997 31.729999999999997
55 0.3044519836855763 1.846130653266333 31.73500000000001 31.735
56 0.30659072580645136 1.8457035175879397 31.695000000000014 31.695
57 0.3063447580645159 1.8461306532663324 31.700000000000006 31.7
58 0.31138723581757505 1.8465577889447213 31.71999999999998 31.720000000000013
59 0.3004435483870967 1.8460804020100494 31.70999999999999 31.70999999999999
60 0.30310416666666673 1.8465829145728632 31.664999999999996 31.665000000000006
61 0.3020463709677418 1.846005025125627 31.745000000000015 31.744999999999994
62 0.30414448924731163 1.846281407035174 31.72000000000001 31.720000000000013
63 0.30500672043010724 1.8459045226130661 31.70999999999998 31.709999999999994
64 0.3064065860215053 1.846180904522614 31.684999999999995 31.684999999999995
65 0.30526680107526855 1.8461557788944702 31.705000000000002 31.705000000000002
66 0.3022741935483871 1.846256281407038 31.675 31.675000000000008
67 0.30038373655913975 1.8460552763819131 31.709999999999997 31.709999999999997
68 0.3023891129032257 1.8454773869346763 31.705 31.705
69 0.3043568548387094 1.8459045226130646 31.669999999999987 31.670000000000012
70 0.30467540322580616 1.846482412060303 31.695000000000007 31.694999999999997
