# index clusteringCoefficient averagePathLength inDegreeMean outDegreeMean
1 0.9394025244474539 4.79159602809395 1.6178861788617889 1.6178861788617884
2 0.8142781215504661 4.430638297872322 3.0050000000000003 3.0050000000000003
3 0.7153469750875171 3.3988870620968745 4.869999999999999 4.869999999999996
4 0.6554406696909016 3.5392620172800626 7.505 7.504999999999996
5 0.6073264964398024 2.892771987192596 11.160000000000004 11.16
6 0.5480617026480693 2.53010676594565 15.155000000000001 15.155
7 0.5148153212115084 2.2107950185917433 20.049999999999997 20.050000000000004
8 0.4758505786686941 2.0471899860283247 24.354999999999993 24.355
9 0.42640858778481344 1.9537831089882758 28.655000000000005 28.655
10 0.401966219936459 1.9172366621067038 31.799999999999994 31.800000000000008
11 0.3983178823856035 1.8777053727984097 33.78999999999999 33.790000000000006
12 0.3915124223180503 1.858214006769073 34.995000000000005 34.995000000000005
13 0.38143037661499046 1.8407884172084215 35.86000000000001 35.86
14 0.38145147191807416 1.8329664067963414 36.50999999999999 36.51
15 0.3727756229509273 1.8322322271254736 37.05499999999999 37.055000000000014
16 0.37508673017968425 1.8303639409167032 37.36000000000003 37.35999999999999
17 0.3752085720216523 1.8226666326556664 37.44000000000002 37.43999999999999
18 0.367645168367945 1.821671169919948 37.764999999999986 37.76499999999997
19 0.3670290141551753 1.8137404192680577 37.99000000000001 37.99000000000001
20 0.3656281329736706 1.818060149996213 37.985000000000014 37.984999999999985
21 0.360008181718708 1.8128330092674434 38.15500000000001 38.15499999999998
22 0.3589289179289181 1.8165829145728658 38.230000000000004 38.230000000000004
23 0.36124235571604013 1.809348248781594 38.284999999999975 38.285000000000004
24 0.36198987398329513 1.808085654402663 38.385000000000005 38.38499999999997
25 0.3617783452148777 1.807681624201408 38.469999999999985 38.46999999999999
26 0.36133895028631857 1.807126082674675 38.46500000000001 38.46499999999999
27 0.3624408213881897 1.8064947854852158 38.47999999999999 38.47999999999998
28 0.3605626071415547 1.8065452892603722 38.49 38.49
29 0.3576334026334029 1.805812984520593 38.545 38.544999999999995
30 0.3562561549403656 1.806242266609432 38.48999999999997 38.489999999999995
31 0.359400372031951 1.8057624807454358 38.54000000000005 38.54
32 0.3587814129919396 1.8059644958460634 38.48000000000003 38.47999999999999
33 0.3540427472006417 1.8057877326330125 38.49 38.48999999999999
34 0.3556678338257286 1.8107537688442148 38.51 38.51
35 0.35684611737243316 1.8054847099820726 38.52999999999999 38.529999999999994
36 0.3571612503191453 1.80583823640817 38.48 38.48000000000001
37 0.3549937994674839 1.805762480745433 38.48999999999997 38.49
38 0.35342524710945794 1.8060301507537722 38.66500000000001 38.665
39 0.3544953860743331 1.8059547738693476 38.66 38.65999999999997
40 0.3544209796841374 1.8056532663316538 38.71499999999999 38.71500000000001
41 0.3554958602327023 1.8057537688442233 38.68500000000001 38.68499999999999
42 0.35512036327825824 1.8056030150753768 38.709999999999994 38.71
43 0.35701152569573597 1.8058040201005026 38.705000000000005 38.70500000000002
44 0.353309807783492 1.8057035175879375 38.710000000000015 38.70999999999999
45 0.3521251413356678 1.8057537688442211 38.695 38.69500000000001
46 0.35353393879709677 1.805703517587939 38.715 38.71500000000001
47 0.35657712368238687 1.8058542713567847 38.66499999999998 38.664999999999985
48 0.35498796367217395 1.805829145728641 38.679999999999964 38.67999999999999
49 0.3553038260932999 1.8058291457286462 38.67499999999998 38.674999999999976
50 0.3556829704198126 1.8058542713567802 38.67 38.67
51 0.35491501623080557 1.8057286432160775 38.71499999999998 38.714999999999996
52 0.35608874056242507 1.8056783919597996 38.715 38.715000000000025
53 0.35406244300981143 1.805653266331656 38.69 38.689999999999976
54 0.3526025823394243 1.805929648241204 38.66499999999999 38.664999999999985
55 0.3506773169931065 1.8056783919598005 38.69500000000001 38.695000000000014
56 0.35358682569208894 1.8056532663316576 38.715 38.71500000000002
57 0.35373636794689434 1.805728643216081 38.69499999999999 38.695
58 0.35574242258452776 1.8057286432160788 38.70999999999999 38.71000000000001
59 0.3531520589415328 1.805854271356782 38.685 38.68499999999999
60 0.3542473647736804 1.8059798994974883 38.66000000000002 38.66
61 0.3530780172885432 1.8059296482412048 38.679999999999986 38.679999999999964
62 0.35250665645402485 1.8057035175879383 38.699999999999974 38.70000000000001
63 0.35248696064485513 1.8056030150753726 38.70000000000001 38.70000000000001
64 0.3537409271619799 1.8059547738693433 38.65500000000001 38.65500000000001
65 0.3521548674180252 1.8055527638190918 38.730000000000004 38.73
66 0.3513880074406392 1.8055527638190925 38.71999999999997 38.72000000000001
67 0.35171855053433987 1.8059547738693478 38.67500000000001 38.67499999999996
68 0.3536280409964618 1.805854271356783 38.68 38.679999999999986
69 0.3527825801510012 1.8057286432160753 38.68 38.679999999999986
70 0.3521557792610423 1.8056783919598018 38.68499999999998 38.68499999999998
