# index clusteringCoefficient averagePathLength inDegreeMean outDegreeMean
1 0.9312605249047142 4.7839865476652585 1.6991869918699185 1.6991869918699183
2 0.825291257588242 3.635645383555348 2.99 2.9900000000000007
3 0.7376490946994693 3.5632345638139356 5.040000000000004 5.039999999999996
4 0.6473126370288895 3.2477429227237966 8.005000000000004 8.004999999999997
5 0.6511650672235882 2.911151960784307 11.555 11.554999999999989
6 0.6494821456379725 2.5508036924666 15.984999999999992 15.985000000000017
7 0.5577624688925872 2.241996744438399 20.724999999999998 20.725000000000005
8 0.4904945688490787 2.1431577286236885 24.50999999999999 24.51000000000001
9 0.4441768764216317 2.0032047995077273 28.385000000000016 28.38500000000001
10 0.39714802246822467 1.9204142540111742 30.589999999999982 30.589999999999993
11 0.3647623869659678 1.8714639185776631 32.17500000000003 32.17500000000002
12 0.3487333264714523 1.854145097346028 33.474999999999994 33.475
13 0.34183011979495354 1.8523017095527898 33.68 33.680000000000014
14 0.33989661319073106 1.852680487866465 33.72499999999999 33.72499999999996
15 0.33881436210848004 1.8523522133279466 33.82500000000001 33.824999999999996
16 0.34017163228927955 1.855862225701372 33.82999999999999 33.830000000000005
17 0.334594089414422 1.8399282846392735 34.15 34.150000000000006
18 0.33267398777692914 1.834877907123556 34.355 34.355
19 0.33097606315253386 1.833085023105476 34.369999999999976 34.37000000000001
20 0.33207894066717614 1.832807252342112 34.339999999999996 34.339999999999996
21 0.3305156608097786 1.8278073786015512 34.54999999999998 34.550000000000004
22 0.3289941431117905 1.8280093937021773 34.555000000000014 34.55500000000001
23 0.32816781257957733 1.8274286002878692 34.545000000000016 34.544999999999995
24 0.3280473644003058 1.827251837074825 34.514999999999986 34.515
25 0.32992615227909355 1.8278326304891255 34.47999999999999 34.47999999999997
26 0.33186758339699535 1.8279336380394442 34.544999999999995 34.54499999999999
27 0.3301285968933027 1.8276306153884996 34.52500000000002 34.525000000000006
28 0.32740234275528385 1.8271003257493483 34.525000000000006 34.52499999999999
29 0.32768551056786344 1.8274286002878715 34.54500000000001 34.545000000000016
30 0.32755564043799346 1.8275548597257674 34.52499999999996 34.52500000000001
31 0.32857524828113066 1.8272265851872442 34.539999999999985 34.54
32 0.3256363615604346 1.8281407035175883 34.63499999999999 34.635
33 0.3272312197606314 1.8274120603015054 34.68500000000001 34.685000000000024
34 0.326919531448943 1.828190954773868 34.665000000000006 34.66499999999999
35 0.3278283677107205 1.8279396984924656 34.66499999999998 34.66499999999999
36 0.32611153552330036 1.8276130653266338 34.70500000000003 34.704999999999984
37 0.327397504456328 1.8274371859296468 34.70999999999998 34.709999999999994
38 0.3245930735930738 1.8277638190954788 34.68000000000001 34.679999999999986
39 0.3251181563534506 1.8271859296482398 34.67499999999996 34.67500000000003
40 0.3224056531703593 1.8275125628140634 34.680000000000014 34.68
41 0.3252312197606317 1.8272864321608084 34.69499999999998 34.695
42 0.32457473898650385 1.8275125628140714 34.714999999999975 34.71499999999999
43 0.32524369747899173 1.8270854271356776 34.73499999999999 34.735
44 0.32586019862490434 1.8268844221105542 34.72000000000001 34.71999999999998
45 0.32722077922077936 1.827160804020098 34.704999999999984 34.70500000000002
46 0.3245556404379934 1.8270603015075377 34.724999999999994 34.724999999999994
47 0.326251718869366 1.8271608040201053 34.69 34.68999999999999
48 0.3233193277310925 1.8273618090452222 34.660000000000025 34.66
49 0.3250127323656741 1.82660804020101 34.720000000000006 34.720000000000006
50 0.322547237076649 1.8271105527638192 34.635000000000005 34.635000000000005
51 0.3224145817417877 1.8269597989949742 34.725 34.724999999999994
52 0.32198675833969953 1.8271105527638214 34.68000000000001 34.680000000000014
53 0.3222933537051184 1.8274120603015098 34.67999999999999 34.679999999999986
54 0.32456506238859184 1.8271859296482467 34.65000000000001 34.64999999999999
55 0.32718130888719105 1.8269597989949764 34.66000000000002 34.65999999999998
56 0.3236266870384518 1.8271356783919568 34.68499999999999 34.68499999999999
57 0.32667354214413036 1.827336683417087 34.68000000000002 34.68
58 0.32379781003310426 1.8276884422110553 34.63499999999998 34.63499999999999
59 0.32687038451744305 1.827587939698494 34.665000000000006 34.66499999999999
60 0.3254820473644005 1.8275628140703566 34.67 34.67
61 0.32851820728291314 1.8274120603015032 34.654999999999994 34.654999999999966
62 0.32953705118411014 1.8277638190954777 34.705000000000005 34.70499999999998
63 0.3244239877769292 1.8270854271356756 34.695 34.695
64 0.3270218996689589 1.827185929648241 34.67500000000002 34.675000000000004
65 0.3251682900432902 1.8272361809045248 34.68499999999998 34.68499999999998
66 0.32373312961548273 1.8272110552763838 34.63000000000002 34.62999999999998
67 0.32225617519735184 1.8271105527638183 34.695 34.695000000000014
68 0.32145861981156076 1.8270854271356776 34.705 34.70499999999997
69 0.32320550038197127 1.8269597989949753 34.69999999999999 34.69999999999997
70 0.3274053985230456 1.8272864321608047 34.69999999999999 34.699999999999946
