# index clusteringCoefficient averagePathLength inDegreeMean outDegreeMean
1 0.9094420785477698 4.805292061907147 1.75609756097561 1.75609756097561
2 0.8401497702208581 5.207211834805851 3.1749999999999985 3.175
3 0.7140586221268777 3.2759789907585906 5.505 5.505000000000004
4 0.6339720122903856 3.1498448283848353 8.68 8.680000000000007
5 0.6261813445304197 3.0282746490558563 11.879999999999999 11.880000000000003
6 0.5881826204017451 2.5847684537211726 15.599999999999998 15.599999999999994
7 0.5182628551443722 2.241504018369691 20.749999999999996 20.750000000000004
8 0.45276620488626773 2.023911875335854 26.175000000000004 26.174999999999994
9 0.3891199191171764 1.9133236880178872 30.074999999999992 30.075
10 0.36884813743359446 1.8718662952646232 32.150000000000006 32.15000000000002
11 0.35677074696019895 1.8634755409701569 33.31000000000001 33.30999999999999
12 0.3535874721683542 1.8484514408778594 33.87500000000001 33.87499999999997
13 0.35198117862151873 1.8479836367768498 34.60000000000001 34.600000000000016
14 0.34981849551414773 1.8400629393700991 34.74500000000002 34.74499999999998
15 0.3454107461166283 1.8382869119466687 34.88 34.88000000000003
16 0.34729479997127044 1.8380150753768838 35.08999999999996 35.09000000000002
17 0.3457530345471524 1.8317587939698485 35.29499999999999 35.294999999999995
18 0.3424332399626517 1.8291457286432118 35.42000000000001 35.42000000000003
19 0.3345597572362277 1.8281155778894436 35.41000000000001 35.41
20 0.33828500595640554 1.8274371859296439 35.460000000000015 35.459999999999994
21 0.33912698412698417 1.827010050251254 35.55999999999998 35.559999999999995
22 0.3388039215686276 1.8269597989949726 35.55 35.55000000000001
23 0.3374945174651056 1.8225879396984954 35.61999999999998 35.62000000000001
24 0.33993370681605967 1.8223618090452292 35.664999999999985 35.66499999999998
25 0.3357745098039212 1.8220603015075385 35.69500000000001 35.69500000000001
26 0.33676470588235285 1.821959798994973 35.70500000000001 35.705000000000005
27 0.3372703081232491 1.8217085427135682 35.71499999999998 35.71500000000001
28 0.3365915032679739 1.8221608040201012 35.66499999999998 35.664999999999985
29 0.3358380018674133 1.8217587939698485 35.68499999999998 35.68499999999999
30 0.3393972922502333 1.8216331658291471 35.74500000000001 35.74499999999999
31 0.3366069094304386 1.8217085427135664 35.68000000000001 35.67999999999999
32 0.3368459383753502 1.8217839195979881 35.710000000000015 35.71000000000001
33 0.3361699770817417 1.8214824120603015 35.74500000000002 35.745000000000005
34 0.3374514472455647 1.8217336683417074 35.72499999999999 35.725
35 0.33271241830065357 1.8213065326633144 35.76500000000002 35.76499999999999
36 0.33687348272642353 1.8217587939698492 35.76499999999999 35.76499999999998
37 0.3329439775910364 1.8217085427135693 35.71500000000002 35.715000000000025
38 0.33701604278074837 1.8215577889447196 35.70499999999997 35.705
39 0.3349164332399625 1.8215829145728626 35.71499999999999 35.715000000000025
40 0.336765172735761 1.8217587939698514 35.690000000000005 35.68999999999998
41 0.3315961718020538 1.8216582914572865 35.699999999999996 35.7
42 0.33323576097105506 1.82165829145729 35.695000000000014 35.694999999999986
43 0.3331377217553687 1.8214572864321568 35.71000000000002 35.70999999999999
44 0.334250700280112 1.8221859296482412 35.67000000000001 35.66999999999998
45 0.33738095238095217 1.8217085427135686 35.67 35.66999999999998
46 0.33756489262371603 1.8224623115577878 35.67000000000003 35.670000000000016
47 0.33892717086834706 1.8216080402010102 35.70500000000002 35.70499999999999
48 0.3392633053221288 1.8218844221105535 35.7 35.69999999999999
49 0.33907422969187645 1.8224371859296489 35.669999999999995 35.66999999999998
50 0.33683193277310935 1.821959798994975 35.69500000000002 35.69500000000001
51 0.33489915966386546 1.821758793969853 35.70499999999998 35.705
52 0.33396171802054153 1.8222110552763824 35.664999999999985 35.665000000000006
53 0.33394024276377204 1.8217085427135649 35.71 35.71000000000002
54 0.3346834733893555 1.8215829145728657 35.7 35.69999999999999
55 0.33459850606909436 1.8218592964824114 35.67 35.67000000000001
56 0.33740429505135366 1.8214572864321608 35.720000000000006 35.720000000000006
57 0.33679738562091494 1.822185929648234 35.724999999999994 35.725
58 0.33032773109243685 1.8214824120603053 35.73000000000003 35.73000000000002
59 0.33525863678804846 1.8216331658291471 35.73000000000001 35.729999999999976
60 0.3362773109243696 1.8215326633165851 35.68500000000002 35.68500000000001
61 0.3349859943977591 1.8214321608040223 35.724999999999994 35.724999999999994
62 0.3321792717086835 1.821834170854271 35.72000000000001 35.719999999999985
63 0.3342072829131652 1.8219849246231188 35.705000000000005 35.70499999999997
64 0.33175350140056 1.8215577889447272 35.69000000000002 35.69000000000002
65 0.3351064425770309 1.8217336683417122 35.70499999999997 35.705
66 0.3341797385620913 1.821557788944724 35.70499999999999 35.705
67 0.333483660130719 1.821658291457286 35.684999999999974 35.68499999999999
68 0.3347684407096171 1.8215829145728593 35.699999999999974 35.7
69 0.3338015873015871 1.8215829145728677 35.70500000000002 35.70499999999998
70 0.3349248366013071 1.8218592964824103 35.72 35.72000000000002
