# index clusteringCoefficient averagePathLength inDegreeMean outDegreeMean
1 0.927343516640139 4.658261607467556 1.8292682926829265 1.829268292682926
2 0.8118389021542461 4.817711147127673 3.2549999999999977 3.2550000000000026
3 0.7211310090500882 3.299022234128046 5.775 5.774999999999999
4 0.6792238728766127 3.1540761504321364 8.785000000000004 8.784999999999995
5 0.6323637299720251 2.830463096960941 12.535000000000002 12.535000000000007
6 0.6071323556484471 2.623875599443834 16.970000000000002 16.970000000000006
7 0.5416944977597274 2.2502987831377737 22.22999999999999 22.23000000000001
8 0.4669560340261846 2.03859620987357 26.930000000000007 26.93
9 0.4202749456935882 1.913118222692409 30.564999999999998 30.56500000000001
10 0.38916874985859873 1.8557146222094256 33.34000000000001 33.34000000000001
11 0.38294446698797896 1.8383107246074941 34.99499999999996 34.99499999999999
12 0.37535027676745897 1.83655390353831 35.364999999999995 35.36500000000003
13 0.3672332320939853 1.8333247872013134 36.03000000000003 36.02999999999998
14 0.3671949581160107 1.8324107848889124 36.364999999999995 36.364999999999995
15 0.3660976766239925 1.8264837841302368 36.46000000000002 36.460000000000015
16 0.36404457088667624 1.8214405360134018 36.39499999999996 36.394999999999996
17 0.362954401770191 1.8269265107262214 36.585 36.584999999999994
18 0.3569490731332835 1.8213657118077675 36.71999999999999 36.720000000000006
19 0.3593997945313736 1.8212381705481702 36.78999999999999 36.790000000000006
20 0.3560789862737231 1.821734937312826 36.895000000000024 36.89500000000001
21 0.3560388728809783 1.8218479331330029 37.06000000000004 37.06000000000003
22 0.35555393247498485 1.8217216736951103 37.06 37.06
23 0.35524537695590314 1.8213567839196017 37.35000000000002 37.349999999999994
24 0.35686897800055695 1.8164321608040175 37.44500000000003 37.444999999999986
25 0.3505887466413781 1.8164070351758788 37.490000000000016 37.49
26 0.35344124488861334 1.8118844221105541 37.65000000000001 37.64999999999997
27 0.35329891169364847 1.8110804020100506 37.7 37.699999999999996
28 0.35088667614983415 1.811708542713571 37.65999999999998 37.65999999999998
29 0.351370712818081 1.811306532663318 37.69 37.68999999999998
30 0.3494823771139563 1.8110804020100562 37.685000000000045 37.684999999999974
31 0.3497980875612454 1.8108793969849217 37.70500000000004 37.70500000000001
32 0.3537861545756285 1.8114572864321594 37.655 37.655000000000015
33 0.35192942942942923 1.811281407035173 37.69000000000002 37.68999999999998
34 0.3506337916864233 1.811155778894475 37.675000000000004 37.67499999999998
35 0.35403627311522085 1.8112060301507533 37.69999999999998 37.69999999999998
36 0.3520448079658607 1.8109547738693512 37.72500000000001 37.72499999999999
37 0.3519602497234074 1.8109547738693446 37.704999999999984 37.70500000000003
38 0.34858345187292555 1.8108793969849253 37.70499999999999 37.70499999999999
39 0.3490900110636951 1.8111557788944723 37.715 37.715000000000025
40 0.350940414098309 1.8111809045226137 37.67499999999999 37.675
41 0.35166113481902933 1.8108793969849202 37.71500000000001 37.71500000000002
42 0.3485874031926663 1.810979899497487 37.71999999999999 37.720000000000006
43 0.3529887782519361 1.8112814070351788 37.69499999999999 37.695
44 0.35201517306780467 1.8110804020100482 37.675 37.67500000000001
45 0.34854828512723224 1.8107286432160825 37.72499999999999 37.72499999999998
46 0.3514667298877825 1.810954773869342 37.720000000000034 37.72000000000001
47 0.3489291923502452 1.8114572864321605 37.639999999999986 37.63999999999998
48 0.34933025130393547 1.8109798994974864 37.71500000000003 37.71499999999998
49 0.3519408882566776 1.8111306532663254 37.69499999999998 37.695
50 0.3509009009009006 1.8108542713567854 37.71500000000002 37.71500000000002
51 0.3498482693219536 1.8109045226130704 37.695 37.69499999999999
52 0.35368413149992095 1.8110804020100546 37.699999999999996 37.69999999999998
53 0.3500636162478264 1.8113819095477395 37.63000000000001 37.629999999999995
54 0.34970365101944045 1.8111055276381873 37.68999999999999 37.68999999999999
55 0.35317765133554624 1.811030150753768 37.70500000000002 37.704999999999984
56 0.3527773826458034 1.8110552763819094 37.679999999999964 37.68000000000001
57 0.3515828986881619 1.811155778894473 37.690000000000005 37.68999999999999
58 0.34998142879721816 1.811231155778895 37.7 37.699999999999996
59 0.3514912280701756 1.81143216080402 37.669999999999995 37.67
60 0.35074996048680285 1.81145728643216 37.67000000000001 37.67
61 0.3519238975817921 1.8114572864321636 37.70500000000001 37.70499999999998
62 0.3532835467045991 1.811281407035175 37.725 37.724999999999994
63 0.3527568357831516 1.811155778894472 37.69999999999998 37.7
64 0.35505926979611163 1.8114321608040183 37.71499999999999 37.71500000000005
65 0.35012960328749815 1.8112814070351793 37.705000000000005 37.705000000000005
66 0.3539007428481109 1.8109296482412054 37.719999999999985 37.720000000000006
67 0.3515647226173545 1.810979899497486 37.70500000000001 37.70499999999999
68 0.35163031452505145 1.8111055276381873 37.699999999999996 37.70000000000001
69 0.3496795479690218 1.8109798994974855 37.70000000000001 37.70000000000001
70 0.35115971234392296 1.811356783919598 37.655 37.65499999999997
