# index clusteringCoefficient averagePathLength inDegreeMean outDegreeMean
1 0.9122201434253084 4.539337717238124 1.707317073170731 1.707317073170732
2 0.8145157740042844 3.7967869222096957 3.0599999999999983 3.0600000000000023
3 0.7190464486184317 3.06260359556293 5.075000000000002 5.075000000000002
4 0.7116011755646131 4.602223772206957 7.505000000000003 7.5050000000000034
5 0.6657829558142102 3.455860522409277 10.664999999999996 10.665
6 0.6473903702353789 2.7475319820083097 15.785000000000005 15.785000000000002
7 0.5941926705565206 2.347652542845979 20.42 20.42000000000002
8 0.5309365259846852 2.0797033294816223 25.650000000000013 25.64999999999999
9 0.45169987072350826 1.9349438383404087 29.185000000000002 29.185000000000013
10 0.401595261265198 1.8726791854006868 31.635000000000005 31.635000000000005
11 0.3718306427299287 1.8520613538898667 32.819999999999986 32.819999999999965
12 0.3683918406072106 1.8462469415138512 33.26500000000001 33.26500000000002
13 0.3645352474323063 1.8426162224736284 33.299999999999976 33.300000000000004
14 0.3512720199190787 1.8344615705061393 33.819999999999986 33.820000000000014
15 0.3474227357609706 1.844400574300068 34.11999999999998 34.119999999999976
16 0.34164760647848874 1.8333504255973736 34.35 34.34999999999998
17 0.3437951680672267 1.8292218669103046 35.055 35.05500000000001
18 0.338003457261166 1.8288932097674293 35.23999999999997 35.23999999999998
19 0.336298786181139 1.8287688442211012 35.42999999999999 35.43000000000001
20 0.3363450046685339 1.8279899497487415 35.49999999999998 35.5
21 0.3340469187675069 1.8246984924623144 35.55999999999999 35.559999999999995
22 0.3353566760037346 1.8232663316582927 35.66499999999999 35.665
23 0.33340289449112975 1.8218844221105512 35.73499999999998 35.73499999999999
24 0.3336568627450977 1.8221859296482417 35.654999999999994 35.65499999999999
25 0.3333478057889821 1.8219346733668342 35.69500000000001 35.694999999999986
26 0.33314192343604093 1.8223115577889488 35.675000000000004 35.67500000000001
27 0.33103034547152177 1.8221859296482419 35.64999999999999 35.64999999999998
28 0.3337670401493928 1.8218090452261357 35.66999999999998 35.67000000000001
29 0.3328767507002798 1.8216331658291418 35.68500000000001 35.685
30 0.33111858076563977 1.8214824120603037 35.699999999999974 35.70000000000001
31 0.33048786181139095 1.8216582914572867 35.695 35.694999999999965
32 0.33142670401493923 1.8213567839195943 35.705 35.705
33 0.32972128851540594 1.8216080402010113 35.689999999999976 35.69
34 0.3319565826330531 1.8216331658291494 35.66500000000002 35.665
35 0.33251400560224026 1.8217839195979904 35.679999999999964 35.67999999999998
36 0.3298711484593839 1.8216834170854264 35.69500000000001 35.69499999999999
37 0.3314641796112386 1.8219346733668282 35.639999999999986 35.63999999999998
38 0.33018300653594745 1.8216582914572872 35.67499999999998 35.675
39 0.32791643323996256 1.8214070351758802 35.700000000000024 35.7
40 0.3309309056956115 1.8212814070351755 35.69499999999998 35.695
41 0.33000186741363174 1.8213316582914536 35.69999999999998 35.699999999999996
42 0.33052427637721765 1.8212060301507538 35.72 35.720000000000006
43 0.333672268907563 1.8213567839195972 35.69499999999999 35.695
44 0.33130112044817905 1.8213567839195954 35.71500000000004 35.71499999999999
45 0.3311423902894489 1.8217085427135693 35.68999999999997 35.69
46 0.3314201680672268 1.8214572864321614 35.680000000000014 35.67999999999997
47 0.33198459383753437 1.8213567839195994 35.684999999999974 35.684999999999974
48 0.33108823529411757 1.8214070351758758 35.705 35.705000000000005
49 0.3321779560308975 1.8215326633165863 35.689999999999976 35.69
50 0.3311820728291315 1.8219346733668322 35.66499999999997 35.66499999999997
51 0.32835294117647074 1.8220351758793978 35.640000000000036 35.639999999999986
52 0.32977450980392137 1.821582914572864 35.685 35.684999999999974
53 0.33144397759103655 1.821633165829146 35.679999999999986 35.67999999999998
54 0.3300009337068161 1.8217587939698456 35.68499999999998 35.684999999999995
55 0.3313039215686272 1.8215075376884393 35.68999999999998 35.68999999999998
56 0.33206162464986 1.8218844221105541 35.68000000000001 35.679999999999986
57 0.3297091503267973 1.8215326633165896 35.64000000000002 35.63999999999998
58 0.32498739495798273 1.8212060301507516 35.709999999999994 35.710000000000015
59 0.327831465919701 1.8213819095477402 35.69999999999999 35.69999999999998
60 0.3290924369747898 1.8214321608040211 35.715 35.71499999999999
61 0.3300289449112976 1.821432160804019 35.70499999999999 35.705000000000005
62 0.3297072829131651 1.8213065326633184 35.69000000000001 35.68999999999999
63 0.3306516424751718 1.8212060301507582 35.68500000000002 35.68499999999999
64 0.3292124183006536 1.8215577889447236 35.67499999999999 35.674999999999976
65 0.33241083099906615 1.8213065326633147 35.72 35.71999999999999
66 0.332673669467787 1.8216080402010035 35.665 35.66499999999998
67 0.3307945845004664 1.821683417085429 35.68499999999999 35.684999999999995
68 0.3314467787114846 1.8216331658291418 35.70499999999997 35.705
69 0.3307488328664798 1.8217085427135693 35.660000000000025 35.66000000000001
70 0.3294505984211865 1.8220854271356792 35.65999999999999 35.65999999999996
