# index clusteringCoefficient averagePathLength inDegreeMean outDegreeMean
1 0.9380810515212562 4.497736449284237 1.6585365853658534 1.6585365853658538
2 0.8382720401620974 3.896561482948918 3.0050000000000003 3.0049999999999994
3 0.7256021412016196 3.9092636306062527 4.7000000000000055 4.700000000000001
4 0.6273996346241302 3.342980642736327 7.494999999999998 7.494999999999998
5 0.5896385470127737 2.9419418779372677 11.24 11.240000000000006
6 0.5399362579202523 2.5613188695403952 14.724999999999994 14.725
7 0.4527559544383776 2.257289550271837 19.040000000000006 19.04
8 0.3819361695625598 2.019389634306748 24.204999999999995 24.205000000000002
9 0.35114892173826395 1.935742553634658 27.164999999999996 27.165
10 0.3371520660702248 1.8845036509722817 28.98000000000001 28.97999999999999
11 0.3322200190867634 1.8727950889735014 30.00999999999999 30.01000000000001
12 0.3281428439006302 1.860643423302078 30.42000000000001 30.419999999999998
13 0.3218985215053762 1.8605849761628663 30.625000000000014 30.625
14 0.31271505376344094 1.861515700329055 30.910000000000007 30.909999999999997
15 0.31681854838709667 1.854143164803609 30.905 30.90500000000001
16 0.3121177995391707 1.854144459672097 31.16000000000001 31.159999999999997
17 0.31087903225806457 1.85894295598596 31.224999999999998 31.225
18 0.3104899193548391 1.8540429419826427 31.23500000000001 31.235000000000003
19 0.30900890238793444 1.8476473275468284 31.320000000000018 31.319999999999993
20 0.30177755376344073 1.8523869346733655 31.534999999999993 31.535000000000018
21 0.30218481182795687 1.8520854271356761 31.559999999999995 31.55999999999999
22 0.3029962458286985 1.8468473018358158 31.48999999999998 31.490000000000006
23 0.3010571236559141 1.8498994974874385 31.545 31.544999999999998
24 0.3049858870967741 1.8496733668341716 31.530000000000005 31.53
25 0.29983400537634397 1.8450753768844244 31.660000000000004 31.660000000000014
26 0.3021599462365591 1.845527638190954 31.685000000000006 31.685
27 0.302122311827957 1.8453266331658285 31.700000000000006 31.700000000000006
28 0.3033938172043013 1.845201005025122 31.730000000000015 31.73
29 0.30152150537634426 1.8457286432160804 31.714999999999996 31.714999999999993
30 0.3063944892473117 1.8461306532663346 31.735 31.735
31 0.3003951612903226 1.845979899497493 31.74 31.740000000000002
32 0.3046032165368929 1.8457286432160782 31.680000000000007 31.679999999999996
33 0.30412163978494644 1.8455527638190976 31.729999999999997 31.729999999999997
34 0.30152688172043013 1.8452763819095506 31.730000000000008 31.73
35 0.30077755376344095 1.8459045226130657 31.67 31.669999999999998
36 0.2998212365591397 1.8468844221105516 31.704999999999995 31.704999999999988
37 0.30223185483870973 1.8452763819095455 31.714999999999993 31.714999999999996
38 0.3057452956989247 1.8460804020100494 31.67999999999999 31.679999999999996
39 0.3064596774193547 1.846582914572862 31.685000000000006 31.68499999999999
40 0.3022889784946238 1.8455527638190965 31.715000000000003 31.715
41 0.3023259408602149 1.8454522613065307 31.71999999999999 31.71999999999999
42 0.29967943548387127 1.845351758793971 31.705 31.70499999999999
43 0.30469287634408593 1.847412060301509 31.700000000000017 31.7
44 0.3043534946236558 1.8465075376884466 31.700000000000003 31.700000000000003
45 0.30385551075268835 1.8456281407035182 31.69 31.689999999999998
46 0.30210887096774175 1.8458291457286433 31.710000000000008 31.71
47 0.3035073924731183 1.8461055276381901 31.689999999999998 31.689999999999998
48 0.30136693548387106 1.8457537688442274 31.684999999999995 31.685000000000002
49 0.3051297043010752 1.8446231155778923 31.705 31.704999999999995
50 0.3043521505376343 1.8455527638190954 31.699999999999996 31.699999999999992
51 0.300788306451613 1.8454522613065318 31.7 31.699999999999985
52 0.30373924731182766 1.8452512562814092 31.685000000000016 31.685
53 0.3003844086021504 1.8448492462311576 31.715000000000003 31.715
54 0.3040322580645159 1.8460552763819085 31.680000000000003 31.680000000000003
55 0.30568884408602165 1.8459296482412049 31.68499999999999 31.684999999999988
56 0.3028776881720432 1.8459045226130661 31.690000000000005 31.689999999999998
57 0.29970094086021526 1.8452763819095448 31.695 31.69500000000001
58 0.30115725806451615 1.8459798994974896 31.68499999999999 31.684999999999995
59 0.3043279569892469 1.8458291457286395 31.660000000000004 31.660000000000004
60 0.29935819892473114 1.846407035175878 31.705000000000005 31.705
61 0.29912768817204344 1.8455527638190985 31.674999999999994 31.675000000000008
62 0.3005309139784945 1.8444472361809074 31.724999999999987 31.72500000000001
63 0.3004973118279571 1.845778894472366 31.695000000000004 31.694999999999986
64 0.30060215053763434 1.845854271356781 31.704999999999988 31.705
65 0.30077688172043027 1.8454773869346714 31.664999999999996 31.665
66 0.3009193548387097 1.8453266331658313 31.739999999999995 31.740000000000006
67 0.3005241935483873 1.8448241206030151 31.72499999999999 31.724999999999998
68 0.30210416666666673 1.8464070351758755 31.64 31.64
69 0.3012069892473116 1.8456783919598005 31.650000000000006 31.650000000000002
70 0.3010450268817205 1.8457788944723643 31.705000000000013 31.705
