# index clusteringCoefficient averagePathLength inDegreeMean outDegreeMean
1 0.9380238768800584 4.353435491843778 1.6910569105691056 1.691056910569107
2 0.80826135102409 4.573758948480199 2.964999999999999 2.9650000000000007
3 0.7261661878320751 2.8633211678832144 4.919999999999998 4.920000000000005
4 0.6559832294959722 2.894095905989392 8.204999999999997 8.205000000000002
5 0.5897012335296773 2.9468766166580447 11.634999999999996 11.634999999999998
6 0.5081575322651489 2.433176951762302 16.044999999999995 16.044999999999987
7 0.43916067599007264 2.1456015891032805 21.095 21.095
8 0.39898592200785615 2.0394383029578798 24.60500000000001 24.60499999999999
9 0.3714591109484438 1.9439540572157838 27.689999999999987 27.689999999999987
10 0.35994461057021865 1.8917246303985646 29.799999999999994 29.79999999999998
11 0.35899704374784663 1.870258025880698 31.384999999999987 31.385000000000005
12 0.35008903815191755 1.8607138255379458 32.07499999999998 32.075000000000024
13 0.34766666282500447 1.8475538313328284 32.150000000000006 32.150000000000006
14 0.34183155080213895 1.8562198748846295 32.37 32.36999999999997
15 0.34405692959001777 1.8579889242129015 32.355000000000004 32.35500000000002
16 0.3415819964349376 1.853194544149321 32.51499999999998 32.51500000000001
17 0.33724586820894376 1.8520266306150033 32.655 32.65499999999998
18 0.33486089572192507 1.8510481701436468 32.81000000000002 32.810000000000024
19 0.33116978609625675 1.8500037877831426 33.01500000000001 33.01500000000002
20 0.3277306149732624 1.844473624403425 33.20500000000001 33.205
21 0.32175056218291526 1.8406783919597993 33.474999999999994 33.47499999999998
22 0.3225462344028518 1.8397738693467358 33.545 33.54499999999999
23 0.32249665775401065 1.8422864321608043 33.50500000000001 33.505
24 0.3295716354723705 1.8405778894472387 33.57500000000002 33.575000000000024
25 0.3265485739750445 1.8405276381909512 33.51 33.51000000000001
26 0.32485851158645296 1.8392462311557782 33.545 33.54500000000001
27 0.3240023395721925 1.8394472361809042 33.544999999999995 33.544999999999995
28 0.32233233065953654 1.8388944723618066 33.495000000000005 33.49500000000001
29 0.3202974598930481 1.8393718592964838 33.495000000000026 33.495000000000005
30 0.32011140819964334 1.8334170854271379 33.695 33.69499999999998
31 0.3181968582887698 1.8332663316582911 33.715 33.715
32 0.32307765151515133 1.833643216080405 33.689999999999976 33.69
33 0.31819351604278096 1.833442211055278 33.675 33.67500000000001
34 0.3201994206773618 1.8335175879396999 33.68500000000003 33.685
35 0.3205737522281638 1.8328391959799009 33.67000000000001 33.67000000000001
36 0.31837789661319077 1.8333417085427113 33.69499999999998 33.69499999999998
37 0.3225752005347593 1.8334170854271346 33.71999999999995 33.720000000000006
38 0.3208829099821742 1.8333165829145717 33.68000000000003 33.68000000000001
39 0.31748328877005344 1.8328391959799006 33.70000000000001 33.69999999999998
40 0.3176203208556149 1.8331658291457322 33.695000000000014 33.695
41 0.3210149286987521 1.8331155778894428 33.72000000000001 33.71999999999999
42 0.31863828632626034 1.8324371859296464 33.745000000000005 33.745000000000005
43 0.3199793894830661 1.8331909547738694 33.70999999999998 33.71000000000003
44 0.3185004456327986 1.8337185929648236 33.70999999999999 33.710000000000015
45 0.32111463903743276 1.8335427135678395 33.69000000000001 33.68999999999998
46 0.32061407480880916 1.833919597989949 33.680000000000014 33.68
47 0.3183812388591798 1.8333668341708553 33.69500000000002 33.695
48 0.3177852049910874 1.8333165829145708 33.67499999999998 33.67499999999999
49 0.3203687611408201 1.834195979899496 33.67 33.66999999999999
50 0.3194396167557931 1.83316582914573 33.660000000000004 33.659999999999975
51 0.32257241532976805 1.8334170854271352 33.67500000000001 33.675000000000004
52 0.3202233734402853 1.8334673366834178 33.670000000000016 33.66999999999998
53 0.3131762477718361 1.8323366834170833 33.730000000000004 33.72999999999999
54 0.31764260249554344 1.832462311557793 33.72500000000001 33.725
55 0.31703765597147976 1.8327135678391975 33.67499999999997 33.675
56 0.3166193181818182 1.8328140703517604 33.71500000000001 33.715000000000025
57 0.32121323529411805 1.8333417085427093 33.66000000000001 33.65999999999999
58 0.31840129233511577 1.8334170854271363 33.679999999999986 33.67999999999998
59 0.32103776737967915 1.832914572864324 33.70499999999999 33.705000000000005
60 0.3193209670231728 1.8333165829145708 33.66999999999997 33.67000000000001
61 0.3174409536541891 1.8333417085427093 33.70000000000001 33.699999999999996
62 0.31669173351158625 1.832688442211053 33.65500000000002 33.65499999999997
63 0.3216549688057042 1.8331909547738685 33.68500000000001 33.68499999999998
64 0.317008689839572 1.8331155778894495 33.64999999999997 33.65
65 0.3187254901960787 1.8329899497487419 33.69500000000003 33.69499999999999
66 0.3146908422459893 1.8330904522613019 33.68999999999999 33.690000000000005
67 0.3193666443850266 1.8335427135678384 33.65499999999999 33.655
68 0.3221613190730837 1.8336432160804013 33.69 33.68999999999998
69 0.31745543672014237 1.8334170854271328 33.68499999999998 33.685
70 0.3154222370766486 1.8335929648241214 33.689999999999955 33.689999999999976
