# index clusteringCoefficient averagePathLength inDegreeMean outDegreeMean
1 0.9243279197443356 4.516922692643939 1.829268292682926 1.829268292682927
2 0.8291645119586297 5.026988509842347 3.1499999999999995 3.15
3 0.7167550816745318 3.4313867293437004 5.5800000000000045 5.580000000000001
4 0.6752741728780979 3.4344116337735553 9.049999999999995 9.049999999999997
5 0.5842600432562017 2.8002975083674184 12.58 12.579999999999998
6 0.5228587353792061 2.390605040065039 17.46500000000001 17.46499999999999
7 0.43511530869215015 2.0917527528663893 22.259999999999998 22.259999999999984
8 0.39164264848991065 1.9635886818495514 26.545000000000016 26.54499999999999
9 0.37983794409578986 1.9067606622910058 29.374999999999986 29.37499999999999
10 0.3574426552243489 1.897961309136357 30.800000000000008 30.799999999999994
11 0.3489479757718686 1.874578018296612 31.794999999999998 31.79499999999999
12 0.3448755979858921 1.859450312788429 32.67500000000002 32.675000000000026
13 0.34342033973651637 1.8523997538714012 32.98499999999997 32.98499999999999
14 0.3441775869768196 1.841463728900911 33.18000000000002 33.179999999999986
15 0.34396506026653084 1.8457260923908911 33.52 33.52000000000001
16 0.3457436178131886 1.840216309976278 33.79 33.79000000000002
17 0.34183871275783045 1.8350337546317412 34.17999999999999 34.18000000000001
18 0.3362617012617012 1.83502941844903 34.269999999999996 34.27000000000001
19 0.333412019353196 1.8289698492462323 34.675000000000004 34.675
20 0.33444996180290326 1.8280402010050214 34.68000000000002 34.679999999999986
21 0.3322880061115355 1.8279396984924645 34.69499999999999 34.69500000000001
22 0.3284145658263304 1.8280904522613035 34.66000000000001 34.65999999999999
23 0.329656480774128 1.8283417085427154 34.69 34.689999999999976
24 0.330400050929463 1.827437185929649 34.704999999999984 34.704999999999984
25 0.3274122899159667 1.827788944723621 34.70999999999999 34.71
26 0.3250297937356762 1.8274874371859295 34.72500000000003 34.724999999999994
27 0.3292734912146677 1.8269346733668335 34.714999999999975 34.71499999999998
28 0.32592080468551093 1.827487437185931 34.70000000000002 34.69999999999999
29 0.32852253628724243 1.827964824120603 34.70500000000003 34.70499999999999
30 0.32639852304558203 1.8273618090452246 34.69499999999998 34.694999999999965
31 0.3297547746371275 1.827738693467338 34.684999999999974 34.68499999999999
32 0.32629208046855124 1.8274623115577857 34.68500000000001 34.68500000000001
33 0.32821237585943464 1.8273366834170839 34.68 34.68000000000001
34 0.3275174433409724 1.8276633165829164 34.68000000000001 34.67999999999999
35 0.328815985485103 1.8270854271356818 34.705000000000005 34.705000000000005
36 0.3272146676852559 1.827462311557789 34.669999999999995 34.66999999999998
37 0.3250290297937355 1.8274623115577882 34.63999999999999 34.64000000000001
38 0.3281525337407692 1.8272864321608069 34.72000000000001 34.72
39 0.32788082505729554 1.8273869346733664 34.72000000000001 34.720000000000006
40 0.3294023427552841 1.8276381909547745 34.73000000000001 34.72999999999999
41 0.32751744334097244 1.8272110552763818 34.699999999999974 34.699999999999974
42 0.32518512859689325 1.827261306532667 34.735 34.73499999999999
43 0.32770741023682204 1.82826633165829 34.67999999999999 34.67999999999999
44 0.3305047109752994 1.827839195979901 34.74 34.73999999999998
45 0.3279246243952125 1.8274874371859289 34.71000000000001 34.70999999999999
46 0.3269574738986505 1.8276130653266354 34.67000000000003 34.66999999999999
47 0.3249923605805959 1.8272361809045203 34.725000000000044 34.72499999999999
48 0.3277231983702575 1.8271859296482382 34.71999999999999 34.720000000000006
49 0.32910415075120986 1.8270603015075417 34.72500000000002 34.72500000000002
50 0.3272852049910875 1.8270100502512578 34.715 34.714999999999996
51 0.323100585688821 1.8269597989949744 34.684999999999974 34.685
52 0.3273170359052713 1.8271859296482433 34.620000000000005 34.61999999999999
53 0.3295367965367964 1.827663316582915 34.68999999999999 34.68999999999999
54 0.32782811306340726 1.8269346733668317 34.71000000000001 34.710000000000015
55 0.32992997198879565 1.8280402010050258 34.675000000000026 34.675000000000026
56 0.33138731856378933 1.8277889447236195 34.669999999999995 34.669999999999995
57 0.32903208556149743 1.827336683417086 34.700000000000024 34.699999999999974
58 0.32850063661828394 1.8274623115577882 34.71499999999999 34.71500000000002
59 0.3280155334861221 1.8270854271356798 34.70000000000001 34.699999999999974
60 0.32690934555640444 1.8272361809045181 34.70499999999999 34.70500000000003
61 0.3253308027756556 1.8273115577889407 34.67499999999998 34.674999999999976
62 0.3270501655207538 1.8272864321608018 34.70000000000002 34.699999999999974
63 0.3259806468041766 1.8267085427135707 34.695000000000014 34.695
64 0.325725235548765 1.827035175879393 34.69499999999999 34.69499999999999
65 0.32662439521263065 1.827060301507538 34.730000000000004 34.73
66 0.323735930735931 1.8271105527638194 34.690000000000005 34.69
67 0.3314104914693153 1.8277889447236182 34.70499999999998 34.70499999999999
68 0.32481461675579304 1.8274623115577875 34.67499999999998 34.674999999999976
69 0.3258736949325188 1.8279396984924645 34.695000000000014 34.69499999999999
70 0.3278632543926665 1.827989949748741 34.710000000000015 34.709999999999994
