# index clusteringCoefficient averagePathLength inDegreeMean outDegreeMean
1 0.939711109868929 4.534311348205631 1.796747967479675 1.7967479674796758
2 0.8181601649417791 4.5096016050444305 3.2200000000000015 3.2200000000000006
3 0.6988546585502828 3.206314948041562 5.2 5.200000000000002
4 0.653726105678021 2.8983050847457674 8.63 8.629999999999994
5 0.5955204280098823 2.835879103022433 12.399999999999995 12.399999999999997
6 0.542065198438283 2.4219730810779323 16.834999999999983 16.835
7 0.46610359484866387 2.15544692356011 21.749999999999996 21.750000000000004
8 0.4126075548476203 1.9935923001249602 26.410000000000004 26.410000000000007
9 0.37048732558887437 1.9028060617280693 29.469999999999995 29.469999999999995
10 0.3523394706779448 1.876262757084391 31.349999999999998 31.35000000000001
11 0.3521840549380635 1.852043723773509 32.45 32.449999999999996
12 0.34399114319512814 1.8415290739411327 33.389999999999986 33.38999999999999
13 0.3461759863530656 1.840981557533861 33.739999999999995 33.739999999999974
14 0.34016148316693445 1.8351860311659298 34.11499999999999 34.115000000000016
15 0.3380122230710468 1.8407363450417988 34.19999999999999 34.20000000000006
16 0.3343834988540872 1.8337668240701006 34.34 34.339999999999996
17 0.33432696715049665 1.8343223655968288 34.364999999999995 34.36500000000001
18 0.3332554112554114 1.833517587939697 34.50500000000001 34.50499999999998
19 0.33006870702826624 1.8283919597989942 34.68 34.68
20 0.3278629997453528 1.8279396984924652 34.68999999999999 34.68999999999999
21 0.3287344028520501 1.8275879396984935 34.71500000000001 34.71500000000003
22 0.3269556913674563 1.8272613065326677 34.71000000000001 34.70999999999997
23 0.32623223834988524 1.8280402010050252 34.66000000000001 34.66
24 0.32789584924879067 1.8277638190954766 34.71500000000002 34.71500000000001
25 0.3275576776165012 1.8274623115577904 34.66 34.65999999999998
26 0.3277288006111538 1.8277638190954781 34.684999999999995 34.685
27 0.32989763177998477 1.827286432160804 34.70000000000002 34.699999999999996
28 0.3329228418640185 1.827688442211056 34.71 34.71
29 0.33013852813852823 1.8274371859296452 34.660000000000004 34.659999999999975
30 0.32957473898650386 1.8278643216080395 34.68500000000004 34.685
31 0.3322130124777186 1.8276884422110604 34.670000000000016 34.670000000000016
32 0.32398955946014757 1.827663316582913 34.70499999999998 34.70500000000002
33 0.32796027501909863 1.8274874371859282 34.690000000000005 34.689999999999976
34 0.3261026228673289 1.827311557788944 34.695 34.69499999999999
35 0.32268805704099796 1.827060301507538 34.70999999999999 34.71
36 0.3273208556149736 1.827437185929646 34.70500000000001 34.70499999999999
37 0.32525439266615747 1.8283417085427138 34.73000000000001 34.73000000000002
38 0.33127221797810064 1.8275879396984895 34.71999999999999 34.72000000000001
39 0.32553628724216976 1.8278643216080384 34.71 34.710000000000015
40 0.32760133371530437 1.8275879396984924 34.735 34.73500000000001
41 0.3289307995925644 1.8271105527638223 34.68 34.67999999999999
42 0.32574407944996137 1.8271608040201008 34.724999999999994 34.724999999999994
43 0.3278599439775911 1.82741206030151 34.684999999999995 34.685
44 0.3304372294372297 1.8272613065326597 34.73499999999998 34.73500000000002
45 0.32780035650623873 1.8272361809045203 34.74500000000002 34.745000000000005
46 0.326454290807232 1.8274874371859287 34.679999999999986 34.68000000000003
47 0.3246979882862239 1.8266080402010043 34.73500000000001 34.735
48 0.330162210338681 1.8278391959798994 34.710000000000015 34.71
49 0.33279042526101377 1.8273618090452255 34.72000000000001 34.71999999999999
50 0.32951784122739997 1.8277386934673352 34.69500000000002 34.695
51 0.32893862999745366 1.8270854271356787 34.749999999999986 34.749999999999986
52 0.32688719124013255 1.8270854271356776 34.71499999999996 34.71500000000001
53 0.3253817163228929 1.8269597989949713 34.754999999999995 34.75499999999997
54 0.3243249299719891 1.8275628140703533 34.66499999999998 34.66499999999999
55 0.3274889228418638 1.8277889447236182 34.709999999999994 34.70999999999997
56 0.32730939648586704 1.827060301507539 34.74 34.73999999999998
57 0.32520397249809013 1.8272361809045254 34.695 34.695
58 0.3301675579322639 1.827361809045221 34.70999999999997 34.71
59 0.32777361853832454 1.8273618090452224 34.69999999999999 34.699999999999974
60 0.32594474153297687 1.8274371859296483 34.67499999999998 34.675000000000004
61 0.32751515151515165 1.8277135678391967 34.675000000000004 34.67500000000002
62 0.3270911637382226 1.8272613065326604 34.700000000000024 34.7
63 0.3269266615737205 1.8272110552763805 34.69 34.69
64 0.32515737203972506 1.8283919597989957 34.690000000000026 34.68999999999997
65 0.32933944486885686 1.827437185929649 34.68 34.68
66 0.3255151515151516 1.827688442211057 34.685000000000024 34.684999999999995
67 0.33027552839317553 1.8271608040201008 34.690000000000005 34.689999999999976
68 0.33081130634071826 1.828341708542718 34.619999999999976 34.62
69 0.33013216195569145 1.8274623115577868 34.70499999999999 34.70499999999999
70 0.330206518971225 1.8276633165829108 34.73499999999999 34.73499999999998
