# index clusteringCoefficient averagePathLength inDegreeMean outDegreeMean
1 0.9260066239741037 5.327523602033385 1.7560975609756104 1.7560975609756109
2 0.8214396387629204 5.078846888125211 2.9499999999999997 2.9500000000000015
3 0.7176703565709172 4.0866164130280245 5.299999999999994 5.300000000000005
4 0.6682331233860497 3.7327225972356133 8.400000000000002 8.399999999999997
5 0.6019754481895356 2.762030409973936 12.905000000000001 12.904999999999996
6 0.5837920148931215 2.3770719083122813 17.26499999999999 17.264999999999997
7 0.4918688168188009 2.138192840646652 21.97500000000002 21.975000000000005
8 0.431963676065151 1.980723023154216 26.784999999999997 26.785
9 0.40000432551902504 1.9104854525427866 30.029999999999998 30.030000000000015
10 0.37547152538673634 1.8676152932282144 31.59000000000001 31.59
11 0.3664807721287662 1.868823283082077 33.044999999999995 33.04500000000002
12 0.36133677035642087 1.8564102564102523 34.13 34.129999999999974
13 0.3553041423776719 1.8393248292745803 34.760000000000005 34.760000000000005
14 0.35515480403146427 1.8337843061461152 35.02499999999999 35.02499999999999
15 0.3565005874380875 1.830453286842375 35.37500000000001 35.375
16 0.35220892320892305 1.8284314975894702 35.62499999999999 35.624999999999986
17 0.35264966937380715 1.8278326304891266 35.98999999999999 35.99000000000001
18 0.3485298155298154 1.8246508926542244 36.290000000000006 36.28999999999999
19 0.34658644358644336 1.8227638190954722 36.525 36.525
20 0.3485521235521233 1.8236432160804013 36.51500000000001 36.51499999999998
21 0.34486507936507904 1.822236180904521 36.53 36.529999999999966
22 0.3446737451737448 1.821909547738693 36.53 36.52999999999997
23 0.3431186186186185 1.8214572864321597 36.55000000000001 36.54999999999999
24 0.3447104340365212 1.817085427135679 36.63499999999998 36.63499999999999
25 0.34240626340626323 1.816934673366835 36.67999999999999 36.68
26 0.3403886743886745 1.8161306532663324 36.719999999999985 36.719999999999985
27 0.34272222222222226 1.8163316582914544 36.725000000000016 36.724999999999994
28 0.3441844701844701 1.8161809045226174 36.69500000000001 36.695000000000014
29 0.34421685971685984 1.816080402010048 36.724999999999994 36.72499999999997
30 0.33980845130845116 1.8164824120602965 36.68999999999998 36.68999999999998
31 0.3407972972972971 1.8163567839195944 36.69500000000001 36.694999999999986
32 0.3417694122694123 1.8160301507537704 36.71500000000001 36.71500000000002
33 0.34396546546546525 1.8161809045226094 36.730000000000004 36.72999999999998
34 0.34066173316173326 1.8162814070351745 36.72 36.72
35 0.34417717717717705 1.8162562814070322 36.699999999999996 36.70000000000001
36 0.3447664092664093 1.8164824120603016 36.685000000000045 36.68499999999995
37 0.34138652938652925 1.8166080402010027 36.705 36.705000000000005
38 0.3413921063921063 1.8165075376884487 36.705 36.70499999999998
39 0.3381177606177604 1.8162814070351774 36.67500000000002 36.675000000000004
40 0.34092835692835705 1.816231155778893 36.68500000000001 36.68499999999999
41 0.34321685971685945 1.8166080402010043 36.655 36.65500000000001
42 0.3403363363363365 1.8160050251256274 36.735000000000014 36.73500000000001
43 0.3427099957099957 1.816608040201002 36.64500000000001 36.645
44 0.34627863577863577 1.8161055276381932 36.705000000000005 36.705
45 0.3393129558129553 1.816130653266332 36.725000000000016 36.72499999999999
46 0.34138695838695826 1.8163065326633163 36.710000000000015 36.709999999999994
47 0.34291613041613017 1.815979899497489 36.71999999999998 36.719999999999985
48 0.34178399828399814 1.8165577889447244 36.694999999999986 36.695
49 0.3437767052767054 1.8164572864321615 36.695000000000014 36.69499999999998
50 0.3406844701844704 1.8164321608040197 36.68999999999997 36.68999999999999
51 0.3405053625053624 1.8162562814070367 36.72500000000001 36.724999999999994
52 0.3386632346632347 1.8161557788944716 36.68999999999999 36.68999999999999
53 0.33975160875160887 1.8163567839196002 36.69499999999999 36.69499999999999
54 0.3393290433290435 1.81605527638191 36.69999999999999 36.699999999999996
55 0.34270999570999583 1.8161306532663295 36.71500000000004 36.715
56 0.3404832689832689 1.816256281407035 36.68499999999998 36.684999999999974
57 0.34076447876447863 1.8160301507537666 36.71999999999996 36.720000000000006
58 0.3415040755040756 1.816482412060299 36.635000000000005 36.63499999999996
59 0.34263427713427697 1.8159798994974903 36.68500000000002 36.68499999999999
60 0.34149785499785507 1.8161809045226145 36.71 36.70999999999997
61 0.3422391677391677 1.8162060301507545 36.67499999999999 36.675000000000004
62 0.33940047190047196 1.816055276381911 36.680000000000014 36.68000000000001
63 0.3428174098468217 1.81640703517588 36.695 36.69499999999999
64 0.3400982410982408 1.815979899497489 36.715 36.71499999999998
65 0.33866473616473597 1.816407035175879 36.67499999999998 36.67499999999999
66 0.3428515658515655 1.8162060301507517 36.68999999999999 36.68999999999998
67 0.3394223509223508 1.8162814070351718 36.675000000000004 36.67499999999999
68 0.342734663234663 1.8165326633165826 36.665 36.664999999999985
69 0.33879536679536654 1.8163065326633152 36.67499999999997 36.67499999999998
70 0.33811454311454303 1.8162562814070373 36.714999999999996 36.71499999999998
