# index clusteringCoefficient averagePathLength inDegreeMean outDegreeMean
1 0.9217986116738245 4.608195960065017 1.9186991869918701 1.9186991869918688
2 0.8173598424982965 3.828094631727096 3.170000000000001 3.1700000000000004
3 0.7267141345621895 3.3797476108796873 5.965 5.965000000000001
4 0.6757398171274213 2.8338936802611636 9.38 9.379999999999997
5 0.631190691803145 2.7629090653450086 13.215000000000007 13.215
6 0.591561922457604 2.526913636623084 17.804999999999993 17.805000000000007
7 0.5413107748993239 2.2278800716962612 22.754999999999992 22.754999999999992
8 0.46642509964975565 2.015072959538179 28.365000000000002 28.364999999999995
9 0.43868662173497647 1.8947550309700398 33.28499999999999 33.28499999999999
10 0.42782001475674614 1.8260626844245968 36.980000000000004 36.98000000000001
11 0.4183684272583546 1.8079170743316464 39.08000000000003 39.079999999999984
12 0.4144162795191666 1.813302066690716 40.28999999999998 40.29000000000001
13 0.4119263926027963 1.8116090657368527 40.70999999999997 40.71000000000001
14 0.4053970451031382 1.801584452876628 41.145 41.14499999999998
15 0.40157859596166595 1.7967247404535374 41.565000000000026 41.565
16 0.4000290360046457 1.7910004568296012 42.074999999999996 42.075
17 0.3987074251141181 1.79079742145069 42.040000000000006 42.04
18 0.3958834846267697 1.7860407565465537 42.42999999999998 42.42999999999997
19 0.39526888690813805 1.7853842074695077 42.52500000000001 42.52499999999997
20 0.3936783891094724 1.785914497108659 42.42499999999999 42.42500000000002
21 0.390288334278692 1.7855778894472354 42.68500000000002 42.685
22 0.39289252626745513 1.785552763819094 42.69499999999999 42.69499999999999
23 0.3911336196418443 1.7856783919597932 42.68 42.67999999999999
24 0.39378818572238883 1.7855025125628141 42.695000000000014 42.695
25 0.3957388650298464 1.7857788944723647 42.63999999999999 42.63999999999998
26 0.3895030116414118 1.7856030150753783 42.67999999999998 42.67999999999999
27 0.3959540015665934 1.7857788944723625 42.65 42.64999999999997
28 0.3948469870080764 1.785854271356783 42.62000000000001 42.61999999999998
29 0.39446465710504286 1.7856281407035213 42.68499999999998 42.68499999999998
30 0.39096277989357964 1.7854522613065356 42.70000000000002 42.699999999999996
31 0.39090322232126 1.7855276381909573 42.699999999999996 42.70000000000001
32 0.3917915890122358 1.7853517587939691 42.71999999999997 42.72
33 0.3893907435918211 1.7856532663316613 42.684999999999995 42.68499999999998
34 0.39220997758150317 1.7855527638190947 42.690000000000005 42.68999999999999
35 0.39133079437106666 1.7854522613065342 42.70499999999998 42.705000000000005
36 0.38927612565162184 1.7855778894472383 42.68000000000001 42.67999999999999
37 0.3898140345190822 1.7853517587939713 42.724999999999966 42.725
38 0.3905572211868295 1.7854020100502506 42.71 42.710000000000015
39 0.39364543662047924 1.7857537688442227 42.67000000000003 42.66999999999999
40 0.38992099505712646 1.7854020100502541 42.73000000000002 42.730000000000004
41 0.3888277557194174 1.7855276381909526 42.69000000000002 42.690000000000005
42 0.39029103530237924 1.7855025125628199 42.70999999999998 42.71
43 0.3892781514193879 1.7855276381909528 42.684999999999974 42.684999999999995
44 0.387989898171407 1.7856281407035206 42.690000000000005 42.69000000000001
45 0.39009061934473116 1.7854773869346683 42.7 42.69999999999998
46 0.3921362396348216 1.7857537688442233 42.68000000000001 42.67999999999999
47 0.3910263890014316 1.785552763819094 42.695000000000014 42.69500000000001
48 0.39415525484158465 1.7854271356783913 42.73000000000002 42.73
49 0.39435310482672925 1.7857537688442204 42.655 42.655
50 0.3931973030278474 1.7854271356783904 42.72000000000002 42.719999999999985
51 0.39526780649866283 1.7854522613065356 42.715 42.71499999999999
52 0.3930897009966776 1.7855778894472416 42.684999999999995 42.68500000000001
53 0.38861505010398933 1.7854773869346718 42.70000000000001 42.69999999999998
54 0.3938854225751558 1.785603015075376 42.675000000000004 42.67499999999999
55 0.39383504848337497 1.785653266331657 42.70000000000002 42.7
56 0.39601599006023264 1.7860552763819089 42.60000000000003 42.59999999999996
57 0.39512384193609373 1.785552763819098 42.68499999999997 42.685
58 0.39017988817761934 1.7855778894472376 42.695000000000014 42.695
59 0.3933327931285956 1.7856030150753777 42.669999999999995 42.67
60 0.3903620722253731 1.7855025125628126 42.69999999999999 42.70000000000002
61 0.3898793992923316 1.785477386934677 42.700000000000024 42.700000000000024
62 0.3944327850255248 1.785502512562813 42.7 42.70000000000002
63 0.3930906463549686 1.7853266331658284 42.71999999999999 42.71999999999998
64 0.3895479836858167 1.7856532663316593 42.669999999999995 42.67
65 0.3909657510196364 1.785603015075374 42.685 42.684999999999974
66 0.38935107905896355 1.7856030150753766 42.67499999999998 42.67499999999999
67 0.3934725711044482 1.7855778894472387 42.68 42.67999999999999
68 0.3911852091942847 1.7854773869346718 42.69000000000001 42.69000000000002
69 0.3858637873754152 1.7855276381909584 42.690000000000005 42.690000000000005
70 0.38746022742619457 1.7854773869346727 42.69499999999998 42.69499999999999
