# index clusteringCoefficient averagePathLength inDegreeMean outDegreeMean
1 0.9107828952656539 4.481536189069426 1.8943089430894304 1.894308943089431
2 0.8212901641005762 4.0520641480616275 3.2350000000000008 3.2350000000000003
3 0.7002678086837965 3.606315195940231 5.714999999999997 5.715
4 0.611232875172502 2.977834383518795 9.340000000000002 9.34
5 0.5750096407858443 2.6849495838126707 13.625000000000002 13.625000000000002
6 0.5318936906098501 2.38919256134512 18.235 18.234999999999992
7 0.47482785318947 2.124962244982041 24.220000000000017 24.220000000000017
8 0.44882456752587324 1.9635687926928203 29.725000000000005 29.72499999999999
9 0.41378266289190313 1.8937981670485349 33.01000000000002 33.01
10 0.38931722828889576 1.8599086804581282 35.46499999999999 35.46500000000002
11 0.3876060990769122 1.8371298114940169 37.15000000000001 37.150000000000006
12 0.38419400660805564 1.8292719880811088 38.22499999999998 38.225000000000016
13 0.38326840605787965 1.8274791040630298 38.43 38.429999999999986
14 0.38109244264507425 1.8221917669153858 38.480000000000025 38.48000000000001
15 0.3764742840005997 1.8124378236359477 38.620000000000005 38.620000000000005
16 0.3763421052631578 1.8111263387645282 38.92000000000001 38.919999999999995
17 0.37304747054747045 1.8067978081361544 39.29499999999997 39.295000000000016
18 0.3691042510121457 1.8060907552839576 39.31500000000001 39.314999999999976
19 0.36946723646723634 1.8023787278099015 39.43 39.42999999999997
20 0.365212618083671 1.8018844221105543 39.60500000000002 39.605
21 0.36692273954116045 1.8016331658291465 39.67999999999999 39.68
22 0.36495782726045867 1.801356783919596 39.710000000000036 39.70999999999996
23 0.3635121457489882 1.8014070351758773 39.63999999999996 39.639999999999986
24 0.36512685560054015 1.8010804020100524 39.66000000000001 39.65999999999999
25 0.36531713900134966 1.8008542713567854 39.679999999999986 39.67999999999997
26 0.3663633603238865 1.8009798994974837 39.65999999999999 39.66000000000002
27 0.3661302294197032 1.8008291457286396 39.71999999999998 39.72000000000002
28 0.3663586369770584 1.8008793969849246 39.694999999999986 39.69499999999999
29 0.3659659244264507 1.800979899497487 39.64000000000001 39.64000000000001
30 0.36897300944669353 1.8009547738693479 39.70500000000001 39.70500000000001
31 0.3663103913630233 1.8010301507537685 39.65999999999998 39.65999999999999
32 0.3670954790823215 1.8008542713567839 39.69499999999996 39.69499999999998
33 0.367312415654521 1.8009547738693423 39.71500000000001 39.71500000000003
34 0.3711116734143048 1.8009798994974897 39.675000000000004 39.67499999999998
35 0.36522537112010817 1.800628140703522 39.705000000000005 39.70499999999999
36 0.36500033738191623 1.8009296482412038 39.66000000000002 39.66
37 0.3619922402159244 1.8007286432160752 39.70499999999999 39.705
38 0.3670941660283766 1.8006783919598024 39.70000000000001 39.700000000000024
39 0.36626147098515544 1.8009547738693445 39.655000000000044 39.654999999999994
40 0.36787719298245625 1.8008542713567883 39.67499999999998 39.67500000000001
41 0.36861234817813743 1.800778894472361 39.700000000000024 39.69999999999998
42 0.3657071524966263 1.8007035175879393 39.715 39.714999999999996
43 0.3682425775978407 1.8011557788944716 39.650000000000006 39.649999999999984
44 0.3663394062078273 1.8010804020100482 39.68000000000001 39.68
45 0.3691754385964911 1.8007788944723655 39.70000000000002 39.69999999999998
46 0.36859041835357653 1.800954773869349 39.69499999999995 39.694999999999986
47 0.37032118758434557 1.8010050251256253 39.67000000000002 39.669999999999995
48 0.36853846153846176 1.801005025125627 39.684999999999995 39.68499999999999
49 0.3688151147098516 1.800628140703524 39.704999999999984 39.70499999999998
50 0.36817206477732783 1.800829145728638 39.67999999999997 39.679999999999986
51 0.3664477058029691 1.8007035175879393 39.714999999999996 39.71499999999998
52 0.3646125487836012 1.800778894472361 39.69500000000002 39.69499999999999
53 0.36614979757085003 1.8009798994974866 39.67499999999997 39.67500000000001
54 0.3639119433198381 1.800753768844222 39.675 39.67499999999998
55 0.36489035087719296 1.8006281407035198 39.71999999999999 39.72000000000001
56 0.36587820512820535 1.8008040201005024 39.69500000000001 39.694999999999986
57 0.3663819163292848 1.8005778894472377 39.71500000000002 39.71499999999998
58 0.3639450067476382 1.8007035175879411 39.715000000000025 39.71500000000003
59 0.36241970310391325 1.8008040201005033 39.67 39.67
60 0.3669733468286102 1.8009045226130669 39.66 39.66000000000001
61 0.3642814585840904 1.8009045226130675 39.675000000000026 39.67500000000002
62 0.3628765182186234 1.800678391959798 39.684999999999995 39.684999999999974
63 0.3658974358974359 1.800452261306537 39.73499999999997 39.73500000000004
64 0.36163495276653196 1.8007788944723615 39.699999999999996 39.69999999999999
65 0.3625624156545211 1.800628140703519 39.714999999999996 39.71500000000002
66 0.364853238866397 1.800954773869348 39.62500000000002 39.625000000000036
67 0.36625269905533087 1.800979899497487 39.65999999999998 39.659999999999975
68 0.36526889338731466 1.8009296482412083 39.66 39.659999999999975
69 0.3674817813765182 1.8009296482412045 39.65000000000001 39.64999999999998
70 0.36875134952766536 1.8009045226130609 39.66500000000002 39.66499999999999
