# index clusteringCoefficient averagePathLength inDegreeMean outDegreeMean
1 0.9275032407434144 4.953188775510227 1.772357723577236 1.7723577235772363
2 0.8169206714207433 4.2744677592280595 2.91 2.91
3 0.6861462048503345 4.1651308124139215 5.495000000000002 5.494999999999998
4 0.647838183569755 3.0239438623109316 8.625 8.625000000000005
5 0.5636940783753039 2.8084721216509796 11.899999999999999 11.899999999999997
6 0.5255367045913085 2.5239962651727357 15.220000000000002 15.220000000000006
7 0.43944952320042197 2.241150877193018 19.10999999999999 19.10999999999999
8 0.4080279424414548 2.0391685988737853 23.015 23.015
9 0.3621390781644854 1.95222613321869 25.815000000000026 25.814999999999998
10 0.3347811324394684 1.906241049808627 28.36 28.36
11 0.32463626536607626 1.8809689473006082 29.715000000000003 29.715000000000003
12 0.3178777863852251 1.8675264075479439 30.409999999999997 30.410000000000014
13 0.3220230600021555 1.862193621167059 30.594999999999985 30.595000000000002
14 0.31919354838709674 1.859527227976617 30.659999999999993 30.660000000000007
15 0.3160848694316435 1.8587097926179104 30.849999999999987 30.850000000000012
16 0.3118218589437997 1.8543982538957398 31.135000000000005 31.13499999999999
17 0.3119868421052632 1.8540945935708684 31.28000000000001 31.280000000000005
18 0.3054250192012286 1.8514321608040207 31.470000000000024 31.470000000000002
19 0.3063709677419355 1.8508040201005052 31.580000000000002 31.580000000000016
20 0.30185282258064494 1.8511809045226137 31.51000000000001 31.509999999999998
21 0.3030745967741939 1.8508291457286465 31.575000000000024 31.57500000000001
22 0.30326075268817193 1.8508040201005025 31.549999999999997 31.549999999999997
23 0.3010127688172043 1.8456783919597963 31.71 31.710000000000008
24 0.3026505376344087 1.8449246231155765 31.73000000000001 31.73
25 0.30092137096774213 1.8462562814070351 31.670000000000005 31.67
26 0.2962547043010755 1.845402010050252 31.705000000000013 31.705
27 0.29999327956989247 1.8463316582914584 31.68500000000001 31.685000000000002
28 0.30114448924731185 1.8456532663316576 31.679999999999993 31.68
29 0.30333602150537653 1.8452763819095492 31.705000000000005 31.705000000000002
30 0.3024065860215055 1.8456030150753766 31.71999999999998 31.720000000000017
31 0.3011458333333333 1.8460301507537689 31.669999999999984 31.669999999999995
32 0.3000020161290324 1.8453768844221106 31.674999999999997 31.674999999999997
33 0.3041532258064519 1.846331658291455 31.709999999999994 31.71
34 0.2985961021505379 1.8447487437185914 31.72499999999999 31.72499999999999
35 0.30316196236559173 1.8463567839195942 31.699999999999992 31.700000000000006
36 0.302070564516129 1.8452261306532627 31.705 31.705
37 0.30457661290322535 1.846130653266333 31.655000000000012 31.654999999999998
38 0.2999690860215053 1.8452010050251253 31.689999999999998 31.690000000000005
39 0.30302688172042996 1.844824120603012 31.685000000000002 31.685
40 0.299299059139785 1.844849246231156 31.71 31.709999999999997
41 0.3022009408602153 1.8443969849246247 31.73499999999999 31.735
42 0.30166397849462373 1.8452261306532693 31.72499999999999 31.724999999999994
43 0.3020678763440858 1.8452010050251226 31.705000000000005 31.705000000000013
44 0.30155981182795666 1.8453266331658318 31.710000000000008 31.709999999999997
45 0.3018548387096775 1.8459045226130661 31.704999999999995 31.705000000000013
46 0.30342772061549894 1.8462060301507524 31.680000000000003 31.680000000000007
47 0.30028091397849466 1.8447989949748758 31.704999999999995 31.705
48 0.2994791898405636 1.8445226130653267 31.695000000000004 31.694999999999993
49 0.29997043010752683 1.8444472361809006 31.68000000000001 31.68
50 0.3000329301075269 1.8451507537688412 31.66 31.659999999999997
51 0.29990287819799755 1.8452261306532642 31.695 31.695
52 0.3003729838709673 1.8456281407035142 31.73 31.729999999999993
53 0.3052016129032255 1.8460552763819078 31.679999999999996 31.680000000000007
54 0.3020724879495732 1.8465577889447207 31.66999999999998 31.67
55 0.3015147849462368 1.8464321608040186 31.659999999999993 31.660000000000004
56 0.30364583333333334 1.8458040201005022 31.71000000000002 31.709999999999997
57 0.30210483870967747 1.8454271356783882 31.694999999999997 31.695000000000007
58 0.29920094086021476 1.8455778894472332 31.714999999999993 31.71500000000001
59 0.30616263440860225 1.8462562814070351 31.64 31.640000000000008
60 0.3015067204301076 1.8462060301507535 31.69000000000001 31.689999999999998
61 0.3007096774193549 1.845552763819097 31.699999999999996 31.700000000000003
62 0.3007694892473118 1.845854271356782 31.664999999999996 31.664999999999996
63 0.30206182795698927 1.8456030150753786 31.685000000000006 31.68500000000001
64 0.30120228494623635 1.8449748743718615 31.70499999999999 31.705000000000005
65 0.30335752688172063 1.8459045226130646 31.659999999999975 31.66
66 0.3012022849462365 1.8451256281407047 31.719999999999988 31.719999999999995
67 0.3000631720430106 1.8459045226130646 31.709999999999997 31.710000000000008
68 0.2990288978494623 1.8454020100502542 31.695000000000007 31.69500000000001
69 0.30128830645161314 1.8454773869346701 31.69999999999999 31.70000000000001
70 0.297871639784946 1.8444221105527645 31.71999999999999 31.72
