# index clusteringCoefficient averagePathLength inDegreeMean outDegreeMean
1 0.9295186492130464 4.498789346246967 1.8455284552845521 1.845528455284553
2 0.8072952493644712 3.8800691397420524 3.045000000000001 3.045000000000001
3 0.7212466424227193 3.0252066537401765 5.5299999999999985 5.529999999999999
4 0.6567162284511235 3.469894829097293 8.934999999999999 8.934999999999995
5 0.6378601067593158 2.80948643897539 13.470000000000002 13.469999999999997
6 0.5700602659008801 2.4338675245798176 18.195000000000007 18.194999999999997
7 0.4925098990508088 2.1807128580946418 23.08 23.080000000000002
8 0.43744283712183185 1.9974327830839744 27.215000000000007 27.215000000000003
9 0.40213967554690755 1.9467956469165666 30.119999999999994 30.120000000000008
10 0.3740143441110622 1.8806297276347794 31.82500000000002 31.82499999999999
11 0.3795135112457089 1.8422416757028364 34.014999999999986 34.01499999999998
12 0.376033887052152 1.8262674882970555 35.02 35.02000000000001
13 0.37415814297536687 1.8293279870856864 35.63000000000002 35.629999999999995
14 0.372860936513387 1.8227547996392206 36.390000000000015 36.38999999999996
15 0.36824041103922256 1.8171885066357383 36.53499999999998 36.53500000000002
16 0.3658297771455667 1.8121633810075968 36.79000000000003 36.79000000000002
17 0.3618623056554089 1.8132540876973686 37.05000000000001 37.04999999999999
18 0.360712818081239 1.8125475864169331 37.31499999999998 37.315
19 0.36210684368579094 1.8119384802801863 37.330000000000005 37.330000000000005
20 0.3531656801992552 1.8123532234034487 37.48000000000001 37.480000000000025
21 0.35690532637901073 1.8119744450897712 37.515000000000015 37.51499999999999
22 0.3551145882724831 1.811469407338196 37.550000000000004 37.55000000000002
23 0.35544491860281346 1.8114824120603044 37.72000000000001 37.72
24 0.35544412833886496 1.8131658291457327 37.71999999999996 37.72000000000001
25 0.35283413488676635 1.812311557788944 37.684999999999995 37.68499999999998
26 0.35637901058953697 1.812914572864323 37.66999999999998 37.66999999999995
27 0.35527145566619245 1.8123366834170862 37.69999999999999 37.7
28 0.35392682155840044 1.8115075376884426 37.740000000000016 37.74000000000001
29 0.3474482377113956 1.8114824120603008 37.719999999999985 37.71999999999999
30 0.35369053263790107 1.811130653266332 37.709999999999994 37.70999999999998
31 0.3550371424055636 1.8112814070351781 37.685 37.684999999999995
32 0.3549521890311363 1.8115075376884404 37.70000000000001 37.69999999999998
33 0.35321123755334244 1.811155778894471 37.690000000000005 37.69
34 0.3518602813339655 1.8114321608040216 37.70500000000002 37.705
35 0.352938991623202 1.8111306532663303 37.74000000000002 37.74
36 0.35237276750434665 1.8111557788944723 37.68000000000001 37.68000000000001
37 0.35194879089615894 1.810904522613062 37.69500000000005 37.69500000000001
38 0.35066816816816804 1.8110804020100528 37.69999999999998 37.699999999999974
39 0.3500612454559824 1.811557788944722 37.660000000000025 37.660000000000004
40 0.34954480796586046 1.8112311557788952 37.675000000000004 37.675000000000004
41 0.3513501659554292 1.8112311557788938 37.68000000000002 37.68
42 0.35061759127548586 1.811055276381907 37.660000000000004 37.65999999999998
43 0.349366998577525 1.8110552763819103 37.68999999999998 37.68999999999999
44 0.34670301880828164 1.8107286432160818 37.724999999999994 37.72500000000003
45 0.35069108582266467 1.8111306532663345 37.67 37.669999999999995
46 0.34860874031926686 1.811030150753767 37.68500000000001 37.684999999999995
47 0.3517358147621305 1.8110552763819099 37.709999999999994 37.71
48 0.34922198514303804 1.8114572864321645 37.685 37.68499999999999
49 0.3500782361308673 1.8111809045226106 37.710000000000015 37.70999999999999
50 0.35430617083248656 1.8113316582914536 37.68500000000004 37.68500000000002
51 0.35425162004109395 1.8113065326633189 37.7 37.70000000000002
52 0.3550116620379778 1.811432160804019 37.69 37.690000000000005
53 0.35158376797850477 1.8115326633165891 37.67500000000002 37.67499999999997
54 0.35360676465939633 1.8109798994974886 37.705 37.704999999999984
55 0.354946657183499 1.811231155778895 37.725 37.724999999999994
56 0.35463292239608024 1.8116080402010013 37.685000000000045 37.68499999999997
57 0.35199344080923034 1.8115577889447214 37.644999999999975 37.644999999999996
58 0.35450015805278967 1.8115326633165865 37.69999999999999 37.69999999999997
59 0.3523265370633794 1.8112311557788907 37.69499999999999 37.69499999999998
60 0.3549917022285443 1.8112814070351781 37.70000000000002 37.69999999999998
61 0.3511284969179704 1.8110050251256242 37.70499999999998 37.704999999999984
62 0.35451438280385694 1.8112060301507533 37.69500000000001 37.695
63 0.35169076971708535 1.8110804020100502 37.69000000000002 37.689999999999955
64 0.3506930614825354 1.8107035175879411 37.729999999999976 37.72999999999997
65 0.35326339497392134 1.8112060301507553 37.695 37.69500000000001
66 0.3517452979295085 1.811030150753769 37.71000000000003 37.70999999999998
67 0.3511932985617196 1.8115577889447214 37.639999999999986 37.639999999999986
68 0.3538667614983403 1.8112311557788898 37.675 37.67499999999999
69 0.3545617986407462 1.8112311557788923 37.695 37.69499999999999
70 0.3516014473119736 1.8110301507537703 37.699999999999974 37.699999999999974
