# index clusteringCoefficient averagePathLength inDegreeMean outDegreeMean
1 0.9285683052488525 4.517798165137618 1.7886178861788622 1.7886178861788622
2 0.8162348036131138 4.548504895475021 2.915 2.9150000000000014
3 0.7132024302126909 3.3473319786257227 5.075 5.074999999999999
4 0.6736211688608542 3.2645130641330105 8.024999999999995 8.024999999999999
5 0.6644199962049351 2.743593051255591 11.229999999999997 11.23
6 0.6581138418560195 2.5568620037807053 14.760000000000002 14.760000000000007
7 0.6132037375967567 2.323618405035964 18.140000000000008 18.139999999999986
8 0.5799605354281814 2.232946082812038 22.799999999999994 22.800000000000008
9 0.5604351387362319 2.1526384034276402 26.174999999999994 26.175000000000004
10 0.5232655247909443 1.9919551506657316 29.185000000000006 29.184999999999995
11 0.47625367659913104 1.9270413341013193 31.659999999999993 31.659999999999986
12 0.4465901899862036 1.8781166457526308 33.60999999999998 33.61
13 0.4352691009464998 1.8496577640585137 35.61999999999998 35.61999999999998
14 0.4230015334086735 1.8299737072743207 37.135000000000005 37.13500000000002
15 0.40706313900666613 1.8394765706706122 38.420000000000016 38.42000000000002
16 0.40113023573237266 1.817845573042877 39.40999999999999 39.41
17 0.39723506706388323 1.8109073285207795 39.83000000000002 39.830000000000005
18 0.3943685775857585 1.8062788690929423 40.38499999999998 40.385
19 0.39196451933731136 1.8041723770366964 40.55999999999999 40.56000000000002
20 0.39050628645894087 1.8047524052422919 40.784999999999975 40.78500000000004
21 0.392057423913901 1.7979848993712306 41.070000000000036 41.07
22 0.3904687756407686 1.7970758314184037 41.15500000000002 41.155000000000015
23 0.3901966367226315 1.7962425191282998 41.29499999999998 41.295
24 0.38992160278745674 1.796343526678619 41.200000000000024 41.20000000000003
25 0.38461173582515046 1.7919244463523618 41.34499999999999 41.34500000000001
26 0.3850479094076653 1.7907881114113287 41.46999999999999 41.46999999999999
27 0.38286353077816476 1.790788111411329 41.464999999999996 41.46500000000001
28 0.3817500000000002 1.790586096310703 41.485 41.484999999999964
29 0.3842192218350754 1.7903335774349118 41.53499999999997 41.53500000000001
30 0.3829968060394889 1.7905608444231196 41.490000000000016 41.49000000000003
31 0.3809686411149826 1.790459836872807 41.489999999999995 41.49
32 0.3778217189314749 1.7920100502512577 41.48999999999998 41.49
33 0.3817926829268292 1.790452261306532 41.70500000000003 41.705000000000005
34 0.37927526132404205 1.7904271356783978 41.710000000000015 41.710000000000015
35 0.3751181765389084 1.7906281407035205 41.67999999999999 41.68000000000002
36 0.3796994773519164 1.7905778894472355 41.67999999999999 41.679999999999986
37 0.37848112659698 1.7904020100502505 41.73000000000002 41.730000000000004
38 0.37810046457607416 1.7904522613065306 41.71500000000002 41.71500000000001
39 0.3768603368176536 1.7904522613065326 41.70999999999999 41.710000000000015
40 0.3759756097560976 1.790477386934672 41.70999999999999 41.709999999999994
41 0.37745063879210194 1.7905778894472355 41.67999999999999 41.67999999999998
42 0.3780162601626016 1.7906532663316532 41.67999999999998 41.67999999999997
43 0.37691347270615566 1.7903768844221097 41.71499999999999 41.715
44 0.3779790940766551 1.7904271356783867 41.72 41.71999999999999
45 0.37709030197444854 1.7905025125628178 41.69499999999998 41.69500000000002
46 0.3773931475029034 1.7906532663316583 41.66999999999999 41.67000000000003
47 0.37700493612078956 1.7904020100502556 41.71500000000004 41.71500000000001
48 0.37572808898418686 1.7906532663316577 41.65999999999998 41.65999999999999
49 0.3804076655052264 1.790552763819092 41.690000000000005 41.69000000000001
50 0.3771335656213703 1.790326633165827 41.72999999999998 41.73
51 0.3791907665505228 1.7904271356783945 41.73499999999999 41.735000000000014
52 0.3787996515679442 1.7905276381909536 41.70000000000001 41.69999999999999
53 0.37879326364692206 1.7905778894472368 41.69 41.690000000000005
54 0.3816765389082464 1.7908793969849273 41.63499999999999 41.635000000000005
55 0.379166957026713 1.7904773869346777 41.70500000000001 41.704999999999984
56 0.38097880371660847 1.790477386934677 41.71499999999998 41.714999999999996
57 0.3804057223264538 1.7903015075376907 41.735 41.73499999999999
58 0.383726480836237 1.7903768844221057 41.72500000000001 41.725
59 0.3811794425087106 1.7903266331658254 41.73000000000004 41.73
60 0.3781631823461092 1.7905025125628162 41.69500000000001 41.695
61 0.37917653890824626 1.7905778894472366 41.690000000000005 41.69000000000002
62 0.3784709639953542 1.790653266331659 41.67500000000001 41.675
63 0.3773728222996516 1.790502512562816 41.70500000000001 41.70500000000002
64 0.37556329849012793 1.7904522613065341 41.714999999999996 41.71500000000002
65 0.3792134146341464 1.7906783919597968 41.66 41.65999999999998
66 0.3765084204413472 1.7906783919598033 41.66000000000001 41.65999999999997
67 0.37568147502903615 1.7906783919597973 41.660000000000025 41.65999999999997
68 0.3751443089430896 1.790653266331654 41.675000000000004 41.67500000000001
69 0.3791800232288037 1.7905025125628122 41.7 41.69999999999999
70 0.3781707317073172 1.790753768844224 41.655000000000015 41.65499999999998
