# index clusteringCoefficient averagePathLength inDegreeMean outDegreeMean
1 0.9377657234364553 4.410547564976014 1.6991869918699185 1.6991869918699203
2 0.8268999347163484 4.942561967541707 3.035 3.0349999999999993
3 0.7020663769392317 3.565731555088364 5.0200000000000005 5.020000000000001
4 0.677000958961133 3.675018184757129 7.759999999999999 7.760000000000009
5 0.6184157834532484 2.9888231833802803 11.775 11.775000000000011
6 0.5404482712588676 2.521340542914402 16.634999999999994 16.634999999999994
7 0.4606001668910678 2.184924120880563 21.379999999999985 21.37999999999999
8 0.387971011791438 2.0063579277864956 25.440000000000005 25.439999999999994
9 0.3448285301879912 1.9391941391941392 27.640000000000008 27.639999999999986
10 0.35114601650484045 1.9048127228714966 29.365000000000006 29.36499999999999
11 0.34680334901935295 1.8870350607772204 30.070000000000004 30.07000000000002
12 0.34370248963998973 1.8850887088503752 30.740000000000006 30.739999999999995
13 0.32756121700879787 1.8740657602734496 31.130000000000003 31.13
14 0.3300086256053303 1.869627324439457 31.22999999999999 31.230000000000008
15 0.32486335119999216 1.8626802353475955 31.764999999999986 31.765000000000004
16 0.3203096548612676 1.84803414055201 32.27999999999999 32.28
17 0.3205018939393941 1.8463170121966592 32.379999999999974 32.379999999999995
18 0.31794568670576734 1.8464180197469768 32.335 32.335000000000015
19 0.31539742179863145 1.8469095477386972 32.474999999999994 32.47499999999999
20 0.317358565493646 1.8465577889447244 32.5 32.49999999999996
21 0.31699138563049833 1.8451256281407042 32.52 32.51999999999998
22 0.3112148704789834 1.8394472361809082 32.654999999999994 32.655
23 0.310571847507331 1.8390954773869332 32.68 32.68
24 0.3114070136852396 1.838693467336682 32.69500000000001 32.695
25 0.31067051564027354 1.8384673366834179 32.664999999999985 32.66500000000002
26 0.3154548509286411 1.8398492462311598 32.690000000000005 32.68999999999998
27 0.30997403470185736 1.839472361809048 32.689999999999976 32.689999999999976
28 0.3121395405669598 1.8400502512562813 32.675 32.67499999999999
29 0.3080938416422287 1.8396231155778873 32.72499999999998 32.72500000000001
30 0.311593658357771 1.8396984924623123 32.73499999999999 32.73500000000004
31 0.3144367057673511 1.8401507537688429 32.68500000000002 32.685
32 0.3111342253176931 1.8399748743718578 32.695 32.69499999999999
33 0.3114699413489737 1.8396231155778902 32.66 32.659999999999975
34 0.3095036045943304 1.839597989949745 32.73000000000002 32.72999999999998
35 0.3125094696969695 1.8404522613065293 32.699999999999974 32.70000000000001
36 0.3110593841642226 1.8390954773869332 32.69000000000002 32.690000000000005
37 0.3090786901270769 1.8391457286432147 32.68999999999996 32.68999999999997
38 0.3090298142717495 1.8388944723618086 32.710000000000015 32.71
39 0.31366874389051813 1.8386934673366835 32.68999999999999 32.69000000000001
40 0.3090973240469207 1.8390954773869326 32.65499999999999 32.65499999999996
41 0.3095485092864123 1.8390954773869361 32.675000000000004 32.675000000000004
42 0.31020924975562036 1.8389195979899504 32.700000000000024 32.700000000000024
43 0.30969452590420327 1.8387185929648227 32.68999999999999 32.68999999999999
44 0.3117595307917886 1.8393216080402002 32.66000000000001 32.65999999999999
45 0.3135050097751707 1.8386934673366846 32.695 32.69500000000001
46 0.31143664467253207 1.8385427135678363 32.68499999999997 32.684999999999974
47 0.3103671798631476 1.8385427135678378 32.71 32.71000000000002
48 0.3111354472140764 1.839221105527636 32.67999999999997 32.67999999999999
49 0.31300922531769326 1.8389949748743708 32.73000000000002 32.729999999999976
50 0.3125980571847508 1.8394723618090456 32.68999999999998 32.68999999999999
51 0.3138187316715543 1.8395226130653282 32.75999999999998 32.76
52 0.3060767961876834 1.8390201005025104 32.73 32.72999999999997
53 0.31266251221896413 1.8399748743718645 32.704999999999984 32.70500000000002
54 0.31172959433040104 1.839296482412056 32.71000000000002 32.71
55 0.31295760019550334 1.840251256281406 32.674999999999976 32.67499999999998
56 0.3126560972629521 1.8404522613065335 32.67000000000004 32.67000000000002
57 0.3138098729227764 1.8399246231155797 32.67499999999998 32.67499999999997
58 0.3077165811339196 1.8383919597989884 32.73 32.73000000000003
59 0.3085043988269795 1.8395728643216076 32.69 32.68999999999999
60 0.3084805718475072 1.8386683417085434 32.72500000000003 32.72499999999999
61 0.31461357526881745 1.839070351758796 32.695000000000014 32.695
62 0.3127443792766374 1.8396984924623079 32.66999999999998 32.67000000000002
63 0.30734176441837713 1.8386934673366842 32.71 32.71
64 0.31355907869012734 1.8392713567839225 32.679999999999986 32.68000000000002
65 0.3097189638318671 1.8396733668341734 32.73000000000001 32.73000000000002
66 0.31228922287390026 1.8393216080402024 32.73499999999999 32.73500000000002
67 0.3095906647116323 1.8388944723618135 32.71999999999999 32.71999999999999
68 0.31210838220918885 1.8389698492462347 32.69500000000001 32.69499999999999
69 0.3109396383186704 1.8390954773869326 32.70000000000001 32.70000000000001
70 0.31112445014662765 1.8395979899497459 32.69500000000002 32.695000000000014
