# index clusteringCoefficient averagePathLength inDegreeMean outDegreeMean
1 0.9254874054705847 4.214674585498643 1.8617886178861796 1.861788617886179
2 0.8248687193555191 5.025291168821364 3.1350000000000007 3.1349999999999993
3 0.7213034155184141 3.268845773603562 5.360000000000001 5.360000000000001
4 0.6303799232602204 2.991898046772348 8.705000000000002 8.704999999999998
5 0.6067961252510704 2.60975609756097 11.7 11.699999999999996
6 0.5713608837343812 2.561649484536072 15.235000000000001 15.235000000000008
7 0.49931068771948517 2.252951191827477 19.439999999999994 19.44
8 0.4398656416829361 2.0614176559236843 24.685000000000016 24.685000000000006
9 0.4003836567790953 1.9367051793882033 28.520000000000007 28.520000000000017
10 0.3883083458440837 1.8915627794434775 31.159999999999997 31.159999999999997
11 0.38132389547848783 1.8687370817090059 32.755 32.755
12 0.37563453159041393 1.8858941170498933 33.29499999999999 33.29499999999999
13 0.3613366013071896 1.8755586980126802 33.780000000000015 33.779999999999994
14 0.3564358713182241 1.874397111184061 33.79999999999999 33.80000000000001
15 0.3525102707749766 1.8603318098027861 34.07499999999997 34.075
16 0.3438447245564894 1.8419989394207235 34.61999999999999 34.61999999999999
17 0.34367813651776513 1.8343231308055405 34.835 34.835
18 0.3417171466877347 1.8278767575250046 35.095000000000006 35.095
19 0.3395746965452848 1.832074947602334 35.225 35.22500000000001
20 0.33969301395771967 1.8276130653266318 35.469999999999985 35.47
21 0.3374383753501401 1.8228832605237242 35.540000000000006 35.53999999999999
22 0.3342917833800184 1.82748743718593 35.525 35.52499999999999
23 0.3309220354808591 1.8224623115577936 35.720000000000006 35.72000000000002
24 0.3331428571428568 1.8221859296482397 35.70500000000002 35.704999999999984
25 0.33434827264239025 1.8217085427135693 35.699999999999974 35.69999999999999
26 0.33436087768440687 1.8217839195979864 35.705000000000005 35.705000000000005
27 0.3344593837535013 1.822286432160804 35.679999999999986 35.679999999999986
28 0.33358076563958894 1.8218844221105528 35.69000000000001 35.69
29 0.3357394957983192 1.8224120603015053 35.69000000000002 35.689999999999976
30 0.33572922502334274 1.8222110552763813 35.68 35.680000000000035
31 0.33677684407096165 1.8218844221105557 35.684999999999995 35.68500000000001
32 0.3309547152194211 1.8218592964824127 35.705000000000005 35.705
33 0.33467320261437883 1.8216331658291458 35.71000000000002 35.70999999999998
34 0.338266106442577 1.8218341708542758 35.69000000000001 35.68999999999998
35 0.3353440285204989 1.8214070351758809 35.695000000000014 35.694999999999965
36 0.33708403361344547 1.8218090452261262 35.68000000000001 35.68000000000002
37 0.3343244631185809 1.8223115577889433 35.67499999999999 35.67500000000001
38 0.3343492063492067 1.8225125628140721 35.67 35.669999999999995
39 0.3377777777777776 1.8224120603015093 35.705000000000005 35.70500000000003
40 0.33690709617180176 1.8217839195979877 35.69500000000001 35.695
41 0.33535340802987873 1.8221105527638195 35.68500000000002 35.685
42 0.3340350140056026 1.8221859296482397 35.699999999999974 35.69999999999999
43 0.3339850606909431 1.8219346733668313 35.69500000000001 35.695
44 0.33342950513538727 1.822160804020096 35.67500000000001 35.675
45 0.3378207282913165 1.8213316582914558 35.73 35.73000000000001
46 0.33390242763772193 1.8220351758793956 35.67000000000001 35.67000000000001
47 0.3337217553688141 1.8224874371859312 35.68499999999999 35.68499999999997
48 0.3319000933706813 1.821834170854272 35.70499999999999 35.704999999999984
49 0.3398099906629314 1.8217336683417078 35.71000000000002 35.70999999999999
50 0.33537581699346375 1.8216080402010035 35.69500000000002 35.695
51 0.34040522875816975 1.8222864321608025 35.67 35.669999999999966
52 0.33047852474323053 1.8217085427135646 35.68 35.68000000000002
53 0.3373445378151261 1.8222864321608003 35.684999999999995 35.68499999999998
54 0.3314318394024276 1.8219346733668356 35.68499999999998 35.684999999999995
55 0.33602987861811373 1.821306532663315 35.740000000000016 35.739999999999995
56 0.3354531448943213 1.8217839195979928 35.710000000000015 35.71000000000001
57 0.3329267888973769 1.8222864321608048 35.694999999999965 35.695
58 0.3351195144724558 1.8218844221105512 35.710000000000015 35.71
59 0.33440149393090524 1.8224874371859303 35.635000000000026 35.63500000000001
60 0.337936507936508 1.8220100502512577 35.68499999999998 35.68499999999998
61 0.33673155929038245 1.821884422110554 35.704999999999984 35.70500000000001
62 0.3346344537815124 1.8215829145728626 35.70499999999999 35.70499999999999
63 0.333405695611578 1.821809045226135 35.68999999999998 35.689999999999955
64 0.33211484593837526 1.8222361809045198 35.63999999999999 35.64000000000001
65 0.33462091503267966 1.8216331658291465 35.714999999999996 35.71499999999999
66 0.3333225957049487 1.8220603015075363 35.68999999999998 35.68999999999997
67 0.3347903828197947 1.8216331658291443 35.69500000000001 35.695000000000014
68 0.3336143790849671 1.8218592964824099 35.71000000000003 35.70999999999999
69 0.3401148459383754 1.8218341708542698 35.73499999999998 35.73499999999999
70 0.3373151260504198 1.8216834170854257 35.70000000000005 35.70000000000001
