# index clusteringCoefficient averagePathLength inDegreeMean outDegreeMean
1 0.9398645070638342 4.733921352443944 1.7886178861788624 1.788617886178862
2 0.8028345417168545 4.678204488778066 2.9150000000000005 2.9150000000000014
3 0.7047003206547473 3.35682036858856 5.329999999999999 5.329999999999999
4 0.6678940980463801 3.714604493690364 8.495000000000006 8.495000000000001
5 0.641924954222836 2.8920112404656737 12.580000000000002 12.580000000000002
6 0.6030349241595065 2.4477124183006573 17.089999999999993 17.090000000000007
7 0.5500828592233579 2.1859725809656148 22.000000000000007 22.0
8 0.471204148720063 1.9729036092500525 27.560000000000002 27.559999999999988
9 0.4142309503295567 1.8880676379878762 31.155000000000005 31.154999999999998
10 0.3874516721441276 1.842612995109369 33.07500000000001 33.075000000000024
11 0.37589265439330893 1.8386712861336656 33.89000000000003 33.89
12 0.37103129514339694 1.8394042752623196 34.51999999999999 34.52000000000001
13 0.368493135993136 1.829848725492753 34.94999999999998 34.949999999999974
14 0.3649492412919831 1.8284463554887853 35.205000000000005 35.204999999999984
15 0.3602390715838992 1.8330171264485708 35.390000000000015 35.39000000000001
16 0.36096203346203354 1.8273933771421227 35.46500000000002 35.46500000000003
17 0.3584804804804806 1.822316711763946 35.604999999999976 35.60500000000002
18 0.35532344413378913 1.8328325042296933 35.925 35.92500000000002
19 0.3511628056628054 1.8165956686988278 36.16500000000001 36.16500000000002
20 0.349854568854569 1.822521699406123 36.155000000000015 36.15500000000001
21 0.3453301032124562 1.8271608040201013 36.349999999999994 36.35000000000001
22 0.34608944658944674 1.8224371859296489 36.544999999999995 36.545
23 0.34707657657657653 1.8183165829145729 36.68999999999997 36.68999999999999
24 0.3484590304590305 1.8184673366834156 36.669999999999966 36.66999999999998
25 0.3470411840411839 1.8178894472361802 36.724999999999994 36.72499999999998
26 0.34520999570999594 1.817311557788943 36.69500000000002 36.695
27 0.34806156156156115 1.817261306532662 36.675 36.67500000000001
28 0.3413884598884597 1.817085427135677 36.68999999999999 36.68999999999999
29 0.3452194337194332 1.8166080402010094 36.71 36.70999999999997
30 0.3448232518232517 1.8164321608040197 36.69999999999998 36.699999999999996
31 0.34127220077220066 1.8165829145728596 36.72499999999996 36.725
32 0.34564114114114086 1.816482412060303 36.70000000000002 36.70000000000001
33 0.3461048906048905 1.816482412060303 36.72499999999997 36.725
34 0.34754332904332896 1.8167587939698495 36.650000000000006 36.64999999999999
35 0.34714157014157027 1.8161557788944789 36.72000000000001 36.71999999999999
36 0.34245066495066495 1.8167587939698475 36.68 36.68000000000002
37 0.3460218790218788 1.8167839195979862 36.68999999999999 36.690000000000005
38 0.3445053625053622 1.8169095477386943 36.67499999999999 36.67500000000001
39 0.34476426426426415 1.816633165829145 36.665 36.665
40 0.3420371085371089 1.8161055276381872 36.734999999999985 36.735
41 0.3437522522522521 1.8162814070351734 36.705 36.704999999999984
42 0.344081295581296 1.8166080402010059 36.729999999999976 36.73000000000001
43 0.34389532389532385 1.8171356783919588 36.66500000000003 36.665
44 0.34301651651651655 1.8165326633165837 36.675000000000004 36.674999999999976
45 0.34518961818961813 1.8163819095477372 36.69500000000001 36.695
46 0.3469202059202056 1.8159798994974852 36.720000000000006 36.71999999999999
47 0.34202659802659796 1.8165075376884474 36.69000000000001 36.68999999999998
48 0.34063384813384845 1.8164070351758816 36.714999999999996 36.715
49 0.34283848133848105 1.81640703517588 36.714999999999996 36.714999999999996
50 0.3397938652938653 1.8165075376884414 36.680000000000014 36.67999999999999
51 0.3444611754611753 1.8167336683417092 36.699999999999996 36.69999999999998
52 0.34595645645645645 1.8168592964824095 36.68499999999998 36.685
53 0.3454794079794079 1.8167085427135685 36.67499999999999 36.67499999999998
54 0.34532504353092563 1.8172110552763827 36.650000000000006 36.65000000000003
55 0.34842042042042015 1.8170100502512556 36.74499999999999 36.745
56 0.343238524238524 1.8171356783919566 36.694999999999986 36.695
57 0.34566645216645236 1.81683417085427 36.644999999999975 36.64499999999999
58 0.34197490347490367 1.8166834170854242 36.680000000000014 36.680000000000014
59 0.34447082797082773 1.8166080402010123 36.71499999999997 36.71500000000003
60 0.3450047190047188 1.8165577889447215 36.675 36.67499999999998
61 0.34558258258258256 1.8164321608040142 36.710000000000036 36.70999999999998
62 0.3452947232947231 1.8163567839195962 36.71999999999994 36.71999999999999
63 0.3430233805233806 1.8163567839195969 36.72000000000001 36.720000000000006
64 0.34317739167739136 1.8163316582914601 36.68000000000002 36.67999999999999
65 0.34753517803517814 1.8171356783919599 36.68500000000002 36.684999999999995
66 0.344126555126555 1.816582914572863 36.725 36.724999999999966
67 0.3421996996996996 1.8165326633165848 36.680000000000014 36.68000000000001
68 0.34189382239382254 1.8166331658291444 36.730000000000025 36.729999999999976
69 0.3430975975975977 1.8164824120602985 36.72000000000001 36.71999999999999
70 0.3472582582582583 1.816708542713564 36.73999999999999 36.73999999999998
