# index clusteringCoefficient averagePathLength inDegreeMean outDegreeMean
1 0.924097563962997 4.4618141374196885 1.829268292682927 1.8292682926829267
2 0.8208638898425274 4.753335385878492 3.120000000000001 3.1199999999999997
3 0.7285191946657179 3.4813995062569116 5.244999999999999 5.245000000000004
4 0.6479940921101304 3.3097692685321496 8.124999999999998 8.124999999999996
5 0.6162483198087074 3.2076630398504817 11.775000000000004 11.774999999999999
6 0.5731229005214646 2.487460992907812 16.84 16.839999999999993
7 0.4846993532140615 2.198087358297957 21.63 21.62999999999999
8 0.41681250034561584 2.005129139762538 26.655000000000005 26.655000000000005
9 0.37917598166417643 1.9109016585518277 30.070000000000004 30.069999999999997
10 0.36073864375961373 1.8849577838430729 32.25499999999999 32.25499999999999
11 0.35224107871981425 1.8539124192390513 33.24000000000001 33.24
12 0.35219868804512744 1.8429712011835837 34.13000000000002 34.130000000000024
13 0.3521205858243863 1.8388388643726268 34.44999999999997 34.45000000000002
14 0.349295985060691 1.8327423921638655 34.759999999999984 34.759999999999984
15 0.3478454715219421 1.8324196741282162 34.98499999999999 34.98500000000002
16 0.34303567830294157 1.8327638190954745 35.205000000000005 35.205000000000005
17 0.33885320135959496 1.8328391959799002 35.285000000000025 35.28500000000002
18 0.3402422969187674 1.8323618090452276 35.300000000000004 35.3
19 0.3347298339625705 1.8276884422110538 35.38999999999997 35.39000000000001
20 0.3365649941135876 1.822638190954773 35.63999999999999 35.63999999999999
21 0.33567600373482726 1.822763819095475 35.65500000000001 35.65499999999999
22 0.33537229437229427 1.8216582914572872 35.73 35.73
23 0.3327474323062556 1.8220351758793967 35.73 35.73000000000001
24 0.3302385620915031 1.8218592964824092 35.700000000000024 35.699999999999974
25 0.33249388846447653 1.8216331658291458 35.71 35.709999999999994
26 0.3308646125116714 1.8217085427135689 35.70499999999999 35.704999999999984
27 0.3347946693829046 1.8215829145728637 35.72500000000003 35.724999999999994
28 0.3339789915966383 1.8220351758793933 35.70000000000003 35.7
29 0.33596651387827864 1.8220854271356792 35.69 35.68999999999999
30 0.33297712418300657 1.8220603015075396 35.719999999999985 35.720000000000006
31 0.3342661064425772 1.821834170854272 35.71500000000002 35.715
32 0.3326520668873607 1.822185929648244 35.70000000000001 35.69999999999995
33 0.3380765639589168 1.8222110552763815 35.69499999999998 35.695000000000014
34 0.33591316526610626 1.8218090452261302 35.69000000000002 35.690000000000005
35 0.3364140989729223 1.8222613065326647 35.68000000000003 35.679999999999964
36 0.33277124183006535 1.8218090452261306 35.715000000000046 35.715
37 0.3336722689075629 1.8220351758793967 35.72500000000001 35.72500000000001
38 0.3338272642390286 1.8216834170854264 35.710000000000036 35.71000000000001
39 0.33183893557423 1.8217839195979915 35.70500000000001 35.705
40 0.3372240896358542 1.8217336683417085 35.70000000000001 35.7
41 0.333767973856209 1.8217839195979915 35.71500000000001 35.715000000000025
42 0.33780158730158716 1.8218090452261324 35.70500000000003 35.705000000000005
43 0.33458870214752534 1.8215075376884429 35.739999999999995 35.74000000000001
44 0.3349129530600118 1.8213819095477373 35.71499999999998 35.715
45 0.3392334267040145 1.8217839195979904 35.70500000000001 35.705000000000005
46 0.3349421101774043 1.821984924623112 35.69999999999998 35.7
47 0.3340854341736696 1.8216331658291494 35.69999999999998 35.70000000000001
48 0.3346157796451913 1.8221356783919584 35.670000000000016 35.669999999999995
49 0.33399626517273584 1.82201005025126 35.67000000000001 35.66999999999999
50 0.3358496732026142 1.8217085427135657 35.69000000000003 35.69000000000001
51 0.3344089635854339 1.8218341708542678 35.67999999999999 35.680000000000014
52 0.3337189542483659 1.8216080402010064 35.704999999999984 35.705
53 0.33446825396825397 1.821959798994975 35.734999999999985 35.73500000000001
54 0.33330018674136325 1.821959798994975 35.67500000000001 35.67499999999999
55 0.33552987861811373 1.8220603015075363 35.69999999999999 35.69999999999998
56 0.3349943977591037 1.8214824120603021 35.73 35.73000000000001
57 0.33384220354808597 1.82178391959799 35.68999999999998 35.69
58 0.3355732959850606 1.8219346733668356 35.67499999999999 35.675000000000004
59 0.3366671335200742 1.8217336683417078 35.69500000000001 35.694999999999986
60 0.3343524743230627 1.8217085427135677 35.71000000000001 35.71000000000001
61 0.3348786181139123 1.8216582914572799 35.695 35.69499999999999
62 0.33491643323996223 1.821959798994974 35.72499999999998 35.72500000000001
63 0.3354201680672266 1.821934673366832 35.72000000000002 35.72000000000002
64 0.33474509803921565 1.8219095477386926 35.69000000000004 35.68999999999998
65 0.33705275443510724 1.8218341708542731 35.71000000000001 35.709999999999994
66 0.33296125116713343 1.821783919597987 35.70500000000001 35.705
67 0.3356447245564892 1.8218844221105535 35.72499999999999 35.72500000000001
68 0.3362619047619048 1.821633165829145 35.72499999999995 35.72500000000002
69 0.33144728800611145 1.8222864321608065 35.694999999999986 35.695
70 0.3362114845938372 1.8221356783919593 35.650000000000006 35.649999999999984
