# index clusteringCoefficient averagePathLength inDegreeMean outDegreeMean
1 0.911346518105298 4.541094268119363 1.7560975609756102 1.7560975609756109
2 0.8151106428550733 4.637074846157508 2.87 2.8700000000000014
3 0.7371985616443553 3.6146296030950005 4.935000000000003 4.934999999999999
4 0.6352603699027756 2.692750475156122 8.669999999999998 8.669999999999995
5 0.6069594707193157 2.804783012797591 12.145000000000008 12.145000000000003
6 0.5438767688707487 2.5960425664041695 16.779999999999998 16.780000000000015
7 0.4865152076678035 2.240865148287707 21.225000000000016 21.224999999999987
8 0.4384116985289526 2.075590080669252 24.815000000000005 24.814999999999994
9 0.42646968952437886 1.9763536208518075 27.784999999999982 27.785000000000004
10 0.39221156251217226 1.9133711952681314 30.269999999999996 30.270000000000003
11 0.370786726082253 1.853250628140697 32.31500000000002 32.31499999999999
12 0.35662199197860955 1.8478733875563376 33.080000000000005 33.07999999999998
13 0.3460363544978111 1.8442729109464862 33.09499999999999 33.095000000000006
14 0.33884014514896876 1.842520293776576 33.28000000000001 33.28000000000001
15 0.33623626496052983 1.8315044610809164 33.705000000000005 33.705
16 0.33513308505220296 1.8351352723212024 34.11500000000001 34.11500000000001
17 0.3349017061370002 1.8353383077001182 34.08000000000001 34.079999999999984
18 0.3326261777438249 1.829423499406577 34.51000000000001 34.509999999999984
19 0.32942271454036165 1.8288693467336687 34.69499999999999 34.695
20 0.32706391647568156 1.827864321608044 34.68499999999999 34.68499999999999
21 0.3236480774127836 1.8282914572864348 34.690000000000005 34.69
22 0.3253473389355742 1.8280402010050207 34.65999999999999 34.65999999999999
23 0.32571963330786874 1.8278140703517585 34.680000000000035 34.67999999999999
24 0.3237397504456328 1.8277638190954781 34.680000000000014 34.67999999999998
25 0.3273547237076647 1.827989949748746 34.62499999999998 34.625000000000014
26 0.3274744079449964 1.8274874371859282 34.674999999999976 34.675
27 0.3253600713012483 1.8271608040201013 34.68999999999999 34.69000000000001
28 0.3234349376114085 1.8272864321608036 34.67500000000001 34.67500000000001
29 0.3227137764196587 1.8269849246231156 34.69999999999999 34.699999999999996
30 0.3245136236312705 1.8269346733668341 34.714999999999975 34.715
31 0.3230124777183605 1.827361809045224 34.65500000000003 34.65499999999997
32 0.3252487904252612 1.826884422110555 34.68000000000001 34.67999999999999
33 0.32344792462439537 1.8269597989949748 34.68500000000003 34.68499999999999
34 0.3261591545709197 1.8273618090452246 34.700000000000024 34.7
35 0.32370129870129843 1.8275376884422136 34.67500000000002 34.67499999999998
36 0.32476597911892063 1.8269346733668352 34.70000000000001 34.70000000000001
37 0.32451973516679394 1.8270100502512563 34.67500000000001 34.67499999999999
38 0.3265436720142602 1.827085427135677 34.64 34.63999999999999
39 0.3285755029284442 1.8273115577889403 34.67000000000001 34.669999999999995
40 0.3220150401069521 1.8267336683417041 34.73499999999998 34.735000000000035
41 0.32490578049401586 1.8274371859296512 34.664999999999985 34.664999999999985
42 0.32483346065699 1.827135678391962 34.68500000000001 34.68499999999998
43 0.3253335879806466 1.82721105527638 34.69499999999998 34.69499999999998
44 0.32711510058568893 1.8277135678391956 34.71999999999998 34.72000000000002
45 0.3256554621848739 1.8277386934673359 34.690000000000005 34.68999999999999
46 0.32409039979628224 1.8273618090452266 34.68499999999999 34.685
47 0.32541380188439006 1.827587939698493 34.66499999999998 34.665000000000006
48 0.3231049146931501 1.8273115577889418 34.64000000000001 34.64
49 0.3232475171886936 1.8271105527638205 34.71000000000001 34.709999999999994
50 0.32485357779475466 1.8269346733668357 34.710000000000015 34.70999999999999
51 0.3245059842118664 1.8270603015075413 34.700000000000024 34.70000000000001
52 0.3216730328495034 1.8268592964824124 34.73 34.73000000000001
53 0.32198726763432634 1.826658291457288 34.695000000000014 34.69500000000002
54 0.32501476954418157 1.8268844221105491 34.64499999999999 34.64499999999998
55 0.32306035141329253 1.826859296482413 34.68999999999999 34.69
56 0.32177871148459375 1.8268341708542706 34.695 34.695
57 0.3238635090399796 1.8266582914572829 34.68000000000002 34.67999999999998
58 0.3238026483320603 1.8268592964824106 34.67999999999997 34.67999999999997
59 0.3223985230455817 1.8269346733668297 34.70500000000001 34.705
60 0.32193964858670765 1.826557788944721 34.725 34.725000000000016
61 0.31987573211102627 1.8270854271356791 34.615 34.615
62 0.3250095333587984 1.8275376884422119 34.654999999999994 34.65500000000001
63 0.32111713776419676 1.8270854271356747 34.66500000000002 34.66499999999999
64 0.32124089635854314 1.826984924623119 34.664999999999985 34.66499999999997
65 0.3245131143366439 1.8270351758793963 34.66000000000001 34.65999999999998
66 0.32352635599694407 1.827236180904518 34.65999999999998 34.660000000000004
67 0.32419174942704365 1.827160804020102 34.669999999999966 34.66999999999999
68 0.32314209320091686 1.827085427135677 34.65 34.64999999999999
69 0.32362083015024207 1.8271105527638227 34.694999999999986 34.695
70 0.3236702317290552 1.8267587939698475 34.66999999999999 34.66999999999999
