# index clusteringCoefficient averagePathLength inDegreeMean outDegreeMean
1 0.9398474412931535 4.535723114956725 1.7886178861788622 1.7886178861788617
2 0.8088183231090013 4.962916902204678 3.0700000000000003 3.069999999999998
3 0.7309421731585991 2.927043281080555 4.864999999999999 4.865000000000002
4 0.6284475137574899 3.368512243955024 8.574999999999996 8.574999999999996
5 0.6195192279132704 2.7760102142930947 12.215000000000007 12.214999999999998
6 0.5412321372912307 2.383079348397276 17.349999999999994 17.350000000000005
7 0.46528571629344967 2.14122229684352 22.935000000000002 22.935000000000002
8 0.41639536582875936 1.9753671613956068 27.645000000000003 27.64500000000002
9 0.3703125441682542 1.8957893109313 30.87000000000001 30.870000000000008
10 0.3533933627227699 1.8652098878229528 33.16499999999997 33.16500000000001
11 0.35682688354761394 1.8463234540047198 34.13999999999999 34.140000000000015
12 0.3538338001867413 1.8447057623141083 34.429999999999986 34.429999999999986
13 0.3501895424836598 1.842971201183586 34.45499999999999 34.455
14 0.3489477124183006 1.8379460755554415 34.62 34.61999999999998
15 0.3495457516339867 1.8325383261485113 34.80000000000002 34.799999999999976
16 0.34614582802818084 1.8277427747876422 34.940000000000005 34.94000000000001
17 0.3446003734827264 1.8269520189781365 34.974999999999994 34.97500000000004
18 0.34431465919701215 1.8217875089734408 34.955000000000005 34.955
19 0.3403893557422969 1.8273437896553466 35.18 35.180000000000014
20 0.33624836601307173 1.8216207943269647 35.17999999999999 35.18
21 0.34038655462184864 1.8219779098538347 35.16500000000001 35.16500000000001
22 0.3361029058087881 1.8274623115577908 35.485000000000014 35.48499999999999
23 0.3381512605042019 1.822075200121209 35.51 35.51
24 0.33667413632119486 1.8218226812454206 35.51500000000001 35.515
25 0.3369878618113912 1.8270603015075373 35.495000000000005 35.495000000000005
26 0.3391461251167131 1.8266582914572853 35.545000000000016 35.54500000000002
27 0.3336325863678804 1.821746925582687 35.50999999999999 35.51000000000003
28 0.33535356364768115 1.822185929648239 35.645 35.64500000000001
29 0.33539028944911287 1.8216582914572865 35.690000000000026 35.68999999999996
30 0.33549719887955165 1.8218844221105541 35.69000000000001 35.689999999999976
31 0.33786227824463083 1.8222110552763848 35.664999999999985 35.664999999999985
32 0.33450046685340806 1.8222110552763842 35.67 35.669999999999995
33 0.3365238095238094 1.821834170854272 35.67500000000004 35.675000000000004
34 0.3351069094304387 1.8219597989949792 35.70000000000001 35.69999999999998
35 0.3329831932773108 1.8218592964824127 35.660000000000004 35.659999999999975
36 0.33601167133520093 1.821281407035177 35.72499999999999 35.725000000000016
37 0.3357404295051353 1.8214572864321612 35.71500000000001 35.71500000000002
38 0.3360112044817925 1.8216834170854301 35.72500000000001 35.725
39 0.33535014005602215 1.8214321608040223 35.69999999999999 35.69999999999996
40 0.33211297852474286 1.8224623115577905 35.66000000000002 35.65999999999998
41 0.3349859943977592 1.8221105527638206 35.72500000000001 35.724999999999994
42 0.3390176555470675 1.8223618090452236 35.69499999999997 35.695
43 0.34075303454715233 1.8223618090452272 35.724999999999994 35.725
44 0.3387763772175535 1.8224623115577883 35.690000000000005 35.690000000000005
45 0.3378697478991595 1.822286432160804 35.715 35.71500000000002
46 0.3399481792717085 1.822587939698491 35.71500000000001 35.715
47 0.3373963585434175 1.8222361809045204 35.69500000000002 35.69500000000001
48 0.3359159663865542 1.8220351758793984 35.68999999999997 35.689999999999976
49 0.3375368814192342 1.8226633165829167 35.664999999999985 35.66499999999999
50 0.3356923436041084 1.8221356783919613 35.69500000000001 35.695
51 0.33765312791783375 1.8218844221105506 35.714999999999975 35.71500000000001
52 0.33500746965452827 1.8220100502512577 35.705000000000005 35.704999999999984
53 0.3358283252695016 1.8219597989949705 35.70000000000001 35.70000000000001
54 0.3353352007469656 1.8219095477386935 35.69499999999999 35.695000000000036
55 0.3368431372549017 1.8214572864321612 35.72500000000001 35.72500000000001
56 0.3386353874883284 1.821683417085427 35.75000000000002 35.749999999999986
57 0.33483380018674114 1.8218090452261335 35.72999999999999 35.73
58 0.33202194211017727 1.8213065326633173 35.70000000000001 35.69999999999998
59 0.3346909430438839 1.821582914572868 35.70000000000001 35.69999999999998
60 0.3331605975723621 1.8215829145728666 35.70500000000001 35.705000000000005
61 0.33275256769374423 1.822185929648244 35.64999999999999 35.65
62 0.33734547152194205 1.8221356783919591 35.65000000000001 35.650000000000006
63 0.336482726423903 1.8224371859296493 35.69499999999999 35.69500000000001
64 0.33381746031746057 1.8217336683417116 35.68500000000003 35.68499999999998
65 0.3361914098972921 1.8216080402010084 35.70999999999998 35.71
66 0.3361134453781509 1.8218090452261313 35.67499999999999 35.67499999999999
67 0.33576610644257704 1.821658291457286 35.67000000000001 35.67
68 0.3361704014939306 1.8218341708542742 35.700000000000024 35.69999999999998
69 0.33465406162464995 1.8218090452261329 35.695 35.695000000000014
70 0.3342908496732022 1.8216080402010042 35.715 35.71500000000003
