# index clusteringCoefficient averagePathLength inDegreeMean outDegreeMean
1 0.9231520508369447 4.962711069418385 1.6666666666666665 1.6666666666666665
2 0.8117902417922578 4.837925445705013 2.9399999999999995 2.9400000000000004
3 0.7361011339958466 3.529609630875456 4.955000000000002 4.954999999999999
4 0.6903241759776694 4.50380693708531 7.554999999999998 7.554999999999998
5 0.6501980283456429 3.5409066443394566 11.274999999999999 11.274999999999997
6 0.5855192465636199 2.6565256574814815 15.974999999999996 15.974999999999998
7 0.515221939933401 2.302358352609617 20.655000000000005 20.655000000000005
8 0.4614661065044244 2.0312717164697682 25.18499999999999 25.18500000000001
9 0.39396603528874735 1.9224449643730728 27.859999999999996 27.860000000000003
10 0.34470822212497615 1.883846314907874 29.235 29.23500000000001
11 0.32744744099986056 1.8647951800889233 29.74000000000001 29.740000000000002
12 0.3189117745667384 1.8622600180389126 30.305 30.305
13 0.3109676908057748 1.8541438155243222 31.020000000000007 31.019999999999992
14 0.3104347480768412 1.8481748845751564 31.174999999999983 31.175000000000008
15 0.309776209677419 1.847266636211359 31.37999999999999 31.379999999999995
16 0.31061223118279546 1.8472158773666314 31.405 31.405000000000005
17 0.30622784876413883 1.8475125628140712 31.630000000000006 31.629999999999992
18 0.30459739988876505 1.8460552763819102 31.68500000000001 31.684999999999985
19 0.30129838709677403 1.8459798994974863 31.664999999999985 31.66499999999999
20 0.3010141129032259 1.8452512562814056 31.63000000000001 31.629999999999995
21 0.29858602150537616 1.8462814070351774 31.665 31.664999999999992
22 0.30055309139784964 1.8456281407035176 31.669999999999998 31.67000000000001
23 0.29976478494623643 1.8456783919598012 31.674999999999997 31.675000000000008
24 0.2985564516129034 1.8456783919598017 31.664999999999992 31.665000000000006
25 0.3000887096774197 1.8456783919597968 31.7 31.700000000000014
26 0.30460416666666673 1.845628140703515 31.699999999999985 31.700000000000003
27 0.30155376344086027 1.8460552763819063 31.71999999999998 31.719999999999985
28 0.3007862903225807 1.8458040201005026 31.69000000000002 31.689999999999994
29 0.2995658602150539 1.846030150753763 31.659999999999993 31.660000000000004
30 0.3010396505376345 1.8463065326633192 31.705000000000005 31.705000000000005
31 0.3037560483870965 1.845703517587939 31.675000000000008 31.675
32 0.3025625000000004 1.8463316582914608 31.67 31.670000000000005
33 0.29886088709677405 1.8457286432160833 31.65 31.650000000000002
34 0.29792781331108636 1.8449748743718637 31.68 31.67999999999999
35 0.2987197580645163 1.8447738693467366 31.68499999999999 31.685000000000006
36 0.2973279569892473 1.8451507537688443 31.709999999999997 31.71
37 0.2985577956989248 1.845678391959799 31.72999999999999 31.729999999999983
38 0.30433198924731186 1.845778894472363 31.700000000000003 31.69999999999999
39 0.30081854838709715 1.845979899497489 31.695000000000007 31.695000000000004
40 0.3021081989247309 1.8452763819095503 31.714999999999996 31.714999999999993
41 0.298924059139785 1.845201005025122 31.694999999999997 31.694999999999993
42 0.2971868279569893 1.8449999999999995 31.70000000000001 31.699999999999992
43 0.300293010752688 1.84527638190955 31.685000000000002 31.685000000000002
44 0.30063373655913966 1.8450251256281422 31.680000000000003 31.679999999999993
45 0.3013548387096779 1.8446231155778894 31.749999999999996 31.74999999999999
46 0.3032681451612902 1.8449497487437185 31.705 31.70500000000001
47 0.29898319892473085 1.8452763819095526 31.660000000000004 31.66000000000001
48 0.2986256720430107 1.8457035175879413 31.675000000000008 31.67499999999999
49 0.3008387096774196 1.8459296482412026 31.71999999999999 31.719999999999995
50 0.30273252688172053 1.8458793969849245 31.665 31.665
51 0.3024872311827955 1.8468844221105571 31.69 31.689999999999998
52 0.30077016129032264 1.8445477386934659 31.745000000000015 31.745
53 0.3015658602150537 1.8469597989949749 31.665000000000006 31.665
54 0.3038400537634409 1.8459798994974892 31.689999999999984 31.68999999999999
55 0.3060504032258064 1.8465829145728658 31.675000000000022 31.67499999999999
56 0.29896505376344085 1.845351758793972 31.700000000000014 31.700000000000014
57 0.2997634408602151 1.8458542713567831 31.674999999999986 31.674999999999994
58 0.2991431451612904 1.8446733668341724 31.674999999999994 31.67499999999999
59 0.3014516129032256 1.8450753768844206 31.695000000000007 31.694999999999997
60 0.3007587365591397 1.845351758793971 31.730000000000008 31.72999999999999
61 0.30076881720430115 1.8454522613065327 31.70999999999999 31.709999999999994
62 0.29781115591397844 1.844974874371857 31.680000000000007 31.679999999999993
63 0.303592069892473 1.8454522613065323 31.655 31.654999999999994
64 0.3008857526881719 1.8450000000000044 31.70499999999998 31.705
65 0.3004159946236559 1.844597989949748 31.705 31.704999999999995
66 0.29980309139784933 1.8452512562814092 31.720000000000002 31.72
67 0.3009482526881719 1.8458542713567831 31.694999999999997 31.694999999999997
68 0.29741263440860205 1.8456030150753757 31.699999999999978 31.69999999999999
69 0.3013595198368559 1.8458040201005017 31.675000000000015 31.67499999999999
70 0.2992106043752316 1.8456281407035209 31.684999999999988 31.68499999999998
