# index clusteringCoefficient averagePathLength inDegreeMean outDegreeMean
1 0.932131657135591 4.578811369509049 1.699186991869919 1.6991869918699194
2 0.807899510441886 4.057313642756676 2.9200000000000017 2.9200000000000013
3 0.7353502927858265 3.388178279176931 4.749999999999999 4.750000000000003
4 0.6520546684176813 3.4219182414801894 7.830000000000001 7.829999999999996
5 0.6163913357045958 3.111157894736846 11.165000000000001 11.164999999999997
6 0.5607751117207669 2.594317109717528 15.610000000000001 15.610000000000001
7 0.4570375292076374 2.261990853982778 20.525000000000002 20.525000000000002
8 0.3970186873755405 2.0557460284226163 24.17999999999999 24.18
9 0.34290844001359433 1.960675170725422 26.525000000000006 26.524999999999988
10 0.31716547001120704 1.9224294059128129 27.76999999999999 27.770000000000003
11 0.31906247768972656 1.8984516491084882 28.775000000000006 28.775000000000023
12 0.31132962550982596 1.8832038982792751 29.560000000000002 29.559999999999995
13 0.31232332220986314 1.8805276381909548 29.960000000000004 29.960000000000008
14 0.30424879495735985 1.8691194666801343 30.065000000000005 30.064999999999987
15 0.3024047883892157 1.8690689629049797 30.03 30.029999999999998
16 0.2968294401186503 1.8632862806494792 30.245000000000008 30.245000000000008
17 0.29843121987393384 1.8628569985606431 30.22500000000001 30.225000000000005
18 0.3008253615127919 1.8621246938208653 30.26999999999999 30.269999999999992
19 0.2952571375602519 1.8632160804020093 30.345000000000006 30.345000000000006
20 0.2884126807563962 1.8558040201005033 30.565 30.564999999999994
21 0.2940936225435671 1.8548743718592984 30.61 30.609999999999996
22 0.29025741564701546 1.8528643216080387 30.584999999999997 30.584999999999983
23 0.28969804412309996 1.852487437185932 30.635 30.634999999999998
24 0.2900951174438381 1.8515577889447237 30.710000000000015 30.71
25 0.2919959213941416 1.8515326633165832 30.730000000000008 30.73
26 0.29203559510567323 1.8524623115577896 30.69000000000001 30.68999999999999
27 0.293998146088246 1.8528140703517582 30.675000000000008 30.675
28 0.292773081201335 1.8536432160804035 30.664999999999985 30.664999999999996
29 0.29491286614757145 1.8527135678391953 30.689999999999994 30.689999999999998
30 0.29333296255098246 1.8522864321608041 30.675000000000004 30.674999999999994
31 0.29478420467185784 1.852286432160806 30.71499999999999 30.715000000000007
32 0.2961216166110492 1.8517085427135664 30.69 30.69
33 0.29124212087504603 1.8523115577889468 30.674999999999994 30.675
34 0.29424100852799406 1.852914572864323 30.699999999999996 30.699999999999996
35 0.2943967371153133 1.8520351758793967 30.705000000000005 30.70500000000001
36 0.29405265109380785 1.8523115577889446 30.689999999999994 30.69
37 0.2923281423804227 1.8517085427135687 30.699999999999996 30.700000000000006
38 0.2934505005561736 1.8515829145728657 30.715000000000003 30.715000000000003
39 0.2959050797182054 1.8531407035175909 30.68500000000001 30.685000000000002
40 0.2911805710048203 1.8513819095477402 30.715000000000003 30.714999999999986
41 0.29193029291805694 1.852010050251257 30.730000000000008 30.729999999999997
42 0.28838450129773824 1.8520854271356777 30.695 30.695000000000007
43 0.2906614757137557 1.8525125628140726 30.674999999999983 30.67500000000001
44 0.2898175750834259 1.8525628140703518 30.68000000000001 30.679999999999996
45 0.29144493882091227 1.8529396984924613 30.699999999999996 30.70000000000001
46 0.2940489432703004 1.8527135678391975 30.65000000000001 30.65
47 0.28915943641082686 1.8509547738693453 30.709999999999997 30.710000000000008
48 0.2914319614386357 1.8507788944723647 30.654999999999998 30.654999999999994
49 0.290052280311457 1.8515577889447254 30.7 30.699999999999992
50 0.29050574712643684 1.852035175879397 30.684999999999995 30.685
51 0.29411308861698193 1.8523618090452225 30.65000000000001 30.65000000000001
52 0.29013941416388594 1.8520351758793947 30.66500000000001 30.665
53 0.2931661104931407 1.8518592964824103 30.694999999999986 30.695
54 0.29245977011494245 1.8519849246231177 30.704999999999995 30.704999999999995
55 0.29055691509084186 1.8518844221105535 30.7 30.7
56 0.28998591027067133 1.8523366834170851 30.720000000000002 30.720000000000002
57 0.29248720800889905 1.8525125628140697 30.74000000000001 30.740000000000016
58 0.2951573441389902 1.8540201005025112 30.665 30.665000000000006
59 0.2951654748662534 1.8521105527638184 30.744999999999994 30.744999999999997
60 0.2938720800889877 1.8526633165829116 30.705000000000005 30.705
61 0.2958657767890247 1.852386934673368 30.729999999999997 30.729999999999993
62 0.29206488691138316 1.8525879396984928 30.68 30.680000000000003
63 0.2941227289581014 1.8529648241206038 30.694999999999983 30.695
64 0.29233926585094566 1.851683417085427 30.68 30.680000000000003
65 0.2907552836484985 1.8517336683417114 30.67999999999999 30.67999999999999
66 0.29262699295513506 1.8516331658291436 30.709999999999994 30.710000000000004
67 0.2909710789766407 1.850753768844224 30.715000000000003 30.714999999999996
68 0.29367704857248833 1.8514321608040194 30.714999999999996 30.715
69 0.2932706711160549 1.8525376884422111 30.720000000000006 30.72
70 0.2905057471264367 1.852587939698491 30.684999999999995 30.685000000000006
