# index clusteringCoefficient averagePathLength inDegreeMean outDegreeMean
1 0.9163515663852082 4.388542665388269 1.9105691056910574 1.9105691056910565
2 0.8015510018589568 4.415800415800413 3.25 3.2500000000000013
3 0.7017047799129016 3.7267505646982944 4.914999999999999 4.915000000000001
4 0.6382816625272932 3.178203571267931 7.5550000000000015 7.555000000000003
5 0.5917379405466762 3.301025219798612 10.719999999999999 10.719999999999995
6 0.5163238552398748 2.631240299139263 14.635000000000003 14.634999999999996
7 0.4460884436414815 2.2068757207974197 19.110000000000007 19.109999999999996
8 0.37424318699168374 2.0424462739227827 22.52500000000001 22.525000000000002
9 0.34720413527336363 1.9331081993786288 25.205000000000005 25.205000000000005
10 0.33920585849731494 1.9212464438595096 26.48 26.480000000000008
11 0.33148342519549423 1.8932255663086248 27.30000000000001 27.3
12 0.31781937602627236 1.8983378430614626 28.04500000000001 28.044999999999998
13 0.31246346469622316 1.8923224369269007 28.1 28.099999999999998
14 0.31309770114942526 1.88939595938878 28.415000000000003 28.414999999999996
15 0.3062922077922078 1.8772433596554192 28.764999999999986 28.76499999999999
16 0.302243842364532 1.8696800328171461 28.970000000000006 28.97
17 0.2953617704134945 1.875336277346326 29.075000000000003 29.074999999999996
18 0.292263629729147 1.8686361098421396 29.224999999999998 29.224999999999998
19 0.2898169129720853 1.863311532537056 29.510000000000005 29.509999999999998
20 0.2883883415435141 1.8610136107674062 29.57500000000001 29.574999999999996
21 0.2911026272577996 1.860786343779199 29.534999999999997 29.534999999999982
22 0.28515763546798056 1.8607105881164587 29.500000000000007 29.500000000000004
23 0.28639573070607555 1.8602308022524672 29.58000000000001 29.57999999999999
24 0.28348029556650267 1.8593974899623769 29.575000000000014 29.574999999999996
25 0.28756239737274225 1.8602308022524676 29.560000000000016 29.56
26 0.28662315270935995 1.8610641145425628 29.550000000000004 29.55000000000001
27 0.28798932676518907 1.8602055503648913 29.54499999999999 29.54500000000001
28 0.2864121510673237 1.8611146183177192 29.54 29.53999999999998
29 0.28683087027914633 1.8606095805661513 29.555000000000007 29.554999999999993
30 0.28532594417077156 1.859874371859295 29.689999999999994 29.689999999999998
31 0.28717980295566514 1.8599748743718594 29.715 29.715000000000003
32 0.2853645320197043 1.860376884422112 29.679999999999993 29.68
33 0.2866814449917897 1.8599999999999985 29.68999999999999 29.689999999999994
34 0.2881018062397373 1.8601758793969865 29.71000000000001 29.71
35 0.284923097974822 1.860075376884423 29.715 29.714999999999996
36 0.28698111658456493 1.8602261306532648 29.715000000000003 29.714999999999996
37 0.2852660098522168 1.8603517587939689 29.674999999999997 29.675000000000004
38 0.28628899835796395 1.8613316582914554 29.67499999999999 29.674999999999994
39 0.2853752052545156 1.8604773869346718 29.68999999999999 29.69
40 0.28605911330049244 1.860703517587939 29.694999999999993 29.695000000000004
41 0.2885000000000003 1.8597487437185904 29.730000000000004 29.729999999999997
42 0.28472085385878493 1.8585175879396962 29.67000000000001 29.67
43 0.28451559934318554 1.8594723618090416 29.689999999999998 29.69000000000001
44 0.2867512315270934 1.8597236180904522 29.695000000000004 29.694999999999997
45 0.2871617405582922 1.8600251256281422 29.705000000000005 29.705000000000002
46 0.2864228243021343 1.8595728643216085 29.695 29.69500000000001
47 0.2850213464696225 1.8590954773869346 29.715000000000007 29.714999999999996
48 0.2863908045977011 1.8605276381909555 29.68500000000002 29.685000000000006
49 0.2871789819376026 1.8611809045226124 29.705000000000005 29.705
50 0.28538916256157665 1.8606281407035157 29.694999999999993 29.69499999999999
51 0.2882824302134648 1.859547738693468 29.71499999999999 29.715000000000007
52 0.28704187192118197 1.8593216080401995 29.67999999999999 29.680000000000014
53 0.28502627257799684 1.8598241206030144 29.68499999999999 29.684999999999995
54 0.287711001642036 1.8622361809045223 29.655 29.654999999999998
55 0.2851083743842364 1.8610552763819117 29.654999999999998 29.654999999999994
56 0.28650556467797866 1.860954773869346 29.74500000000001 29.745000000000005
57 0.2870952380952387 1.859422110552766 29.674999999999994 29.675
58 0.28874466338259464 1.8603266331658284 29.68 29.680000000000003
59 0.2848653530377668 1.8599246231155764 29.709999999999987 29.709999999999997
60 0.28630541871921217 1.8613819095477402 29.715000000000007 29.715
61 0.2836165845648603 1.8602763819095463 29.70500000000001 29.704999999999984
62 0.27991461412151053 1.86 29.70500000000002 29.704999999999988
63 0.28312889983579637 1.86100502512563 29.714999999999996 29.715000000000003
64 0.2854374201787991 1.860301507537692 29.695 29.694999999999993
65 0.28625041050903105 1.8595728643216087 29.679999999999996 29.680000000000014
66 0.28633087027914605 1.8614572864321615 29.65500000000001 29.654999999999994
67 0.28688013136288976 1.8607788944723636 29.70000000000001 29.7
68 0.2894794745484398 1.8605527638190973 29.68499999999999 29.685
69 0.28388505747126425 1.8601507537688449 29.67499999999999 29.675000000000004
70 0.28313136288998364 1.8591457286432194 29.7 29.7
