# index clusteringCoefficient averagePathLength inDegreeMean outDegreeMean
1 0.9373569046130023 4.576317761678741 1.6747967479674795 1.6747967479674795
2 0.8267014968537904 4.8295865541451 3.0750000000000006 3.075
3 0.7057928808409603 4.000000000000001 4.6949999999999985 4.695000000000003
4 0.6608541573787059 3.6235868863049094 7.049999999999998 7.050000000000005
5 0.6025871906423662 2.8599953018557747 10.965 10.965000000000003
6 0.5431367984172564 2.5719896043892527 15.175 15.174999999999999
7 0.46371002811681306 2.1969074454500173 20.42000000000001 20.419999999999995
8 0.42054849364499725 2.0135556721238808 24.130000000000003 24.129999999999992
9 0.37210251193663846 1.909606656580937 27.57999999999999 27.579999999999995
10 0.35710131824870245 1.8820573533280722 29.655 29.65500000000001
11 0.349048450945302 1.8770536620928504 30.609999999999996 30.610000000000003
12 0.3425857934433496 1.8676112521369717 30.884999999999998 30.88500000000001
13 0.33116433843278403 1.8539621182837263 31.379999999999985 31.38
14 0.327234789533707 1.8524766690595866 31.665 31.665000000000006
15 0.32305205278592375 1.8527408616687524 31.804999999999993 31.805000000000007
16 0.3210570067788688 1.84562405938321 32.04000000000001 32.04000000000001
17 0.32079302820835065 1.8462514593167823 32.14999999999999 32.14999999999999
18 0.3199001099706743 1.8452616618445745 32.235 32.23500000000001
19 0.31610681992738476 1.8459296482412075 32.48 32.47999999999999
20 0.30812816630541034 1.8397989949748759 32.64499999999999 32.64499999999999
21 0.3118594208211144 1.8390452261306525 32.69500000000001 32.695
22 0.31292430351906186 1.8392462311557778 32.705000000000005 32.705000000000005
23 0.31089778836754633 1.8404271356783928 32.65499999999999 32.65499999999998
24 0.3087414467253178 1.839547738693468 32.715 32.71499999999998
25 0.3105220552297165 1.8394221105527624 32.68999999999997 32.69
26 0.3113770772238515 1.8399246231155786 32.70499999999997 32.70500000000001
27 0.3114366446725316 1.839849246231155 32.680000000000014 32.679999999999986
28 0.3105388563049855 1.840175879396985 32.694999999999986 32.69499999999999
29 0.3119953567937441 1.839798994974873 32.70000000000001 32.7
30 0.3121554252199412 1.8399246231155801 32.675 32.67500000000001
31 0.31162878787878806 1.83922110552764 32.695 32.694999999999986
32 0.30993432306940377 1.8390452261306522 32.695000000000014 32.695
33 0.3084118401759532 1.8392462311557773 32.685 32.684999999999974
34 0.3088477517106551 1.8389949748743737 32.709999999999994 32.70999999999999
35 0.30951765640273726 1.8390954773869315 32.72 32.719999999999985
36 0.31047837243401755 1.8392713567839214 32.695000000000014 32.695
37 0.3058806818181818 1.8391959798994975 32.67500000000001 32.675
38 0.30587915444770275 1.8396482412060309 32.649999999999984 32.64999999999998
39 0.3081057551319649 1.8393718592964816 32.679999999999986 32.68000000000001
40 0.3061256720430106 1.8394974874371834 32.70500000000002 32.705
41 0.309698191593353 1.8398743718592958 32.725000000000016 32.725
42 0.31279294965786925 1.8399999999999979 32.67 32.66999999999999
43 0.3062197580645159 1.8394221105527617 32.62500000000001 32.62500000000002
44 0.30978311339198433 1.838994974874369 32.70000000000001 32.699999999999996
45 0.30976264662756603 1.839045226130653 32.685 32.685
46 0.3116752199413488 1.8392964824120603 32.71499999999998 32.71499999999999
47 0.30892748044965773 1.8393467336683418 32.69000000000002 32.68999999999999
48 0.30904692082111457 1.8389698492462334 32.67999999999999 32.67999999999998
49 0.31094024926686215 1.8387939698492441 32.715 32.714999999999996
50 0.3090991568914955 1.8385929648241213 32.71000000000001 32.709999999999994
51 0.3076356304985337 1.8388944723618061 32.705 32.70499999999999
52 0.3077584310850437 1.839547738693469 32.72499999999998 32.724999999999994
53 0.3089082355816231 1.8390452261306525 32.71499999999999 32.71499999999998
54 0.3093786656891495 1.8382663316582921 32.685 32.68500000000001
55 0.30986314760508304 1.839221105527636 32.670000000000016 32.67
56 0.30865713587487753 1.838743718592964 32.670000000000016 32.670000000000016
57 0.3106030058651029 1.8385175879396962 32.750000000000014 32.75
58 0.30527278836754645 1.8384170854271324 32.69999999999998 32.699999999999996
59 0.309206989247312 1.8386432160804014 32.72000000000001 32.72
60 0.30963465298142717 1.8387437185929612 32.67000000000002 32.66999999999997
61 0.30858137829912025 1.839221105527636 32.65499999999999 32.65499999999997
62 0.3080605449657869 1.8382160804020071 32.69499999999999 32.695
63 0.3118093230694035 1.8384924623115577 32.67500000000001 32.67499999999998
64 0.3087744379276638 1.8388442211055285 32.685 32.684999999999995
65 0.306559139784946 1.8386683417085428 32.71500000000001 32.714999999999996
66 0.3113941837732158 1.8392964824120597 32.73500000000001 32.735
67 0.3082508553274684 1.8391959798994952 32.70499999999999 32.70499999999997
68 0.3098573435972632 1.8389698492462285 32.70499999999997 32.70499999999999
69 0.30797409579667656 1.8382914572864366 32.72 32.72000000000001
70 0.30866538367546414 1.8388693467336672 32.73000000000001 32.72999999999998
