# index clusteringCoefficient averagePathLength inDegreeMean outDegreeMean
1 0.9224022366920502 4.6554751453315975 1.796747967479675 1.7967479674796754
2 0.8000149394039352 4.0668322981366645 3.150000000000001 3.1500000000000012
3 0.7381015004789895 5.381703158206885 5.309999999999997 5.31
4 0.6547933025846017 3.2176062481824554 8.894999999999989 8.895000000000003
5 0.5703238746373205 2.806881905962763 12.790000000000004 12.790000000000006
6 0.5350867670584633 2.4989155870098765 17.170000000000016 17.170000000000005
7 0.4742548267559817 2.166638465877056 21.320000000000007 21.32
8 0.42741166141471437 2.022352650777534 25.589999999999993 25.589999999999993
9 0.3847907876985241 1.9386670193070616 28.840000000000003 28.840000000000007
10 0.3578044443113824 1.8834149247545782 31.040000000000003 31.040000000000017
11 0.3539828218985357 1.854743803374294 32.24500000000001 32.24499999999996
12 0.34645719373921474 1.8369610497812963 32.99999999999997 33.0
13 0.33999535303013145 1.8320770844665446 33.35499999999999 33.354999999999976
14 0.3398227479079407 1.829480737018422 33.74999999999998 33.749999999999986
15 0.3381249121189978 1.833864755248323 33.97000000000002 33.96999999999997
16 0.3381377641965881 1.828967170879782 34.16999999999999 34.17
17 0.3326266870384519 1.8284097253946452 34.29999999999997 34.29999999999998
18 0.3325979118920301 1.8288157961524767 34.340000000000025 34.34000000000001
19 0.3263778966131909 1.8279083861518663 34.51000000000001 34.510000000000005
20 0.3266709956709958 1.828040201005028 34.660000000000025 34.660000000000025
21 0.32689731347084305 1.8271608040200984 34.745 34.745000000000005
22 0.323838298955946 1.8272864321608027 34.685 34.68499999999998
23 0.3264586198115613 1.8277889447236166 34.67999999999999 34.67999999999999
24 0.32546625923096484 1.827386934673366 34.66500000000004 34.665000000000006
25 0.3238591800356505 1.827613065326639 34.724999999999994 34.724999999999994
26 0.32547058823529446 1.827562814070354 34.69500000000002 34.69499999999999
27 0.3246177743824801 1.8277638190954737 34.699999999999996 34.7
28 0.3265632798573978 1.8272613065326637 34.70000000000001 34.69999999999999
29 0.3264392666157375 1.8272110552763834 34.75500000000002 34.75500000000001
30 0.324316271963331 1.8274874371859318 34.67999999999998 34.68000000000001
31 0.3237944996180295 1.8271105527638198 34.715 34.714999999999996
32 0.3232729819200407 1.8276130653266327 34.71000000000003 34.71
33 0.3255864527629236 1.8274874371859304 34.67999999999999 34.680000000000014
34 0.32738044308632547 1.8275376884422139 34.674999999999976 34.67499999999998
35 0.3256536796536799 1.827587939698493 34.675 34.67499999999999
36 0.32547058823529434 1.8276381909547739 34.68500000000001 34.68499999999998
37 0.3266340718105425 1.8272361809045263 34.67999999999999 34.68
38 0.3256865291571173 1.827261306532661 34.705000000000005 34.704999999999984
39 0.32625974025974025 1.8277386934673396 34.68999999999998 34.690000000000005
40 0.3239126559714797 1.8265577889447258 34.750000000000014 34.75000000000002
41 0.32607435701553383 1.8274120603015067 34.690000000000005 34.68999999999997
42 0.32495110771581376 1.8277135678391945 34.685000000000024 34.685000000000024
43 0.3271632289279351 1.8277135678391931 34.639999999999965 34.63999999999995
44 0.3277593582887701 1.8276381909547739 34.665000000000035 34.66499999999999
45 0.32620320855614965 1.827236180904524 34.69499999999999 34.694999999999986
46 0.3273399541634837 1.8271608040201013 34.71500000000001 34.71499999999998
47 0.32621645021645035 1.8275628140703488 34.714999999999996 34.714999999999996
48 0.32940234275528385 1.8273618090452255 34.720000000000006 34.720000000000006
49 0.3267020626432393 1.8270854271356787 34.72000000000001 34.71999999999999
50 0.32793481028775134 1.8273869346733675 34.67499999999998 34.67499999999998
51 0.3253806977336392 1.8273366834170888 34.670000000000016 34.66999999999997
52 0.32854771454036175 1.827537688442211 34.70500000000001 34.70499999999997
53 0.32658263305322166 1.8276633165829161 34.735000000000014 34.735
54 0.3259505984211865 1.8276633165829146 34.69000000000001 34.690000000000005
55 0.32807231983702556 1.8279648241206008 34.714999999999975 34.71500000000001
56 0.32585077667430623 1.8274623115577893 34.68999999999998 34.69
57 0.32833053221288544 1.8275125628140747 34.7 34.7
58 0.32709014514896856 1.8269849246231156 34.74499999999998 34.745000000000005
59 0.32975808505220283 1.8271608040201013 34.67999999999999 34.68000000000001
60 0.32638910109498376 1.8268592964824135 34.72000000000001 34.71999999999999
61 0.3245360325948562 1.8272110552763852 34.705 34.70499999999998
62 0.3233343519225874 1.8271608040201042 34.695000000000014 34.69499999999999
63 0.32711917494270454 1.8278391959798976 34.69499999999997 34.694999999999986
64 0.3279493251846198 1.827487437185931 34.660000000000004 34.65999999999998
65 0.32328495034377375 1.827462311557787 34.68999999999999 34.690000000000005
66 0.32472345301757044 1.8269849246231178 34.69999999999998 34.70000000000001
67 0.3222472625413804 1.826959798994969 34.66000000000001 34.65999999999999
68 0.3261308887191243 1.8270351758794 34.690000000000005 34.69
69 0.3237420422714543 1.8267839195979958 34.72 34.71999999999999
70 0.3236498599439778 1.8272864321608033 34.709999999999965 34.71
