# index clusteringCoefficient averagePathLength inDegreeMean outDegreeMean
1 0.9053886146490395 4.075123830489796 1.7642276422764227 1.7642276422764225
2 0.8096703362322576 4.961355561628871 2.945 2.9450000000000003
3 0.6965317689282091 3.631438178205721 4.775 4.7749999999999995
4 0.6523821885311307 3.149504119998021 7.849999999999999 7.849999999999998
5 0.5809850657681143 2.7992471310576814 11.254999999999997 11.25499999999999
6 0.5431585306394837 2.5301535735380845 15.080000000000004 15.080000000000005
7 0.4881296537618933 2.2684473585210037 19.209999999999994 19.209999999999987
8 0.40157273064046384 2.0663563513263283 23.13500000000001 23.135000000000016
9 0.33300882004778315 1.961284107477612 25.880000000000024 25.879999999999995
10 0.3183749974979768 1.8929986789960362 28.085000000000004 28.085
11 0.31962270470063514 1.8831108591454921 29.11500000000001 29.115000000000013
12 0.3158724677636484 1.8687284689305055 29.554999999999986 29.55499999999999
13 0.31130679418355345 1.8640931814667827 29.725 29.724999999999994
14 0.30809229842556746 1.8568388668119449 30.055000000000014 30.05500000000002
15 0.30718131256952164 1.8571721574157123 30.129999999999985 30.13000000000001
16 0.3050545050055618 1.8568731984797089 30.230000000000004 30.23
17 0.30502335928809776 1.8563630334413197 30.235000000000014 30.234999999999992
18 0.3022877271041896 1.8563270899954303 30.35 30.349999999999987
19 0.2957052280311459 1.8543723643342347 30.515 30.51500000000002
20 0.2967452725250277 1.852756243529206 30.549999999999997 30.549999999999997
21 0.2972087504634778 1.8539683341329758 30.55000000000001 30.549999999999997
22 0.2954827586206895 1.8550753768844206 30.65499999999999 30.655
23 0.2936759362254354 1.852386934673368 30.68499999999999 30.684999999999995
24 0.2935113088616982 1.8530402010050229 30.65000000000001 30.649999999999984
25 0.29492398961809424 1.8525376884422107 30.690000000000012 30.690000000000005
26 0.29419688542825384 1.8528391959798995 30.665 30.66500000000001
27 0.2961190211345939 1.8537437185929655 30.709999999999997 30.710000000000004
28 0.2985817575083426 1.854195979899496 30.70499999999999 30.704999999999988
29 0.29283500185391204 1.852788944723618 30.674999999999997 30.674999999999997
30 0.29331442343344444 1.8523366834170854 30.675000000000004 30.67500000000001
31 0.2923403781979977 1.8524623115577912 30.63 30.630000000000017
32 0.2935387467556544 1.8534673366834178 30.68 30.68000000000001
33 0.29473044123099734 1.852412060301508 30.71999999999999 30.720000000000006
34 0.2971197626992957 1.8534673366834178 30.685000000000016 30.68499999999999
35 0.29473526140155765 1.852939698492457 30.664999999999996 30.664999999999978
36 0.2920296625880605 1.8532914572864307 30.704999999999995 30.70500000000001
37 0.2930616822924943 1.8522613065326645 30.66999999999998 30.669999999999995
38 0.2943540971449758 1.8535427135678393 30.690000000000012 30.690000000000015
39 0.2948398220244715 1.8531155778894466 30.709999999999997 30.710000000000008
40 0.292797923618836 1.8525376884422102 30.709999999999994 30.70999999999998
41 0.29298651941310455 1.8522361809045218 30.68499999999999 30.68499999999999
42 0.2939143492769747 1.8527135678391982 30.64499999999999 30.64500000000001
43 0.29318123311616096 1.8517839195979875 30.710000000000004 30.710000000000004
44 0.2917819799777529 1.852160804020104 30.66999999999999 30.669999999999995
45 0.29197182054134246 1.852110552763819 30.699999999999996 30.699999999999996
46 0.29618909899888785 1.8523869346733657 30.694999999999993 30.695
47 0.297499443826474 1.853115577889448 30.67 30.66999999999998
48 0.29690547698501 1.853291457286433 30.690000000000005 30.689999999999998
49 0.29347163515016705 1.8521608040200999 30.695 30.69500000000001
50 0.2942398961809418 1.8532663316582922 30.66499999999998 30.664999999999996
51 0.29606377456433064 1.8527135678391937 30.704999999999995 30.705
52 0.29059184808517396 1.8519849246231148 30.690000000000005 30.689999999999998
53 0.2954964775676681 1.8532412060301517 30.695000000000004 30.694999999999997
54 0.2918134964775674 1.8514824120602975 30.69 30.689999999999998
55 0.29359542348641354 1.8525125628140697 30.705000000000005 30.705000000000002
56 0.2975876900259547 1.8519346733668334 30.704999999999995 30.704999999999988
57 0.2928090470893586 1.852713567839196 30.705000000000002 30.705
58 0.2955202076381165 1.8520603015075399 30.705 30.70499999999998
59 0.2942097833571695 1.8518090452261313 30.69 30.689999999999994
60 0.29005784204671853 1.851281407035174 30.695000000000007 30.69499999999999
61 0.2932043010752691 1.8520603015075405 30.66499999999999 30.664999999999996
62 0.2934627363737486 1.852487437185926 30.695 30.694999999999983
63 0.2951761216166109 1.8520100502512584 30.69999999999999 30.699999999999992
64 0.2928201705598814 1.8518844221105506 30.670000000000005 30.669999999999995
65 0.29512309974045253 1.8533165829145677 30.710000000000008 30.71
66 0.2944694104560628 1.8520351758793978 30.694999999999993 30.695
67 0.29478309232480543 1.8526381909547738 30.689999999999994 30.689999999999998
68 0.2904130515387471 1.85208542713568 30.63499999999999 30.635
69 0.29083685576566565 1.852311557788944 30.649999999999988 30.65
70 0.29505710048201694 1.8525628140703525 30.690000000000015 30.690000000000012
