# index clusteringCoefficient averagePathLength inDegreeMean outDegreeMean
1 0.9268571181013668 4.216018191005553 1.9268292682926826 1.9268292682926822
2 0.8169433936530618 4.398485350107588 3.0849999999999995 3.0850000000000026
3 0.6903685519367571 3.356480593388319 4.99 4.989999999999999
4 0.6251243557349623 3.553059331262853 8.084999999999996 8.084999999999996
5 0.6135602252626391 2.8510524628699665 11.689999999999994 11.68999999999999
6 0.5557708784117011 2.4370605438367354 16.135 16.134999999999994
7 0.4923515290287739 2.205646921845419 20.43000000000001 20.43
8 0.42764144385598013 2.1436392488759584 24.259999999999994 24.25999999999999
9 0.4042650009220562 2.0269705703482344 27.419999999999995 27.419999999999987
10 0.3956177049636816 1.9597469211341676 29.41499999999999 29.41500000000001
11 0.3884711220741319 1.9177397403685084 30.48000000000001 30.48
12 0.366352437186996 1.8794001413279633 30.880000000000006 30.88
13 0.35328647379515254 1.8542565505629778 31.365000000000006 31.364999999999988
14 0.35243977128974796 1.8476536941558257 32.00000000000001 32.00000000000001
15 0.34146748985133096 1.8462172747887027 32.464999999999954 32.464999999999975
16 0.34198083778966093 1.8461062722259483 32.545000000000016 32.54499999999999
17 0.33928335561497286 1.8476902277886889 32.83999999999998 32.839999999999975
18 0.3280778694877162 1.839855844880969 33.125000000000036 33.12500000000001
19 0.32867976439587687 1.8399535365268576 33.299999999999976 33.30000000000004
20 0.3252952317290552 1.8353266331658256 33.709999999999994 33.71000000000001
21 0.3236597593582886 1.8346984924623086 33.66999999999999 33.67
22 0.3226180926916221 1.8351507537688423 33.684999999999995 33.68500000000002
23 0.3206166443850265 1.8343216080401996 33.675 33.674999999999976
24 0.3212371880570406 1.8338190954773848 33.69999999999999 33.699999999999974
25 0.3187951203208557 1.8341959798994976 33.699999999999996 33.69999999999997
26 0.32071245543672 1.8335175879396999 33.72999999999999 33.730000000000004
27 0.3178386809269163 1.8345226130653274 33.69000000000001 33.69
28 0.3184079768270944 1.8333919597989914 33.74500000000001 33.74500000000004
29 0.31699754901960747 1.8332914572864292 33.72499999999998 33.725
30 0.3177801916221031 1.8341206030150754 33.69999999999998 33.7
31 0.3190001114081999 1.8330653266331696 33.71499999999999 33.714999999999996
32 0.3190173796791445 1.8329396984924624 33.655 33.654999999999994
33 0.31991031639928696 1.8330402010050233 33.69999999999998 33.699999999999996
34 0.31597162325340694 1.8326633165829127 33.735000000000014 33.73500000000004
35 0.31634859625668454 1.8330904522613094 33.669999999999995 33.67
36 0.31761697860962573 1.8330653266331651 33.665 33.66499999999998
37 0.31815103717440085 1.832914572864324 33.690000000000005 33.690000000000005
38 0.31988190730837796 1.832964824120601 33.69499999999999 33.695
39 0.3158428030303032 1.8329145728643246 33.71499999999999 33.714999999999996
40 0.31589405080213917 1.8324874371859312 33.71000000000001 33.71000000000001
41 0.3160110294117647 1.833266331658293 33.684999999999995 33.684999999999995
42 0.31852384135472367 1.8328391959798989 33.690000000000005 33.68999999999999
43 0.31750055704099817 1.8335175879397008 33.65999999999998 33.65999999999999
44 0.3196490641711229 1.8329396984924604 33.719999999999985 33.72
45 0.3180347593582886 1.8329396984924637 33.684999999999995 33.68499999999997
46 0.3168566176470589 1.832864321608041 33.67499999999998 33.67499999999998
47 0.3173117201426026 1.8329145728643201 33.665 33.66499999999997
48 0.31629066399286954 1.83316582914573 33.649999999999984 33.64999999999998
49 0.3176108511586451 1.8326381909547724 33.715 33.715000000000046
50 0.31921847147950105 1.8327889447236174 33.67499999999998 33.67499999999996
51 0.31688446969697 1.8332663316582907 33.685 33.684999999999995
52 0.31598150623885923 1.832512562814074 33.73500000000003 33.73499999999998
53 0.3177807486631016 1.832562814070356 33.72000000000001 33.720000000000006
54 0.3194240196078434 1.832964824120603 33.72499999999999 33.725000000000016
55 0.31974766042780756 1.8334422110552764 33.67499999999999 33.675
56 0.31809881907308396 1.8326130653266317 33.71499999999999 33.71500000000002
57 0.3171362522281638 1.8326884422110572 33.694999999999986 33.69499999999998
58 0.31227495543672007 1.8326633165829127 33.705 33.705000000000055
59 0.31842023172905515 1.8333165829145721 33.7 33.699999999999996
60 0.3150038992869872 1.8332663316582893 33.69 33.68999999999999
61 0.3208121657754013 1.8326381909547724 33.70500000000002 33.70499999999999
62 0.3161207664884135 1.8327386934673353 33.705000000000005 33.705
63 0.3188675536196884 1.833291457286432 33.67000000000001 33.66999999999997
64 0.3177077762923352 1.8322864321608021 33.69999999999999 33.69999999999998
65 0.3170627228163992 1.8330150753768852 33.650000000000006 33.650000000000006
66 0.3158795677361852 1.8329648241206051 33.69000000000001 33.690000000000005
67 0.31620432263814613 1.8327638190954774 33.74000000000001 33.74000000000001
68 0.31873328877005364 1.8335929648241236 33.71999999999996 33.72000000000003
69 0.3184381468863205 1.8334924623115578 33.705000000000034 33.705
70 0.3193839126559715 1.833316582914575 33.694999999999986 33.695
