# index clusteringCoefficient averagePathLength inDegreeMean outDegreeMean
1 0.942183937712393 5.055054151624543 1.4959349593495932 1.4959349593495934
2 0.8131159646453764 4.135965278357409 2.5350000000000006 2.5350000000000006
3 0.6909326272253046 4.508747128467943 3.795 3.794999999999999
4 0.6251450423571231 3.6436167557042327 5.575 5.575000000000005
5 0.6144575496179885 3.675146056475167 7.814999999999999 7.814999999999997
6 0.583752679373567 3.0961167253321245 10.419999999999998 10.419999999999996
7 0.5331423883473079 2.722837896566723 13.024999999999999 13.025000000000002
8 0.4748576459157021 2.4173763554615166 16.0 15.999999999999993
9 0.43784496434601405 2.252732735844169 18.875000000000007 18.875000000000004
10 0.3958136905580571 2.1355501999795132 21.060000000000006 21.060000000000013
11 0.3681333832283487 2.047967108268623 22.99 22.99000000000001
12 0.33934497392834656 1.9795949444190657 24.45 24.449999999999996
13 0.31772503090765636 1.9377696563626208 25.57999999999999 25.580000000000005
14 0.303034332751822 1.9141414141414148 26.20500000000001 26.205000000000002
15 0.2915731260357825 1.898609207654434 26.725 26.725000000000005
16 0.28312215053807493 1.8882290239074166 27.02 27.019999999999996
17 0.27900827610392803 1.8812243033348546 27.340000000000003 27.339999999999993
18 0.27419299959299936 1.8787117405207858 27.465 27.464999999999996
19 0.26946682946682915 1.8775442870920225 27.439999999999998 27.44
20 0.2634411884411888 1.8790182066109435 27.489999999999995 27.49
21 0.26223363673363687 1.8759879801015145 27.494999999999997 27.495
22 0.26274979649979646 1.8761306532663296 27.589999999999993 27.589999999999986
23 0.26263003663003687 1.8747236180904545 27.635 27.63499999999999
24 0.261889499389499 1.8745477386934688 27.68499999999999 27.685000000000016
25 0.2621479446479448 1.873341708542714 27.69 27.689999999999994
26 0.26230870980870974 1.8743969849246238 27.675000000000004 27.675000000000004
27 0.26117114367114364 1.8731407035175887 27.689999999999998 27.69000000000001
28 0.25987077737077746 1.8723869346733661 27.744999999999997 27.744999999999994
29 0.2608201058201058 1.873567839195979 27.654999999999998 27.655000000000005
30 0.2606131868131869 1.8733417085427124 27.69000000000001 27.689999999999987
31 0.2611945461945463 1.8715577889447266 27.74000000000001 27.740000000000002
32 0.2566096866096867 1.872638190954775 27.705000000000013 27.70499999999999
33 0.25965710215710236 1.87281407035176 27.710000000000008 27.709999999999994
34 0.2571967846967848 1.8729396984924591 27.675000000000008 27.67499999999999
35 0.25721611721611737 1.872864321608041 27.71499999999999 27.714999999999982
36 0.25761192511192477 1.8727135678391948 27.695 27.694999999999997
37 0.25856837606837596 1.8720100502512556 27.744999999999994 27.744999999999994
38 0.26041615791615824 1.8721356783919594 27.705 27.705
39 0.25748982498982487 1.8728140703517602 27.689999999999984 27.689999999999998
40 0.2618813593813593 1.8726381909547736 27.745000000000005 27.745
41 0.26139906389906375 1.8730904522613077 27.67000000000001 27.670000000000012
42 0.2617317867317868 1.8735427135678373 27.705000000000013 27.705000000000002
43 0.26370472120472127 1.872914572864322 27.69500000000001 27.694999999999986
44 0.26018315018315014 1.8719597989949748 27.709999999999997 27.71
45 0.25893264143264155 1.872763819095478 27.680000000000017 27.68
46 0.25924806674806683 1.8735929648241183 27.695 27.694999999999997
47 0.26173280423280443 1.8733919597989956 27.69000000000001 27.69
48 0.2587179487179485 1.872361809045226 27.755 27.755
49 0.2582071632071631 1.8725125628140704 27.72500000000001 27.724999999999987
50 0.26225071225071234 1.8737939698492476 27.665000000000013 27.665
51 0.2612728937728937 1.8736934673366834 27.715000000000014 27.714999999999993
52 0.25990537240537237 1.8724623115577868 27.725 27.724999999999994
53 0.2584005698005699 1.8734673366834171 27.634999999999977 27.635
54 0.26018620268620274 1.873894472361809 27.680000000000014 27.680000000000007
55 0.25605616605616616 1.8725125628140726 27.695 27.694999999999997
56 0.25777269027269023 1.8723115577889424 27.705000000000005 27.705000000000002
57 0.25880545380545367 1.871783919597991 27.730000000000004 27.73
58 0.2597883597883597 1.872412060301509 27.674999999999997 27.675
59 0.2581776556776556 1.8711557788944724 27.7 27.70000000000001
60 0.261051078551079 1.8714070351758787 27.755 27.755
61 0.25706145706145694 1.8720603015075405 27.685000000000002 27.685
62 0.25722730972730967 1.8729648241206045 27.700000000000006 27.699999999999992
63 0.2565354090354086 1.8727135678391937 27.705000000000002 27.705
64 0.2601597476597476 1.8722613065326648 27.695000000000004 27.69499999999999
65 0.2608038258038259 1.8718592964824121 27.72 27.71999999999999
66 0.26005901505901474 1.8722613065326619 27.705 27.704999999999995
67 0.2612932437932439 1.8725879396984921 27.724999999999994 27.724999999999998
68 0.2602971102971104 1.8727135678391982 27.714999999999986 27.715
69 0.2599348799348798 1.8728391959798991 27.694999999999997 27.694999999999993
70 0.25936813186813157 1.8729396984924631 27.674999999999986 27.675
