# index clusteringCoefficient averagePathLength inDegreeMean outDegreeMean
1 0.9311144789728965 4.070198836081465 2.073170731707318 2.0731707317073167
2 0.8050082100385306 4.180500336412023 3.3100000000000005 3.3100000000000014
3 0.712465539157774 3.4716511264261323 5.709999999999998 5.709999999999998
4 0.6397376666594594 2.8875088715401005 8.965 8.965000000000002
5 0.5875795085043659 2.4573296354991956 13.290000000000006 13.289999999999996
6 0.5302868746033416 2.290139207389936 18.404999999999994 18.404999999999998
7 0.48589986149727193 2.149797570850202 23.25 23.250000000000007
8 0.4484105823316321 1.9491374015967848 28.599999999999994 28.599999999999994
9 0.42297184204805055 1.8551489266672245 32.65000000000003 32.64999999999999
10 0.40937903847267554 1.8372652737371067 36.43499999999997 36.434999999999974
11 0.40635694930531024 1.8230530892806014 38.52999999999998 38.530000000000015
12 0.4032137688949025 1.809199845380747 39.879999999999974 39.88000000000006
13 0.399494340732863 1.805550595617681 40.335 40.33500000000003
14 0.39730715183154247 1.7995561564165967 40.650000000000006 40.65
15 0.39980924337631635 1.7976940540264787 40.779999999999994 40.78000000000003
16 0.40273693379790904 1.797649865489063 41.035000000000004 41.035
17 0.39837369337979106 1.7918633571899905 41.24000000000001 41.24
18 0.39466695702671317 1.7913303893203383 41.26000000000002 41.260000000000005
19 0.392613599098176 1.7912173935001678 41.47500000000001 41.474999999999994
20 0.39045818815331024 1.7906618519734343 41.515000000000036 41.51499999999997
21 0.38553617930447165 1.7909045226130638 41.64999999999999 41.65000000000001
22 0.38656862175764606 1.7907035175879336 41.68500000000001 41.685
23 0.38950842044134715 1.790577889447234 41.714999999999954 41.71500000000001
24 0.3852180603948895 1.7905025125628156 41.720000000000006 41.71999999999998
25 0.3827482578397212 1.7906281407035205 41.69499999999998 41.69499999999998
26 0.38870180023228795 1.7907035175879382 41.690000000000005 41.689999999999976
27 0.3846800232288038 1.790854271356781 41.665000000000035 41.664999999999964
28 0.3839462833914054 1.7907537688442214 41.69000000000003 41.68999999999999
29 0.3878252032520328 1.7905778894472388 41.72999999999999 41.729999999999976
30 0.386174506387921 1.7906532663316612 41.69000000000001 41.68999999999998
31 0.38716173054587716 1.790603015075377 41.69 41.68999999999998
32 0.38371370499419255 1.790502512562817 41.69999999999997 41.69999999999997
33 0.3842993612078978 1.7906281407035198 41.67500000000003 41.67500000000001
34 0.3868850174216027 1.790879396984924 41.68500000000003 41.684999999999974
35 0.38206097560975605 1.7908040201004989 41.68000000000001 41.680000000000014
36 0.3864547038327529 1.7906783919597982 41.684999999999995 41.684999999999974
37 0.3831355981416955 1.7904522613065341 41.720000000000006 41.72000000000002
38 0.3832337398373986 1.7904522613065368 41.71000000000001 41.71000000000001
39 0.38517740998838546 1.7905276381909585 41.70500000000002 41.705
40 0.3815226480836239 1.7908542713567839 41.645000000000024 41.64499999999998
41 0.3843313008130081 1.7905276381909576 41.71 41.71000000000001
42 0.38415650406504054 1.7908040201005024 41.675 41.67500000000002
43 0.38408013937282226 1.790527638190954 41.69999999999998 41.69999999999998
44 0.3853693379790945 1.7903768844221135 41.730000000000004 41.72999999999999
45 0.38826074332171884 1.7906030150753762 41.69499999999997 41.694999999999986
46 0.38929326364692207 1.7907788944723633 41.660000000000004 41.660000000000004
47 0.38911091753774685 1.7906783919598026 41.69999999999998 41.699999999999996
48 0.3884509291521488 1.7906030150753804 41.695 41.69499999999999
49 0.38636875725900116 1.790527638190954 41.709999999999965 41.71000000000002
50 0.38698432055749166 1.7907537688442212 41.680000000000014 41.680000000000014
51 0.3852261904761905 1.79065326633166 41.675 41.67499999999998
52 0.3889651567944253 1.7907035175879409 41.69499999999999 41.69499999999999
53 0.38586469221835107 1.7908040201004993 41.67499999999999 41.67500000000001
54 0.38551509872241574 1.7904271356783927 41.72000000000004 41.720000000000006
55 0.38649477351916395 1.7907286432160796 41.68 41.68000000000001
56 0.38308275261324026 1.7907035175879389 41.66999999999999 41.67
57 0.38649564459930275 1.7907035175879389 41.669999999999995 41.669999999999995
58 0.3839590592334495 1.790552763819097 41.71000000000001 41.71000000000003
59 0.3835656213704993 1.7905527638190937 41.695 41.69499999999998
60 0.3837726480836238 1.7905527638190954 41.71500000000003 41.714999999999996
61 0.3867049941927987 1.7907788944723637 41.655 41.65499999999999
62 0.3828565621370501 1.7905025125628127 41.69499999999999 41.69499999999999
63 0.3820963995354238 1.7906532663316612 41.67 41.67
64 0.3857380952380955 1.790804020100501 41.66500000000003 41.66499999999999
65 0.3834828687572591 1.7907286432160856 41.685 41.68499999999998
66 0.38267770034843224 1.7907035175879353 41.675000000000026 41.675
67 0.38629413472706164 1.7908542713567832 41.65500000000001 41.654999999999994
68 0.38756010452961676 1.790628140703518 41.74499999999996 41.745
69 0.38725929152148675 1.7905025125628138 41.714999999999996 41.715000000000025
70 0.3819857723577234 1.7904773869346742 41.715 41.715
