# index clusteringCoefficient averagePathLength inDegreeMean outDegreeMean
1 0.9406385712698482 4.704977847276522 1.6097560975609748 1.6097560975609755
2 0.8155544226250911 4.246737743382886 2.9850000000000003 2.985000000000001
3 0.7051382346794819 3.8238223486965843 4.7550000000000034 4.754999999999999
4 0.6106180996047279 3.2611281732301958 7.825 7.824999999999996
5 0.5767225224446408 2.755380059230024 11.499999999999996 11.500000000000002
6 0.5273896798596879 2.4535892176970324 16.179999999999996 16.18
7 0.4618181047542971 2.2794943069439357 20.13499999999999 20.134999999999987
8 0.40716596968228785 2.0952887376368965 23.38500000000001 23.384999999999984
9 0.36709844068499836 1.982060561876742 26.495000000000005 26.494999999999997
10 0.35494569229490386 1.9277233909602152 28.32 28.319999999999997
11 0.34243736283025855 1.8998125390543625 29.32 29.320000000000004
12 0.33174542095835236 1.8923296686478095 30.460000000000008 30.460000000000004
13 0.333849228012131 1.8861566716832896 30.805000000000007 30.805000000000007
14 0.3287451543975738 1.883000862900359 31.210000000000026 31.210000000000004
15 0.3209715072114267 1.8707679813207458 31.584999999999983 31.584999999999997
16 0.3209981671554252 1.8615806304248514 31.744999999999997 31.745000000000005
17 0.31507473932877145 1.8588904116542277 31.76000000000001 31.760000000000005
18 0.3163064084871487 1.8560732957717898 31.814999999999994 31.814999999999998
19 0.31782055608925697 1.8521394853053166 32.045 32.04499999999998
20 0.3120019794721407 1.8471904979442662 32.15500000000001 32.155000000000015
21 0.3119305962854348 1.8505593293098659 32.205 32.205
22 0.3116348973607034 1.8541206030150739 32.28999999999999 32.290000000000006
23 0.3071147238514174 1.8477386934673352 32.37499999999999 32.37500000000001
24 0.3080160475724993 1.8457286432160833 32.36499999999996 32.36500000000001
25 0.3058282624633434 1.8447236180904558 32.44500000000001 32.44499999999998
26 0.30911748533724376 1.844095477386937 32.51 32.51000000000001
27 0.3057939271749751 1.8433417085427157 32.52999999999996 32.53000000000003
28 0.30799242424242435 1.843768844221107 32.54000000000001 32.54000000000001
29 0.3095989125122192 1.838994974874371 32.67000000000002 32.669999999999995
30 0.30645894428152515 1.8384673366834208 32.71000000000002 32.710000000000015
31 0.30736803519061573 1.8386934673366826 32.68499999999997 32.68499999999998
32 0.30621761974584566 1.8389447236180898 32.705 32.705
33 0.3064760508308895 1.8383919597989928 32.699999999999996 32.69999999999998
34 0.30445320136852383 1.838618090452262 32.715 32.71500000000001
35 0.3039030425219943 1.8384170854271342 32.70499999999997 32.705000000000005
36 0.30756964809384196 1.8385175879396984 32.72999999999999 32.72999999999998
37 0.3046755865102637 1.838115577889448 32.715 32.715000000000025
38 0.3044608382209185 1.837663316582913 32.68500000000001 32.68499999999996
39 0.3064540566959921 1.8382663316582881 32.71000000000001 32.71000000000001
40 0.3054637096774196 1.8382663316582954 32.699999999999996 32.69999999999998
41 0.30635355571847517 1.8386432160804014 32.65999999999998 32.660000000000004
42 0.30684811827956976 1.8386180904522607 32.705000000000005 32.70499999999999
43 0.30804252199413507 1.8384924623115566 32.72999999999999 32.729999999999976
44 0.30576551808406655 1.8381658291457301 32.73000000000001 32.730000000000004
45 0.30795057429129996 1.8376381909547717 32.764999999999986 32.764999999999986
46 0.3055159457478006 1.8387939698492481 32.680000000000014 32.67999999999999
47 0.3055162512218964 1.8382663316582915 32.71000000000001 32.71
48 0.3066883553274683 1.8382914572864317 32.695000000000014 32.695
49 0.3091953812316715 1.8391959798994968 32.69 32.69
50 0.30842772482893444 1.8385678391959792 32.71 32.71
51 0.3054536290322583 1.8386180904522609 32.675000000000004 32.675
52 0.30384652981427146 1.838266331658287 32.680000000000014 32.68000000000001
53 0.30903439638318697 1.8380150753768818 32.71499999999998 32.71500000000002
54 0.30828384652981394 1.8384673366834163 32.7 32.69999999999996
55 0.30312011241446746 1.837989949748743 32.725 32.725
56 0.3066141251221895 1.8384422110552743 32.67999999999997 32.67999999999997
57 0.30612170087976504 1.8386180904522573 32.67499999999998 32.675
58 0.3042500610948191 1.8380402010050259 32.700000000000024 32.69999999999997
59 0.30516373411534703 1.8383417085427136 32.68000000000002 32.68
60 0.30410373900293225 1.838391959798995 32.68999999999997 32.68999999999999
61 0.30674181329423283 1.8380904522613066 32.69000000000001 32.68999999999998
62 0.3057899560117303 1.838592964824119 32.73000000000003 32.73
63 0.30712151759530776 1.8382914572864293 32.72000000000001 32.720000000000006
64 0.3042054618768328 1.8383668341708568 32.69499999999998 32.69499999999999
65 0.30338801319648107 1.8376381909547739 32.74 32.739999999999995
66 0.30396260997067437 1.8374371859296497 32.739999999999995 32.739999999999974
67 0.30382148093841616 1.837939698492459 32.69500000000001 32.69500000000001
68 0.3030669599217988 1.8385678391959805 32.69500000000003 32.69500000000001
69 0.3057679618768331 1.8384170854271364 32.69500000000001 32.695
70 0.30288367546432066 1.8383919597989913 32.67999999999999 32.68000000000001
