# index clusteringCoefficient averagePathLength inDegreeMean outDegreeMean
1 0.9191306465412238 4.7540394973069935 1.723577235772358 1.7235772357723587
2 0.815404932403103 4.452654141974553 2.8349999999999995 2.8349999999999986
3 0.6966864405947226 4.234782114006156 4.530000000000001 4.530000000000001
4 0.6713834584039289 3.434705934220972 7.1 7.099999999999999
5 0.5953851614140765 2.871207897412355 10.844999999999995 10.845000000000006
6 0.5095700703711378 2.4399560073717463 15.720000000000006 15.719999999999999
7 0.43951185054683456 2.1494131683360482 20.530000000000015 20.529999999999998
8 0.3765586568636523 2.043121365992244 24.46 24.460000000000004
9 0.3569994254425972 1.9287671969045563 27.099999999999998 27.1
10 0.3353785753829211 1.922826568073529 29.065000000000015 29.064999999999998
11 0.3410839042088493 1.882825586264657 30.064999999999998 30.065000000000012
12 0.3303255983114856 1.8687739214205736 30.605 30.60500000000001
13 0.3332779290601875 1.8589374983811229 31.00500000000001 31.005000000000003
14 0.32882952789856285 1.8527289594392635 31.425000000000022 31.42500000000002
15 0.3256397390867267 1.851480579412894 31.645000000000007 31.644999999999996
16 0.32651771484125974 1.8493265993265986 31.955000000000002 31.954999999999988
17 0.32660999394870366 1.8489201329847993 32.114999999999995 32.115
18 0.3198289345063538 1.8416364236225704 32.324999999999996 32.325
19 0.3203748167155427 1.8404943786006187 32.309999999999974 32.309999999999974
20 0.3146086876832843 1.8400292921895882 32.51499999999999 32.51499999999997
21 0.31677052785923765 1.8398020252013845 32.53499999999999 32.535
22 0.3121189816754335 1.8392964824120617 32.669999999999995 32.66999999999999
23 0.3104798998044968 1.8388190954773873 32.69999999999999 32.7
24 0.3097748655913977 1.8396231155778902 32.68499999999997 32.684999999999974
25 0.3065191226783968 1.8393216080401988 32.680000000000014 32.68000000000001
26 0.31026454056695996 1.8391959798994968 32.68 32.68000000000001
27 0.30964809384164194 1.839522613065326 32.675000000000004 32.674999999999976
28 0.31107618523949165 1.8394723618090478 32.69500000000002 32.69499999999999
29 0.3189296187683285 1.8397487437185922 32.685 32.68499999999998
30 0.3153659579667647 1.8394221105527653 32.720000000000034 32.72
31 0.3134115347018573 1.8394472361809049 32.66999999999998 32.670000000000016
32 0.31459524682306933 1.839597989949748 32.67499999999999 32.67499999999998
33 0.31239125122189654 1.8400000000000014 32.690000000000026 32.69000000000003
34 0.3153757331378299 1.8391206030150793 32.71 32.710000000000015
35 0.31271199902248287 1.8404522613065335 32.679999999999986 32.679999999999986
36 0.31472965542521975 1.8397236180904486 32.71000000000002 32.70999999999998
37 0.31459219208211153 1.8391959798994997 32.724999999999994 32.724999999999994
38 0.31613361436950166 1.8397487437185915 32.71000000000001 32.70999999999998
39 0.3121086876832846 1.8402010050251274 32.65499999999999 32.65499999999999
40 0.31201582355816215 1.8391457286432176 32.675000000000026 32.67499999999999
41 0.3151072214076247 1.8397989949748752 32.695 32.694999999999986
42 0.3132111436950146 1.8391708542713576 32.71000000000001 32.71
43 0.31673478739002925 1.8397236180904464 32.67500000000005 32.675000000000004
44 0.31188172043010765 1.8395477386934662 32.690000000000026 32.68999999999999
45 0.311530730694037 1.8398492462311558 32.70499999999997 32.705
46 0.3091461999022485 1.8393969849246252 32.65499999999997 32.655
47 0.31263318670576723 1.8390954773869321 32.68000000000001 32.67999999999998
48 0.31291972140762436 1.8385678391959799 32.67500000000001 32.675000000000004
49 0.3079896749755621 1.8392713567839196 32.65999999999999 32.65999999999998
50 0.3115774682306939 1.8390954773869332 32.68000000000003 32.68
51 0.31562225073313815 1.8392964824120626 32.71 32.71000000000001
52 0.309717436461388 1.8384924623115575 32.71000000000001 32.71000000000002
53 0.30826368523949144 1.838743718592965 32.679999999999986 32.680000000000014
54 0.3092613636363639 1.839271356783921 32.69 32.68999999999998
55 0.310093169599218 1.8391457286432153 32.66999999999999 32.670000000000016
56 0.311490713587488 1.8393216080402002 32.73000000000002 32.73000000000001
57 0.3127917277614858 1.8391457286432205 32.66 32.65999999999999
58 0.30874969452590423 1.839221105527633 32.669999999999995 32.670000000000016
59 0.31141678885630525 1.8397738693467323 32.665000000000006 32.664999999999985
60 0.30897880009775186 1.8387939698492488 32.679999999999986 32.68000000000002
61 0.31257545210166177 1.8400251256281437 32.649999999999984 32.650000000000006
62 0.3114186217008799 1.840025125628145 32.67500000000003 32.67499999999999
63 0.30988758553274687 1.8401005025125643 32.660000000000004 32.659999999999975
64 0.31363483626588445 1.8402010050251272 32.675 32.675
65 0.31411168132942296 1.8395728643216074 32.66000000000002 32.66
66 0.31251802297165193 1.8403517587939702 32.66999999999996 32.669999999999995
67 0.3147495112414467 1.840226130653268 32.64499999999997 32.644999999999975
68 0.3110667155425219 1.8397738693467323 32.679999999999986 32.680000000000014
69 0.31237108993157375 1.8398994974874365 32.675000000000004 32.67499999999998
70 0.3112515273704788 1.8393216080402013 32.71500000000002 32.71500000000002
