# index clusteringCoefficient averagePathLength inDegreeMean outDegreeMean
1 0.9469124530817502 4.628520904382992 1.5853658536585367 1.5853658536585356
2 0.8026342587151412 4.860159817351657 3.070000000000002 3.069999999999999
3 0.7027006538635234 3.0063756743501644 5.2000000000000055 5.200000000000004
4 0.6628313747932912 3.6252519057215475 7.989999999999997 7.989999999999994
5 0.626668593170942 3.0060080520284864 11.500000000000002 11.500000000000004
6 0.5481029651009108 2.41259952592231 15.735000000000003 15.735
7 0.47593700410433226 2.105454440566502 20.99 20.990000000000002
8 0.41564399608702296 1.9528580497364136 25.800000000000004 25.80000000000002
9 0.3857138068696655 1.8880365198130797 28.974999999999987 28.975000000000016
10 0.36089625801840497 1.8809442801434249 30.535 30.534999999999997
11 0.35266686807052694 1.868414236129102 31.56999999999999 31.570000000000007
12 0.3463325349177531 1.8587553150367198 31.99499999999996 31.994999999999976
13 0.34412603861192564 1.860757870987594 32.15500000000001 32.15499999999999
14 0.33983678698752257 1.847674268779798 32.499999999999986 32.499999999999986
15 0.3365163374734056 1.8469900523023302 32.65500000000001 32.65499999999999
16 0.3337327317290552 1.842461036145189 33.00499999999997 33.00500000000003
17 0.330881795900178 1.8418233298472033 33.04499999999999 33.045
18 0.327106573083779 1.8366580376630612 33.279999999999994 33.279999999999994
19 0.32837977114599526 1.8364296228617836 33.32500000000001 33.325
20 0.32767825311942994 1.8364940279285895 33.535000000000004 33.535
21 0.32303810160427787 1.836620287366478 33.50500000000002 33.50499999999999
22 0.3252506684491975 1.8350294184490306 33.49499999999997 33.494999999999976
23 0.32237965686274506 1.8364321608040244 33.639999999999986 33.63999999999995
24 0.3197201203208555 1.8372613065326626 33.670000000000016 33.66999999999999
25 0.31867424242424225 1.8361809045226138 33.695000000000014 33.695
26 0.3208194073083782 1.8346482412060316 33.7 33.69999999999999
27 0.31968527183600687 1.8345728643216095 33.655 33.65499999999999
28 0.31909146613190725 1.8343718592964757 33.68000000000001 33.67999999999999
29 0.3191700089126561 1.834170854271359 33.66500000000003 33.664999999999985
30 0.32285149286987513 1.8336432160803977 33.72000000000001 33.71999999999998
31 0.3184230169340463 1.8330904522613014 33.69499999999999 33.69500000000002
32 0.31763146167557943 1.8332663316582969 33.685 33.685
33 0.3234458556149734 1.8338190954773865 33.68000000000001 33.68
34 0.31981896167557955 1.8332412060301488 33.73499999999999 33.73499999999999
35 0.31987522281639924 1.8337437185929641 33.71500000000002 33.71500000000001
36 0.31722760695187174 1.833140703517588 33.730000000000004 33.73
37 0.3197593582887702 1.8330402010050322 33.68500000000004 33.68499999999999
38 0.3229395053475937 1.8335175879396974 33.69000000000001 33.68999999999998
39 0.31971368092691604 1.8336432160803997 33.64 33.63999999999999
40 0.31925412210338705 1.8333919597989978 33.69500000000001 33.695
41 0.31807765151515177 1.8328140703517593 33.719999999999985 33.719999999999985
42 0.3194180359093783 1.83329145728643 33.68499999999998 33.68499999999999
43 0.31391766934046406 1.832788944723621 33.72999999999999 33.73
44 0.3164043003565061 1.8330653266331651 33.724999999999994 33.724999999999994
45 0.3190262923351159 1.8333417085427144 33.68999999999997 33.68999999999998
46 0.31968694295900196 1.8326633165829145 33.73499999999999 33.73499999999998
47 0.3185271836007133 1.833266331658289 33.70500000000002 33.70499999999999
48 0.31764148841354717 1.832562814070352 33.724999999999994 33.72500000000001
49 0.31724543226381474 1.8329396984924613 33.72 33.719999999999985
50 0.3186541889483067 1.8332663316582904 33.71000000000001 33.71
51 0.3218020276292332 1.833241206030152 33.69500000000001 33.695000000000014
52 0.31514260249554377 1.832763819095478 33.68500000000002 33.684999999999995
53 0.31472203654188935 1.8331155778894421 33.695 33.69500000000001
54 0.3175623885918005 1.8326381909547753 33.72000000000001 33.719999999999985
55 0.3175022281639927 1.8328643216080394 33.715000000000025 33.714999999999996
56 0.3216555258467021 1.8332914572864343 33.715 33.714999999999975
57 0.31865641711229986 1.8334170854271379 33.68000000000001 33.67999999999999
58 0.3180470142602498 1.8326884422110552 33.715 33.71499999999999
59 0.3180670677361855 1.8332160804020072 33.690000000000026 33.69
60 0.31807152406417094 1.8335929648241185 33.65000000000002 33.65
61 0.316122994652406 1.8333417085427135 33.68000000000001 33.67999999999999
62 0.3164115418894832 1.832914572864323 33.73500000000003 33.735
63 0.3182280525846704 1.8330653266331658 33.71 33.710000000000015
64 0.3205375445632798 1.83298994974874 33.679999999999986 33.68000000000001
65 0.32046624331550766 1.8327135678391935 33.72499999999998 33.72499999999999
66 0.31937889928698754 1.8333668341708558 33.69000000000001 33.68999999999999
67 0.3184998885918005 1.8336432160803984 33.635000000000005 33.634999999999984
68 0.31948975044563277 1.8329396984924624 33.67000000000001 33.66999999999999
69 0.31617479946524046 1.8330653266331651 33.69499999999998 33.695
70 0.3168510472370767 1.8322864321608043 33.70000000000003 33.699999999999974
