# index clusteringCoefficient averagePathLength inDegreeMean outDegreeMean
1 0.9092584805158398 5.391828838056225 1.6666666666666659 1.6666666666666667
2 0.816730931751531 4.971888043211386 2.930000000000001 2.9299999999999993
3 0.7158083855238467 3.6420362457639603 4.849999999999999 4.850000000000001
4 0.6543896122418614 3.675855473784875 7.859999999999999 7.859999999999998
5 0.6177374450992411 3.256601098706363 11.489999999999993 11.490000000000006
6 0.556671025985781 2.570851525141835 14.849999999999998 14.85
7 0.4655492540040202 2.2968201637775163 18.794999999999984 18.794999999999995
8 0.3963434287631037 2.0713336169307768 22.095 22.09499999999998
9 0.34099696994616613 1.9806103656932386 24.53499999999999 24.535000000000004
10 0.31373464286446046 1.9371616546222183 25.939999999999994 25.940000000000005
11 0.30324740596580047 1.9100139153739115 26.774999999999995 26.775000000000002
12 0.29227463228630884 1.8947274443282416 27.620000000000008 27.619999999999994
13 0.2956454692511665 1.8901359589827291 27.805 27.805
14 0.29562944718117123 1.8885034308598831 27.970000000000002 27.97
15 0.28866630176975017 1.8833054159687326 28.159999999999997 28.15999999999999
16 0.2951021711366538 1.8849550784224165 28.149999999999995 28.150000000000006
17 0.2904775588396276 1.883533830770011 28.12 28.120000000000005
18 0.2859063127166577 1.8773515820307554 28.42499999999998 28.425
19 0.28532475825579257 1.876038483876669 28.449999999999996 28.45000000000001
20 0.28402298850574725 1.876316254640033 28.4 28.399999999999988
21 0.2806413543437138 1.870710335597583 28.540000000000017 28.539999999999996
22 0.2843732895457034 1.870786091260324 28.554999999999993 28.554999999999993
23 0.2815380405035579 1.870432564834217 28.555000000000007 28.554999999999996
24 0.2769303046889253 1.8680588874018318 28.595 28.59500000000001
25 0.27848041898751835 1.8707286432160808 28.680000000000003 28.68000000000001
26 0.27438788542236825 1.8684422110552732 28.704999999999988 28.70499999999999
27 0.2748581463236637 1.8675376884422104 28.705000000000013 28.705000000000002
28 0.27988779419813903 1.868391959798996 28.709999999999997 28.709999999999994
29 0.27887064404305806 1.8679899497487438 28.76 28.76
30 0.2763574165298305 1.8683919597989913 28.734999999999992 28.73500000000001
31 0.27494231821818 1.868241206030153 28.7 28.700000000000006
32 0.2761553548622515 1.869145728643219 28.720000000000013 28.720000000000002
33 0.27700966976829017 1.867512562814073 28.694999999999993 28.695000000000004
34 0.2750807334428023 1.8675376884422097 28.694999999999997 28.694999999999997
35 0.2770580186097425 1.8665829145728643 28.710000000000004 28.710000000000008
36 0.2733438241196864 1.8678643216080417 28.665 28.665
37 0.27409596788907115 1.8677386934673352 28.724999999999994 28.724999999999994
38 0.27448503922641854 1.8677889447236178 28.71499999999998 28.714999999999996
39 0.2763674511950376 1.8695477386934667 28.715 28.715000000000007
40 0.27688879766465996 1.8693216080402002 28.679999999999982 28.68
41 0.27262680167852565 1.8679396984924657 28.670000000000016 28.669999999999998
42 0.2752700237182999 1.868216080402009 28.700000000000006 28.699999999999996
43 0.2784386973180075 1.867010050251253 28.709999999999994 28.709999999999994
44 0.27413793103448325 1.8676884422110542 28.67499999999999 28.675
45 0.2713227513227512 1.866432160804023 28.734999999999996 28.734999999999992
46 0.27319011129355947 1.8673869346733671 28.669999999999998 28.669999999999998
47 0.2742095420543698 1.8666834170854256 28.74000000000001 28.739999999999995
48 0.2729816639299399 1.8692211055276378 28.695000000000004 28.694999999999997
49 0.27690795475278246 1.868417085427135 28.659999999999993 28.66
50 0.27374612297026074 1.8682914572864329 28.690000000000005 28.690000000000005
51 0.2772591680350301 1.8683668341708535 28.70999999999999 28.71
52 0.2757343550447 1.8690954773869346 28.685000000000002 28.685
53 0.2787957700026665 1.8685929648241224 28.700000000000014 28.70000000000001
54 0.27513045064769215 1.8683668341708535 28.7 28.700000000000006
55 0.2767268746579091 1.866909547738695 28.750000000000007 28.749999999999996
56 0.27623836891078263 1.8691457286432154 28.705000000000002 28.705
57 0.2776336434957126 1.8683919597989942 28.700000000000017 28.7
58 0.27586891078270376 1.8683668341708533 28.675000000000004 28.674999999999994
59 0.27840038314176246 1.8683668341708535 28.709999999999997 28.710000000000004
60 0.27829137018792194 1.868190954773868 28.735 28.735000000000007
61 0.2735860244480933 1.8667839195979863 28.715 28.714999999999986
62 0.27422778690020067 1.8660301507537689 28.709999999999997 28.709999999999994
63 0.27272349936143014 1.8668592964824129 28.709999999999983 28.710000000000004
64 0.27171866447728543 1.865678391959802 28.704999999999995 28.705
65 0.2744544791096514 1.8688442211055314 28.69499999999999 28.695000000000004
66 0.27424375114030286 1.8684170854271338 28.714999999999986 28.714999999999993
67 0.27755701514322223 1.8680904522613064 28.704999999999995 28.704999999999995
68 0.27595785440613013 1.868391959798995 28.719999999999988 28.72
69 0.27817186644772834 1.8704271356783897 28.729999999999993 28.729999999999993
70 0.27462096332785996 1.8688190954773884 28.69999999999998 28.700000000000006
