# index clusteringCoefficient averagePathLength inDegreeMean outDegreeMean
1 0.9320944638017808 7.041007085783202 1.3170731707317067 1.3170731707317074
2 0.8101165223665224 6.356947791164668 2.145000000000001 2.1449999999999982
3 0.7167233044733048 4.646959459459463 3.0149999999999997 3.015
4 0.6535220057720058 5.011984606926893 4.529999999999999 4.530000000000004
5 0.6073939393939396 4.06619440795648 5.980000000000001 5.980000000000001
6 0.5877730880230877 3.9769312169312165 7.384999999999997 7.384999999999997
7 0.5644076479076477 3.7191850883673276 8.759999999999998 8.759999999999996
8 0.5212987012987013 3.2909588132924483 9.735000000000008 9.735
9 0.48045418470418483 3.07784365693051 10.485000000000003 10.484999999999996
10 0.44728751803751815 2.9975889548754013 10.919999999999998 10.920000000000003
11 0.3824242424242427 2.8404020100502465 11.235 11.235000000000008
12 0.3312121212121211 2.73474874371859 11.315 11.315000000000005
13 0.2876298701298701 2.6523618090452232 11.51 11.51
14 0.2543333333333334 2.6228391959799096 11.509999999999996 11.510000000000002
15 0.21443217893217892 2.5285678391959863 11.579999999999998 11.579999999999998
16 0.18865476190476183 2.4787437185929826 11.635000000000005 11.635000000000003
17 0.16514898989899013 2.436306532663342 11.690000000000005 11.690000000000001
18 0.14544444444444454 2.424296482412056 11.665000000000003 11.665000000000001
19 0.12871212121212128 2.4075125628140497 11.730000000000008 11.729999999999997
20 0.12551515151515175 2.4074120603015037 11.685000000000006 11.685000000000004
21 0.12213636363636377 2.4078391959799195 11.660000000000004 11.659999999999995
22 0.11410606060606071 2.401683417085418 11.695000000000002 11.694999999999997
23 0.11510606060606067 2.3990954773869344 11.720000000000002 11.72000000000001
24 0.11471212121212124 2.4013065326633054 11.694999999999991 11.694999999999999
25 0.1154545454545455 2.3991206030150547 11.700000000000001 11.699999999999998
26 0.11453030303030307 2.398894472361815 11.734999999999996 11.734999999999998
27 0.12027272727272731 2.3999748743718796 11.699999999999996 11.699999999999996
28 0.11877272727272734 2.4018844221105535 11.679999999999994 11.679999999999993
29 0.12001515151515163 2.399497487437187 11.715 11.715
30 0.11678787878787887 2.399346733668339 11.715000000000007 11.715000000000007
31 0.11477272727272732 2.400477386934693 11.68999999999999 11.69
32 0.11771212121212128 2.4019597989949766 11.684999999999997 11.684999999999999
33 0.11566666666666675 2.398894472361821 11.700000000000001 11.700000000000005
34 0.11542424242424251 2.3991959798995026 11.71 11.709999999999997
35 0.11600000000000003 2.3963065326633073 11.724999999999998 11.724999999999996
36 0.11293939393939402 2.399497487437181 11.675 11.675
37 0.11675757575757578 2.392839195979915 11.764999999999995 11.765
38 0.12063636363636379 2.3985175879397045 11.725000000000003 11.724999999999998
39 0.11263636363636373 2.3979145728643205 11.735000000000003 11.735
40 0.11227272727272736 2.398266331658301 11.714999999999995 11.715000000000007
41 0.11556060606060609 2.3975879396984703 11.719999999999995 11.719999999999995
42 0.12074242424242425 2.4001256281407026 11.694999999999997 11.695
43 0.11824242424242426 2.396331658291454 11.724999999999998 11.725000000000005
44 0.11645454545454553 2.396381909547725 11.715000000000002 11.714999999999993
45 0.11878787878787886 2.400100502512554 11.699999999999996 11.699999999999996
46 0.11798484848484855 2.4044723618090544 11.645000000000003 11.645000000000003
47 0.1168181818181818 2.4011055276381814 11.659999999999998 11.659999999999997
48 0.11839393939393951 2.3934673366834147 11.745 11.745000000000001
49 0.12140909090909104 2.399798994974854 11.7 11.699999999999996
50 0.11583333333333347 2.4014572864321417 11.675 11.674999999999994
51 0.11054545454545459 2.3980653266331693 11.694999999999999 11.694999999999999
52 0.10962121212121222 2.399396984924638 11.704999999999998 11.704999999999998
53 0.1161060606060607 2.397688442211054 11.72 11.719999999999994
54 0.11836363636363641 2.396482412060299 11.720000000000002 11.720000000000004
55 0.1138787878787879 2.398467336683431 11.714999999999998 11.714999999999995
56 0.11539393939393956 2.392914572864311 11.755000000000006 11.754999999999999
57 0.11562121212121224 2.401608040201012 11.689999999999992 11.689999999999998
58 0.11213636363636374 2.400226130653267 11.674999999999997 11.674999999999999
59 0.11021212121212122 2.3984924623115447 11.719999999999997 11.719999999999999
60 0.1143181818181819 2.401658291457294 11.660000000000005 11.660000000000005
61 0.11137878787878795 2.397713567839205 11.71 11.709999999999994
62 0.11607575757575757 2.400753768844265 11.694999999999997 11.694999999999999
63 0.11359090909090912 2.3997738693467414 11.694999999999997 11.694999999999995
64 0.11710606060606066 2.3998994974874326 11.729999999999997 11.729999999999999
65 0.1148939393939395 2.4021105527638036 11.694999999999999 11.694999999999999
66 0.11087878787878795 2.399597989949736 11.66 11.66
67 0.11416666666666667 2.3997738693467325 11.695000000000006 11.695
68 0.11306060606060613 2.396834170854269 11.719999999999999 11.720000000000002
69 0.11030303030303042 2.3960301507537523 11.715000000000007 11.714999999999991
70 0.11084848484848489 2.396130653266344 11.714999999999996 11.714999999999987
