# index clusteringCoefficient averagePathLength inDegreeMean outDegreeMean
1 0.9112384002627907 4.978458592628028 1.7560975609756104 1.7560975609756095
2 0.8049182276598904 4.672793308386509 3.2399999999999993 3.2399999999999998
3 0.7185757053519655 3.5844497792921866 5.345000000000001 5.344999999999998
4 0.7006448567745811 3.2645078233313485 8.734999999999998 8.735000000000005
5 0.6797690029379663 2.9791274264847227 12.709999999999997 12.710000000000006
6 0.6112686629219395 2.544936980807791 16.499999999999993 16.500000000000007
7 0.5845335888338549 2.291393607061662 21.57 21.569999999999975
8 0.5609480151919699 2.1311028917283115 25.485 25.484999999999985
9 0.55489623377575 2.050873501018784 28.449999999999996 28.450000000000006
10 0.5630497546102609 2.04252896004166 30.165000000000006 30.165
11 0.549932304792345 2.0308462532299583 30.839999999999996 30.839999999999993
12 0.5614789915966386 2.0105324751316465 31.199999999999985 31.200000000000006
13 0.5565819327731087 2.1265840144824 31.420000000000005 31.419999999999998
14 0.530970959868018 2.1055531464428805 31.799999999999997 31.799999999999997
15 0.49791250660344943 2.0384081210070475 32.665000000000006 32.66500000000002
16 0.47732003465638584 1.9866164995833449 33.53499999999999 33.53500000000003
17 0.444207945578762 1.9008358374788508 34.559999999999974 34.55999999999999
18 0.39851309266845303 1.8418341708542714 35.41000000000001 35.40999999999999
19 0.36573160717278336 1.8234422110552801 35.61500000000002 35.615
20 0.34457563025210086 1.822562814070353 35.67 35.67
21 0.3373431372549019 1.8224120603015073 35.695 35.69500000000001
22 0.33561577964519124 1.8220854271356801 35.679999999999964 35.68000000000001
23 0.33726423902894465 1.8218090452261313 35.69499999999999 35.694999999999986
24 0.3346513878278582 1.8220854271356755 35.66499999999998 35.664999999999985
25 0.3336540616246498 1.8217336683417125 35.735 35.735000000000035
26 0.3347170868347337 1.8222864321608048 35.645 35.645
27 0.3372609710550889 1.822311557788944 35.685000000000024 35.685
28 0.33741316526610665 1.8222613065326614 35.70500000000002 35.705000000000005
29 0.33639075630252097 1.8220603015075387 35.66999999999998 35.66999999999999
30 0.3345275443510735 1.821608040201005 35.699999999999996 35.7
31 0.33560690943043875 1.8219849246231163 35.660000000000025 35.65999999999999
32 0.3329210168916052 1.821959798994978 35.690000000000005 35.68999999999998
33 0.3361153127917833 1.8221859296482361 35.66500000000002 35.66499999999998
34 0.33486414565826317 1.8217839195979892 35.685 35.68499999999997
35 0.33409710550887034 1.8219597989949767 35.690000000000026 35.68999999999996
36 0.33766760037348253 1.8219597989949756 35.71000000000001 35.710000000000015
37 0.3343501400560224 1.821834170854278 35.69999999999998 35.69999999999998
38 0.3383769629063746 1.822236180904524 35.68499999999999 35.684999999999995
39 0.33465219421101744 1.8219346733668378 35.699999999999996 35.699999999999974
40 0.3362787114845938 1.821633165829148 35.700000000000024 35.69999999999998
41 0.33313211951447225 1.8215075376884386 35.750000000000014 35.74999999999999
42 0.33875350140056 1.8214070351758787 35.74000000000001 35.74
43 0.3352357609710547 1.821683417085429 35.67999999999999 35.67999999999998
44 0.3341680672268905 1.821633165829145 35.71999999999997 35.72000000000001
45 0.3339771241830063 1.8222110552763842 35.674999999999976 35.675000000000004
46 0.3365280112044815 1.8217839195979904 35.69 35.69
47 0.33471802054154987 1.821708542713571 35.699999999999974 35.69999999999999
48 0.3374108309990659 1.822613065326631 35.69999999999999 35.700000000000024
49 0.3376316526610641 1.822487437185929 35.649999999999984 35.64999999999998
50 0.3354131652661064 1.822437185929652 35.66000000000001 35.66000000000001
51 0.33440802987861795 1.8224371859296453 35.67500000000001 35.67499999999999
52 0.33758309990662916 1.8227135678391988 35.67500000000002 35.674999999999955
53 0.3342740429505136 1.822211055276382 35.70000000000001 35.69999999999999
54 0.33300233426704007 1.8216582914572894 35.72000000000001 35.720000000000006
55 0.33670074696545294 1.8217587939698507 35.71999999999997 35.72
56 0.335374883286648 1.8219849246231135 35.71999999999998 35.71999999999999
57 0.3359943977591033 1.8220351758793962 35.67499999999998 35.67499999999999
58 0.33483660130718923 1.8222613065326596 35.67999999999999 35.68000000000001
59 0.33605322128851517 1.8221859296482437 35.660000000000004 35.66
60 0.336831465919701 1.822437185929646 35.64499999999999 35.64499999999998
61 0.3365746965452845 1.821809045226131 35.729999999999976 35.730000000000004
62 0.3372941176470586 1.8215829145728637 35.69500000000001 35.694999999999986
63 0.33848552754435085 1.8218090452261293 35.66499999999997 35.665
64 0.3324038281979459 1.8213819095477366 35.69499999999998 35.69499999999999
65 0.3375364145658263 1.8221356783919584 35.66999999999999 35.669999999999966
66 0.33445004668534045 1.8219095477386913 35.665000000000006 35.665
67 0.3355760971055088 1.8219095477386935 35.700000000000024 35.70000000000002
68 0.33513118580765616 1.8217085427135677 35.69999999999998 35.699999999999996
69 0.3381661998132586 1.82178391959799 35.71999999999999 35.72
70 0.34120694338341345 1.8222864321608037 35.69 35.69000000000002
