# index clusteringCoefficient averagePathLength inDegreeMean outDegreeMean
1 0.9342349635032563 4.785596967782694 1.6016260162601625 1.6016260162601625
2 0.8165506096890367 5.176636303878299 2.589999999999999 2.5900000000000007
3 0.7249415602777098 3.9339348296174776 4.265 4.265000000000001
4 0.6408535598552532 4.438720525853182 6.849999999999999 6.850000000000004
5 0.6170607163989907 3.247771247441066 10.039999999999996 10.039999999999996
6 0.5700580121864424 2.8801122931442067 13.659999999999998 13.660000000000004
7 0.5482136796541063 2.466284880130247 17.735000000000014 17.735
8 0.5075725590440929 2.2744637164316317 21.370000000000005 21.369999999999994
9 0.5047138952259926 2.1075920141246876 24.87499999999999 24.875000000000004
10 0.46873457251374306 1.9899228764141563 27.715000000000003 27.71499999999999
11 0.44500200087719194 1.910079498019198 30.175 30.174999999999983
12 0.4214088164536564 1.8674787550317058 32.13999999999999 32.14000000000003
13 0.3991507403974683 1.852458167124279 33.644999999999996 33.645
14 0.382855189289982 1.8420418418623734 34.57999999999999 34.58000000000002
15 0.3724268805786617 1.8293776575183596 35.16499999999999 35.164999999999964
16 0.36462259428435895 1.8316455373313267 35.384999999999984 35.38500000000001
17 0.35982011071527226 1.8370495694553175 35.61000000000001 35.60999999999999
18 0.3545048242969137 1.8291711080655775 35.760000000000026 35.759999999999984
19 0.3522636394939027 1.8339195979899505 36.02499999999997 36.024999999999984
20 0.34811286441721195 1.82874169844196 36.095 36.09499999999999
21 0.34644499554742963 1.8305276381909525 36.210000000000015 36.209999999999994
22 0.3432819174694171 1.8231155778894488 36.31999999999997 36.32000000000002
23 0.342238375444897 1.8183919597989942 36.50500000000001 36.50500000000003
24 0.3425088638088638 1.8173115577889454 36.599999999999994 36.6
25 0.3409686400686401 1.816959798994976 36.66500000000005 36.664999999999985
26 0.3414362934362932 1.816809045226133 36.69000000000002 36.69
27 0.3425313422666362 1.816557788944724 36.67499999999998 36.675000000000004
28 0.3412318747318747 1.8161557788944747 36.699999999999996 36.69999999999999
29 0.3390476190476192 1.816130653266336 36.69499999999999 36.69499999999999
30 0.3401096096096097 1.8159045226130661 36.715 36.71499999999998
31 0.33848820248820244 1.816005025125627 36.729999999999954 36.72999999999998
32 0.34012012012012016 1.8159547738693511 36.694999999999986 36.69499999999999
33 0.3397737022737022 1.815577889447236 36.76500000000001 36.76500000000001
34 0.33823659373659354 1.8159045226130668 36.739999999999995 36.74
35 0.3378800943800943 1.8157537688442182 36.70499999999999 36.705
36 0.3369864864864865 1.8161306532663346 36.689999999999976 36.69
37 0.3374519519519519 1.8157537688442174 36.73999999999999 36.73999999999999
38 0.3349637494637495 1.8158793969849238 36.69500000000001 36.695
39 0.3346196911196913 1.8160050251256248 36.685 36.685
40 0.3372286572286571 1.8157537688442225 36.72499999999996 36.725
41 0.3354969969969969 1.815954773869349 36.705 36.70500000000005
42 0.3354347919347919 1.8157286432160804 36.71999999999998 36.72000000000001
43 0.3368052338052334 1.815954773869346 36.705 36.704999999999984
44 0.3327413127413128 1.8161306532663317 36.67999999999998 36.68000000000001
45 0.33241098241098216 1.8159045226130641 36.68499999999997 36.68499999999998
46 0.332581939081939 1.816055276381911 36.67500000000001 36.67500000000003
47 0.33664864864864863 1.8158291457286424 36.704999999999984 36.705000000000005
48 0.34052187902187925 1.8159547738693425 36.70500000000003 36.70500000000001
49 0.3376643071643074 1.8160552763819067 36.66500000000001 36.66499999999999
50 0.33829729729729735 1.815854271356784 36.70000000000001 36.69999999999998
51 0.33824388674388683 1.8159045226130621 36.715 36.71499999999998
52 0.33553174603174585 1.8158542713567825 36.71 36.709999999999994
53 0.3355439725439728 1.8156783919597983 36.735000000000014 36.734999999999985
54 0.33712591162591166 1.8160552763819142 36.699999999999996 36.69999999999997
55 0.337153796653797 1.8160301507537666 36.70499999999999 36.704999999999984
56 0.3366535821535821 1.8161306532663273 36.69 36.68999999999999
57 0.3371181896181895 1.8159045226130646 36.71499999999999 36.71500000000002
58 0.33643264693264674 1.815804020100501 36.74499999999998 36.745000000000005
59 0.33579643929643915 1.8159798994974863 36.695000000000036 36.69499999999998
60 0.33765208065208036 1.8159045226130683 36.709999999999994 36.71
61 0.3379249249249247 1.8158291457286395 36.72999999999999 36.72999999999998
62 0.339756971256971 1.8161306532663317 36.689999999999976 36.69
63 0.3381962676962679 1.8159798994974834 36.68500000000002 36.68499999999998
64 0.33629686829686806 1.8160552763819073 36.710000000000015 36.710000000000015
65 0.3353929643929645 1.8161557788944724 36.69500000000002 36.695
66 0.33572586872586885 1.8160552763819107 36.69999999999999 36.70000000000002
67 0.3390150150150152 1.8161306532663308 36.69999999999999 36.70000000000002
68 0.3373071643071641 1.8160552763819096 36.714999999999996 36.71499999999999
69 0.33563985413985414 1.8160050251256263 36.67000000000003 36.67
70 0.3349982839982837 1.8161306532663257 36.685000000000024 36.68499999999997
