# index clusteringCoefficient averagePathLength inDegreeMean outDegreeMean
1 0.9267376573689343 4.504182325130312 1.7967479674796754 1.7967479674796758
2 0.824244976121663 4.659587705835985 3.0450000000000004 3.044999999999999
3 0.7308943017789216 3.730578906576044 5.505000000000004 5.505000000000001
4 0.6447231591491905 3.211096192992339 8.65 8.650000000000002
5 0.6281040526649172 2.691049793402889 12.69 12.689999999999998
6 0.5651019450422826 2.340392105521548 16.359999999999985 16.359999999999992
7 0.4844850686462612 2.1521337414101915 20.945000000000014 20.944999999999993
8 0.44253824780692086 1.9714748241598745 26.09499999999999 26.095
9 0.397867860700851 1.904322420336945 28.820000000000004 28.820000000000014
10 0.3752712531439711 1.8567569757705074 31.569999999999997 31.569999999999993
11 0.36355285946579163 1.8563128140703495 32.88500000000003 32.885
12 0.3581748670482685 1.848395825280247 33.82999999999999 33.83000000000001
13 0.36085499691819733 1.8468098066088017 34.504999999999974 34.50500000000003
14 0.355527077497666 1.834630002805907 34.794999999999995 34.79499999999997
15 0.35110432051608514 1.8329464581792183 34.83 34.83
16 0.34654715219421084 1.8324450535505827 35.03000000000001 35.03000000000001
17 0.34289996604702444 1.8274286002878704 35.35999999999999 35.35999999999999
18 0.3468506069094301 1.8277316229388176 35.38 35.380000000000024
19 0.3462563025210082 1.8269740663114546 35.35500000000001 35.355000000000004
20 0.3483720821661999 1.8277568748263895 35.355000000000004 35.355
21 0.3430095917154739 1.8270854271356836 35.51000000000001 35.510000000000005
22 0.3378431372549018 1.821557788944725 35.759999999999984 35.760000000000005
23 0.33485340802987823 1.8217839195979892 35.68999999999999 35.68999999999997
24 0.3396573295985059 1.8219849246231175 35.710000000000015 35.71000000000001
25 0.33661251167133516 1.822060301507537 35.715 35.71500000000001
26 0.33484733893557395 1.8217839195979906 35.72499999999996 35.725
27 0.3322432306255835 1.8215577889447208 35.729999999999976 35.73
28 0.33894351073762896 1.821934673366835 35.684999999999995 35.684999999999995
29 0.3371848739495797 1.8216331658291505 35.73499999999997 35.73499999999999
30 0.33740336134453786 1.821834170854273 35.705 35.70500000000002
31 0.3390919701213816 1.821859296482415 35.73999999999998 35.73999999999999
32 0.33611484593837526 1.8223618090452203 35.64000000000002 35.64000000000001
33 0.3361479925303452 1.8223618090452292 35.65999999999998 35.659999999999975
34 0.33676423902894526 1.8215326633165774 35.684999999999974 35.68500000000001
35 0.3394295051353871 1.8220854271356828 35.65499999999997 35.655
36 0.3380205415499531 1.8224623115577883 35.69499999999999 35.695
37 0.33939962651727335 1.8219095477386926 35.70000000000002 35.699999999999996
38 0.3360186741363214 1.8222110552763833 35.669999999999995 35.67
39 0.34281139122315574 1.822261306532664 35.749999999999986 35.75000000000001
40 0.34149859943977573 1.8222864321608063 35.66499999999999 35.665000000000006
41 0.33983456412868174 1.82208542713568 35.675000000000004 35.675
42 0.3391965452847805 1.8216834170854297 35.740000000000016 35.73999999999999
43 0.3388944911297853 1.8219095477386957 35.7 35.69999999999998
44 0.3432936507936507 1.8230653266331613 35.625 35.624999999999964
45 0.3392941176470588 1.822286432160808 35.64500000000001 35.64499999999999
46 0.3386451914098973 1.8221356783919591 35.70999999999998 35.71
47 0.33511718020541564 1.8215829145728637 35.704999999999984 35.705000000000005
48 0.3393818860877682 1.8220351758793978 35.69499999999997 35.695
49 0.33502287581699336 1.8221105527638162 35.71999999999999 35.72
50 0.33873342670401463 1.8219849246231188 35.68500000000003 35.685000000000024
51 0.3380280112044819 1.8219095477386935 35.700000000000024 35.69999999999999
52 0.3412679738562091 1.8219346733668333 35.67000000000001 35.66999999999999
53 0.338174603174603 1.82178391959799 35.75 35.74999999999999
54 0.34148739495798325 1.8224874371859274 35.71 35.71
55 0.33718207282913193 1.8222110552763782 35.675 35.67499999999999
56 0.3410639589168998 1.8225125628140681 35.675 35.675000000000004
57 0.33489869281045764 1.8224623115577905 35.680000000000035 35.679999999999986
58 0.34040149393090546 1.8214824120603001 35.745 35.745000000000005
59 0.33640662931839393 1.8218090452261335 35.714999999999975 35.714999999999996
60 0.3361031746031745 1.8222110552763833 35.71000000000004 35.71
61 0.334767973856209 1.8220603015075376 35.68500000000002 35.68499999999999
62 0.3378258636788049 1.822311557788944 35.720000000000006 35.71999999999999
63 0.3378608776844072 1.8221105527638146 35.69000000000001 35.69
64 0.3353361344537815 1.8220100502512555 35.70500000000001 35.70499999999999
65 0.33792390289449104 1.821608040201005 35.730000000000025 35.72999999999999
66 0.34099155419743654 1.8223618090452243 35.65500000000003 35.654999999999994
67 0.33771288515406134 1.821809045226125 35.710000000000015 35.71
68 0.3373728461081399 1.8218090452261313 35.690000000000026 35.690000000000005
69 0.3318907563025207 1.8216080402010097 35.69499999999999 35.69499999999999
70 0.3362278244631184 1.8214070351758824 35.69999999999999 35.70000000000003
