# index clusteringCoefficient averagePathLength inDegreeMean outDegreeMean
1 0.9376681448632668 4.966187231895058 1.6747967479674801 1.6747967479674795
2 0.8200052076492015 4.430095576794851 2.8950000000000022 2.8950000000000005
3 0.7282356918403089 3.859230560087003 5.099999999999998 5.099999999999999
4 0.6711279704518225 3.6624656375555045 7.735000000000004 7.734999999999996
5 0.6607937943698574 3.0935798363168012 10.915 10.915000000000003
6 0.5917099262180073 2.5475713358358476 15.384999999999996 15.384999999999996
7 0.4806768301623301 2.1779723831224005 20.65500000000001 20.654999999999998
8 0.39005345947564135 2.002499202382213 25.325 25.324999999999992
9 0.3654912161973081 1.9304130491975804 28.350000000000005 28.35000000000001
10 0.3539826058516394 1.8841108642758908 29.70000000000001 29.7
11 0.34356281793089205 1.875212646235181 30.26 30.260000000000005
12 0.3435314929246379 1.8741160929365142 30.655000000000012 30.655
13 0.3344873862301517 1.8616018235507457 31.000000000000007 31.000000000000014
14 0.3329963279906966 1.8618349479355571 31.200000000000006 31.2
15 0.32667104997528235 1.8489885324056163 31.53000000000001 31.53
16 0.32804588220918857 1.8480905014688442 31.675000000000004 31.67499999999999
17 0.328934069962296 1.8488142545827446 31.82999999999999 31.830000000000005
18 0.32534426930596294 1.8523679001065898 32.075 32.075
19 0.31987152981427164 1.8462514593167845 32.18500000000002 32.18499999999998
20 0.3201753421309874 1.847596568702097 32.23000000000001 32.23
21 0.318715481427175 1.8457362187823514 32.36500000000001 32.365000000000016
22 0.3151823680351906 1.845155425368048 32.385000000000026 32.385000000000005
23 0.31378329667644167 1.8448994974874364 32.545000000000016 32.54500000000001
24 0.30737043534422576 1.8395728643216087 32.64499999999999 32.64500000000001
25 0.30741507820136854 1.8396482412060253 32.71000000000001 32.71000000000001
26 0.30963587487781014 1.8403517587939657 32.67499999999998 32.67499999999998
27 0.30789283968719416 1.8399246231155801 32.724999999999994 32.72499999999998
28 0.30474798387096763 1.8389698492462325 32.72000000000001 32.719999999999985
29 0.31060331133919844 1.8399748743718571 32.684999999999995 32.684999999999974
30 0.3095051319648093 1.8388442211055274 32.73500000000003 32.735000000000014
31 0.31101539589442806 1.8390954773869346 32.70000000000002 32.69999999999999
32 0.30853708455522943 1.8390201005025162 32.724999999999966 32.72500000000001
33 0.3094327346041058 1.8387185929648227 32.74500000000001 32.74499999999999
34 0.30971285434995116 1.8388190954773898 32.699999999999996 32.69999999999999
35 0.31225562072336294 1.839623115577884 32.69 32.68999999999998
36 0.3099917521994135 1.839648241206028 32.68499999999997 32.684999999999974
37 0.3118090175953077 1.8398994974874356 32.655 32.654999999999966
38 0.30870142961876834 1.8401005025125592 32.650000000000006 32.65000000000002
39 0.31096743646138786 1.8396733668341716 32.66 32.660000000000004
40 0.30918896627566006 1.8389447236180934 32.740000000000016 32.739999999999995
41 0.3101331867057674 1.838467336683417 32.69 32.69000000000001
42 0.3072186583577713 1.8388190954773898 32.69500000000001 32.69499999999998
43 0.30852761485825986 1.8383417085427107 32.72500000000001 32.724999999999994
44 0.30798539833822064 1.8380402010050265 32.65500000000003 32.65499999999997
45 0.30610245601173025 1.8380150753768851 32.67499999999998 32.67500000000002
46 0.30808742668621664 1.8385175879397 32.68500000000004 32.68499999999999
47 0.31107099217986317 1.8389698492462319 32.710000000000015 32.71
48 0.30931268328445727 1.8387437185929663 32.70499999999999 32.70499999999999
49 0.30775140518084043 1.8383165829145742 32.73500000000002 32.73499999999998
50 0.30862628299120215 1.8388190954773862 32.714999999999975 32.715
51 0.30971896383186726 1.8395226130653288 32.68 32.68
52 0.3101056940371456 1.8389949748743741 32.70499999999999 32.705000000000005
53 0.3077770650048875 1.839145728643221 32.685000000000024 32.68499999999998
54 0.30775782013685254 1.8396231155778895 32.62999999999998 32.63
55 0.3079307184750731 1.8386683417085419 32.70000000000001 32.70000000000001
56 0.3114613880742912 1.8395226130653288 32.68499999999998 32.68499999999999
57 0.3114054863147602 1.8387688442211034 32.739999999999995 32.739999999999995
58 0.31084585777126106 1.8395979899497494 32.725000000000016 32.72499999999998
59 0.3135459433040072 1.8388442211055298 32.73000000000002 32.72999999999999
60 0.3083568548387098 1.839798994974873 32.69000000000001 32.690000000000026
61 0.3090050708699903 1.8388442211055285 32.725000000000016 32.72499999999997
62 0.307860764907136 1.8387185929648198 32.74499999999999 32.745000000000005
63 0.31083424975562096 1.8395728643216103 32.69000000000002 32.68999999999997
64 0.3106072825024437 1.8404271356783934 32.660000000000004 32.65999999999999
65 0.31085685483870956 1.8398492462311544 32.68500000000001 32.685
66 0.311384714076246 1.8400251256281472 32.66000000000001 32.66
67 0.30606885386119254 1.8395226130653277 32.70499999999999 32.70499999999999
68 0.31049181329423226 1.8391959798994975 32.71000000000001 32.71000000000001
69 0.30872678396871905 1.839924623115579 32.67999999999998 32.67999999999999
70 0.31291544477028355 1.8388442211055303 32.67 32.670000000000016
