# index clusteringCoefficient averagePathLength inDegreeMean outDegreeMean
1 0.9292658158931737 4.857319638658585 1.6585365853658536 1.6585365853658536
2 0.8240275189828423 4.408510638297856 2.7850000000000006 2.7849999999999997
3 0.7265286305517874 3.696831974334983 4.524999999999998 4.524999999999997
4 0.6727984799044711 3.733190950798925 6.959999999999999 6.959999999999999
5 0.6420417835104792 3.2781161892164743 9.620000000000005 9.620000000000001
6 0.6009092891355554 2.8748788154763742 13.019999999999994 13.02
7 0.5697448415152835 2.482288437248814 16.754999999999992 16.755000000000017
8 0.5218359257543941 2.234850836837795 20.76 20.759999999999998
9 0.4740590501410914 2.095582871808721 24.759999999999987 24.76000000000001
10 0.4533808444425123 1.966959340807779 28.224999999999994 28.22500000000002
11 0.4362165767982252 1.903589661347662 31.019999999999992 31.020000000000007
12 0.4143267711429675 1.8650886008992338 33.30500000000001 33.305000000000035
13 0.40689685101246587 1.8518111390284737 35.12000000000001 35.12000000000002
14 0.40750394132892964 1.8376779731993322 36.47999999999998 36.480000000000025
15 0.4048395350565487 1.8348184220069397 37.45000000000002 37.44999999999999
16 0.4017964177005279 1.8319659522100276 38.13000000000001 38.13000000000001
17 0.39745837665654354 1.8186831593866797 38.65999999999999 38.66000000000003
18 0.39675197222781217 1.8130910965081797 38.949999999999996 38.949999999999996
19 0.39539745568580614 1.8154804635422024 39.145 39.145
20 0.3932412077401318 1.8087617575054702 39.23999999999998 39.23999999999998
21 0.3935391939040849 1.8084009792552496 39.34499999999999 39.345
22 0.3908111319574733 1.8080917407550565 39.28500000000002 39.28500000000001
23 0.38930887608326614 1.8055662930034782 39.30000000000001 39.30000000000002
24 0.3872897976007728 1.805148189929232 39.385 39.38499999999999
25 0.3854180575796252 1.8018774073412755 39.71000000000001 39.71
26 0.37899319366540846 1.8014060199989819 39.92500000000001 39.925
27 0.38131604245703243 1.8017867113344486 40.025 40.02500000000001
28 0.37921601575423686 1.7987411806507276 40.120000000000005 40.12000000000002
29 0.37374440639909196 1.7992222418625807 40.30499999999999 40.305
30 0.3765347091932456 1.79722734274387 40.48500000000001 40.485000000000014
31 0.37587661931564365 1.7984673366834156 40.609999999999985 40.60999999999997
32 0.37717213883677286 1.798869346733667 40.68000000000003 40.679999999999986
33 0.37537226391494705 1.7978140703517584 40.66500000000001 40.665
34 0.37652517198248886 1.7968592964824113 40.68500000000001 40.68499999999999
35 0.3747160725453406 1.7962060301507567 40.715000000000025 40.71499999999999
36 0.3719809255784871 1.7959798994974883 40.69500000000001 40.69499999999997
37 0.3724219824890559 1.7961809045226123 40.67500000000001 40.67499999999999
38 0.3732892432770485 1.7962060301507523 40.660000000000004 40.65999999999998
39 0.3725501876172606 1.7956783919598023 40.72500000000001 40.725
40 0.37127595372107564 1.7958291457286422 40.67000000000003 40.66999999999998
41 0.371576923076923 1.7958040201005039 40.669999999999995 40.66999999999999
42 0.36940509693558476 1.7958291457286468 40.654999999999994 40.65499999999997
43 0.36923311444652923 1.7956030150753821 40.70000000000002 40.69999999999999
44 0.36784302689180715 1.7956281407035162 40.684999999999995 40.68499999999999
45 0.36769480925578485 1.7956281407035213 40.690000000000005 40.689999999999976
46 0.3717035647279552 1.7955025125628143 40.714999999999996 40.715
47 0.3712090368980614 1.7955025125628148 40.72000000000003 40.72000000000001
48 0.37090478424014994 1.7956532663316633 40.690000000000005 40.690000000000005
49 0.36995137585991267 1.7955527638190933 40.705 40.70500000000002
50 0.37054487179487183 1.7956532663316611 40.67999999999999 40.680000000000014
51 0.37231644777986267 1.7955276381909573 40.7 40.7
52 0.37251188242651656 1.7953517587939702 40.75 40.75000000000001
53 0.37214274546591597 1.795326633165829 40.74499999999999 40.74500000000002
54 0.37009844968895017 1.7956281407035162 40.68000000000001 40.67999999999997
55 0.3726683864915573 1.795653266331661 40.69 40.68999999999999
56 0.37225359599749863 1.795703517587934 40.66499999999999 40.66499999999996
57 0.37288654915901376 1.795502512562812 40.69999999999999 40.69999999999995
58 0.3713913383364602 1.795427135678392 40.71999999999998 40.71999999999999
59 0.3690207942464039 1.795301507537683 40.73500000000001 40.73499999999999
60 0.36714602876797997 1.7955276381909533 40.70000000000002 40.7
61 0.36809193245778604 1.795326633165833 40.73499999999999 40.73500000000001
62 0.3699149468417761 1.7956030150753732 40.68000000000001 40.68
63 0.3678621013133209 1.7955778894472383 40.68999999999999 40.68999999999999
64 0.36922560975609736 1.7956030150753777 40.68500000000003 40.68499999999998
65 0.3705626954346467 1.7955527638190962 40.70499999999999 40.704999999999984
66 0.3711067854909318 1.7956281407035153 40.68000000000001 40.68
67 0.3759785803627264 1.7954773869346723 40.70500000000003 40.70500000000001
68 0.37419762351469665 1.795653266331656 40.680000000000014 40.68000000000004
69 0.37260350218886784 1.7956030150753755 40.68499999999999 40.68499999999999
70 0.37302454659161977 1.795301507537687 40.739999999999974 40.740000000000016
