# index clusteringCoefficient averagePathLength inDegreeMean outDegreeMean
1 0.912843451302702 4.5413997340747025 1.6991869918699183 1.699186991869919
2 0.8133174795792445 4.968246793604163 2.7199999999999984 2.7200000000000015
3 0.7307825061035063 3.4926247924196514 4.495 4.495000000000004
4 0.6705212595645109 3.4659556608897426 7.134999999999999 7.135
5 0.6555941076621293 3.1151633561271947 10.455000000000004 10.455
6 0.6466371439392857 2.750007963558755 14.689999999999998 14.690000000000003
7 0.6108726571707301 2.497950437861022 18.254999999999992 18.255000000000003
8 0.587582633593181 2.2706064836357904 21.954999999999995 21.955
9 0.5616433940753164 2.12623298788862 25.44999999999999 25.449999999999974
10 0.5491270404269328 2.0387376701211215 28.61999999999999 28.620000000000008
11 0.5385999112691034 1.9881644137256023 31.085 31.085
12 0.5381414003564666 1.9402444267026975 33.39999999999998 33.40000000000001
13 0.5415923578264401 1.9346541221880453 35.219999999999985 35.21999999999999
14 0.5419722956918948 2.083389166623712 36.26499999999999 36.26499999999997
15 0.539323462912298 2.02737845468438 36.80499999999999 36.805
16 0.5300022716748353 1.9887963081656097 37.1 37.09999999999999
17 0.5186472983183902 1.956533938729179 37.28000000000001 37.279999999999994
18 0.5116329589219175 1.9378965534744426 37.730000000000004 37.72999999999998
19 0.5092074953069873 1.9237094563727715 38.23000000000001 38.23
20 0.4999257827867561 1.8999035581950137 38.419999999999995 38.42000000000004
21 0.47837107984363514 1.8562562814070351 38.940000000000005 38.940000000000005
22 0.447464131120611 1.814777404610999 39.6 39.59999999999999
23 0.4214663395273107 1.8066834170854227 40.02500000000003 40.02500000000003
24 0.40138896110003003 1.80243718592965 40.34500000000001 40.34499999999999
25 0.3890416131792895 1.7963940304537738 40.48499999999998 40.48500000000002
26 0.3779886982935764 1.79778894472362 40.54500000000002 40.54500000000002
27 0.37555598345457125 1.7960804020100487 40.635000000000005 40.635000000000005
28 0.373380800500313 1.7962311557788935 40.624999999999964 40.624999999999964
29 0.37264540337711066 1.7956030150753783 40.69500000000002 40.69499999999998
30 0.36920075046904294 1.7959296482412002 40.65999999999999 40.65999999999998
31 0.37165322076297663 1.7958291457286424 40.65499999999999 40.65499999999998
32 0.372633520950594 1.7956783919597945 40.67 40.67
33 0.3718237961225763 1.7955527638190976 40.71 40.70999999999999
34 0.3708112883051908 1.7956281407035146 40.695 40.69500000000001
35 0.3714364569961491 1.7957286432160808 40.68500000000001 40.68499999999996
36 0.3711277360850531 1.795628140703518 40.694999999999986 40.694999999999986
37 0.3694349593495934 1.7955527638190998 40.7 40.69999999999998
38 0.3723811757348342 1.7956281407035197 40.69499999999998 40.694999999999965
39 0.3710819262038772 1.7956030150753777 40.690000000000026 40.68999999999997
40 0.36889853033145714 1.7957788944723612 40.66500000000001 40.665000000000006
41 0.3716347717323327 1.7954522613065331 40.725000000000016 40.72499999999999
42 0.3691480612883051 1.795452261306535 40.714999999999975 40.71499999999999
43 0.3713552220137585 1.7953517587939742 40.72999999999998 40.730000000000004
44 0.369836616635397 1.7954522613065333 40.71000000000001 40.710000000000015
45 0.3672109130706692 1.7956532663316604 40.67500000000001 40.67499999999997
46 0.3681246091307068 1.795527638190955 40.70000000000004 40.7
47 0.36756988742964347 1.795552763819094 40.70499999999997 40.705
48 0.3694405878674173 1.7954773869346734 40.7 40.69999999999999
49 0.3685010944340215 1.79550251256282 40.710000000000015 40.709999999999994
50 0.3703816447779864 1.795603015075374 40.67499999999998 40.675
51 0.36973186366479055 1.7954522613065305 40.71999999999999 40.72
52 0.36940712945591003 1.7954271356783964 40.715 40.71499999999999
53 0.3712725140712947 1.795628140703522 40.67999999999999 40.679999999999964
54 0.3714620075046905 1.795678391959796 40.67999999999999 40.68000000000001
55 0.37075703564727924 1.7953768844221143 40.724999999999994 40.725000000000016
56 0.37213758599124447 1.7952261306532649 40.75499999999999 40.755
57 0.3700045340838029 1.795402010050255 40.72499999999996 40.725
58 0.3708517823639774 1.7954773869346763 40.70999999999998 40.71
59 0.3696704190118821 1.7957286432160808 40.65999999999998 40.66
60 0.3683733583489681 1.7956532663316591 40.69500000000001 40.69500000000002
61 0.3689355847404628 1.7955527638190905 40.68999999999998 40.689999999999976
62 0.37034459036898065 1.7956281407035133 40.68000000000002 40.68
63 0.3716827704815511 1.7959045226130645 40.65 40.64999999999999
64 0.37147861327803544 1.7957788944723625 40.65999999999998 40.66
65 0.3696394621638524 1.7955276381909504 40.71000000000001 40.709999999999994
66 0.3690028142589118 1.7957286432160793 40.675 40.675000000000004
67 0.36883943089430893 1.7957035175879374 40.68000000000001 40.680000000000035
68 0.3717478111319575 1.7955778894472347 40.70000000000001 40.699999999999996
69 0.37122889305816126 1.795527638190952 40.69999999999998 40.70000000000002
70 0.3683338023764852 1.795527638190954 40.705 40.705000000000005
