# index clusteringCoefficient averagePathLength inDegreeMean outDegreeMean
1 0.9051109234036063 4.370897406472338 1.975609756097561 1.975609756097561
2 0.812378525033312 4.707329338306125 3.3949999999999987 3.3949999999999996
3 0.7150619438236663 3.6198626403575673 5.8799999999999955 5.88
4 0.6254389954049241 3.5505265797392176 8.839999999999996 8.839999999999996
5 0.5568062215609502 2.7664849262347735 13.210000000000003 13.209999999999997
6 0.4896007835273778 2.340677166283255 18.805000000000003 18.804999999999996
7 0.45157607715805553 2.1611515021918213 24.529999999999998 24.53000000000001
8 0.4221319576831306 1.9694268863558224 30.725 30.725
9 0.40116367840988454 1.8619001744473656 35.944999999999986 35.944999999999986
10 0.4102154452575977 1.8152159762543278 39.34499999999999 39.344999999999985
11 0.41476571535096435 1.8012141927913665 41.87499999999999 41.87500000000001
12 0.4227886526705468 1.787286687243318 43.38000000000001 43.38
13 0.4175907916373034 1.7860112746473484 43.53500000000002 43.535
14 0.4164396288466054 1.7856453987107253 43.81499999999999 43.81500000000004
15 0.4130709923151782 1.7854169839094456 43.819999999999986 43.82
16 0.4132485318299269 1.7855946398659988 43.78499999999998 43.785000000000004
17 0.4125832867569035 1.7812039997969609 43.88499999999998 43.885
18 0.4136033759522131 1.7853589555819305 44.03499999999997 44.03500000000002
19 0.40915222797339884 1.7812176460190376 44.099999999999994 44.09999999999998
20 0.40849119097956305 1.7804853412792614 44.25000000000001 44.24999999999999
21 0.4100737608644589 1.7804095856165278 44.260000000000005 44.260000000000005
22 0.40623619920131554 1.780763112042631 44.20000000000002 44.20000000000001
23 0.40851997116311467 1.7759905052902738 44.36500000000002 44.365000000000016
24 0.408256753582335 1.7756281407035173 44.66999999999998 44.670000000000016
25 0.4060711768851303 1.7756281407035173 44.665 44.66499999999999
26 0.4062127084801503 1.775653266331656 44.65 44.64999999999999
27 0.40808480150340587 1.775402010050257 44.69999999999995 44.7
28 0.406031712473573 1.7753266331658277 44.70999999999999 44.709999999999994
29 0.4071768851303733 1.775452261306532 44.69499999999998 44.695
30 0.40736798214705205 1.7753768844221176 44.70999999999999 44.709999999999994
31 0.4076684284707538 1.7752763819095474 44.724999999999994 44.72500000000001
32 0.4076437632135307 1.7754773869346756 44.68999999999998 44.68999999999997
33 0.4078888888888889 1.775628140703519 44.65999999999999 44.659999999999975
34 0.40479140239605355 1.7754271356783926 44.69000000000001 44.68999999999999
35 0.40216420014094423 1.7755527638190944 44.670000000000016 44.66999999999998
36 0.4044813248766739 1.7752512562814078 44.725000000000016 44.725
37 0.4068256988489549 1.7753768844221047 44.709999999999994 44.71000000000001
38 0.4036734789758046 1.775351758793972 44.70499999999999 44.70499999999998
39 0.40662309137890545 1.775628140703511 44.659999999999975 44.660000000000004
40 0.40495102184637083 1.7756030150753783 44.659999999999975 44.66
41 0.40429257693211185 1.7756281407035162 44.65500000000001 44.65499999999998
42 0.4038027953958185 1.7752763819095498 44.71999999999999 44.72
43 0.39945442800093967 1.7756281407035124 44.65999999999998 44.65999999999999
44 0.404392177589852 1.7753517587939684 44.70999999999998 44.709999999999994
45 0.40372891707775416 1.7754020100502517 44.695000000000014 44.69499999999997
46 0.40796253229974155 1.775452261306537 44.68499999999998 44.68500000000001
47 0.40851139299976524 1.7755527638190944 44.67 44.669999999999995
48 0.4031215644820297 1.7757537688442233 44.639999999999986 44.64
49 0.40626614987080095 1.7752763819095463 44.72500000000001 44.724999999999994
50 0.4031523373267557 1.7755527638190927 44.685 44.68499999999999
51 0.4054332863518909 1.7753768844221092 44.69999999999996 44.69999999999998
52 0.40388407329104986 1.7754773869346723 44.680000000000014 44.679999999999986
53 0.4016209772140003 1.7753768844221076 44.70000000000001 44.7
54 0.4069583039699317 1.7755778894472387 44.67499999999998 44.675
55 0.4068945266619683 1.775427135678388 44.690000000000026 44.68999999999998
56 0.4052675593140712 1.7755276381909606 44.669999999999995 44.670000000000016
57 0.4073493070237255 1.775628140703518 44.66 44.65999999999999
58 0.4034235377026072 1.7756030150753759 44.65499999999999 44.654999999999966
59 0.4044222457129436 1.7755527638190978 44.665000000000035 44.66499999999997
60 0.4055247827108297 1.7755527638190933 44.67499999999999 44.67500000000001
61 0.4088266384778013 1.7754522613065298 44.68999999999997 44.68999999999997
62 0.40635247827108295 1.7755527638190927 44.664999999999985 44.66499999999998
63 0.40544174301151015 1.77540201005025 44.695 44.695
64 0.40334496124031 1.7754271356783897 44.69499999999999 44.694999999999986
65 0.404487667371388 1.7755276381909588 44.68499999999998 44.684999999999974
66 0.4045312426591496 1.7753266331658342 44.70999999999998 44.71000000000005
67 0.4037112990368804 1.77532663316583 44.71500000000002 44.715
68 0.40580443974630037 1.7755527638190967 44.67000000000002 44.67
69 0.40747733145407544 1.7754020100502483 44.70499999999999 44.70500000000001
70 0.40169873150105717 1.7753266331658273 44.71 44.71000000000001
