# index clusteringCoefficient averagePathLength inDegreeMean outDegreeMean
1 0.9403195253737117 4.680964828897337 1.7804878048780484 1.7804878048780486
2 0.8209753402988433 4.603082724175572 3.1799999999999997 3.1799999999999997
3 0.6967627555534832 3.5395183815203475 5.275000000000002 5.2749999999999995
4 0.6481665964399248 3.334462431814185 8.989999999999991 8.990000000000004
5 0.625706841578815 2.914253654583436 13.424999999999997 13.425000000000002
6 0.5456240273007243 2.416346319352806 18.405 18.405000000000012
7 0.44903871965270137 2.1098443916144607 24.745000000000005 24.744999999999997
8 0.3954217947656953 1.9614570313496416 30.935000000000002 30.93499999999999
9 0.3885271701324872 1.8633012779634204 35.724999999999994 35.725000000000016
10 0.38625984889956405 1.8204474147386747 38.41500000000003 38.41499999999999
11 0.3872115076011679 1.8063296279376682 39.82 39.82000000000002
12 0.38696937397788395 1.8010151258806617 40.69 40.69000000000002
13 0.3887786933274738 1.7978586399333358 41.04999999999998 41.05000000000002
14 0.38726732481610554 1.7968233125426125 41.12500000000001 41.125
15 0.38800977545489734 1.7960657559152546 41.20500000000001 41.20500000000002
16 0.3875142276422763 1.7958637408146252 41.234999999999985 41.235
17 0.38903368176538905 1.795510214388527 41.304999999999986 41.305000000000014
18 0.3841204994192797 1.7958793969849243 41.47499999999997 41.474999999999994
19 0.38412049941927995 1.7956030150753772 41.48499999999999 41.484999999999964
20 0.3789004065040648 1.7914070351758824 41.59000000000002 41.590000000000025
21 0.38002526132404213 1.7905778894472377 41.68499999999998 41.68499999999998
22 0.38190911730545873 1.7906281407035205 41.71000000000002 41.709999999999994
23 0.38329248190833554 1.7909045226130635 41.70499999999996 41.70500000000002
24 0.381896051103368 1.7914824120603001 41.66000000000001 41.66
25 0.38035772357723624 1.790929648241206 41.64 41.63999999999998
26 0.3795647502903602 1.79072864321608 41.69000000000001 41.68999999999999
27 0.379953832752613 1.7909296482412045 41.64500000000002 41.64500000000002
28 0.37993060394889666 1.7905527638190943 41.694999999999965 41.695
29 0.38109872241579557 1.790678391959799 41.685 41.685
30 0.37843379790940795 1.7907035175879416 41.66999999999999 41.670000000000016
31 0.3831466318234609 1.7906532663316577 41.69500000000001 41.69499999999996
32 0.38272880371660856 1.7904773869346753 41.71000000000002 41.710000000000015
33 0.3784764808362371 1.7905778894472344 41.71000000000003 41.71000000000001
34 0.37935162601626016 1.790628140703522 41.68500000000002 41.68499999999998
35 0.38142334494773505 1.7906281407035114 41.70500000000002 41.705
36 0.3824683507549359 1.7905527638190932 41.69499999999999 41.69500000000001
37 0.3809477351916375 1.7905778894472362 41.71000000000001 41.71000000000001
38 0.3818945993031358 1.790427135678396 41.73499999999998 41.735
39 0.3820791119449657 1.790829145728644 41.65 41.65000000000003
40 0.3825656213704997 1.7908040201005029 41.67 41.66999999999998
41 0.3788193960511035 1.7904522613065341 41.720000000000006 41.720000000000006
42 0.3813315911730544 1.7904522613065326 41.714999999999996 41.71499999999998
43 0.38107868757259006 1.7905527638191006 41.69000000000003 41.689999999999955
44 0.3817955865272937 1.7908040201005055 41.66000000000001 41.65999999999999
45 0.37858943089430896 1.7905778894472326 41.695000000000014 41.695000000000014
46 0.3792897793263647 1.790527638190954 41.699999999999996 41.69999999999999
47 0.38152613240418126 1.7904522613065346 41.734999999999985 41.73500000000002
48 0.38022531939605114 1.7903266331658263 41.76 41.75999999999999
49 0.38042886178861823 1.7903768844221097 41.724999999999994 41.72500000000002
50 0.3792488385598143 1.790452261306536 41.714999999999996 41.715000000000025
51 0.383363530778165 1.790502512562815 41.70499999999996 41.705000000000005
52 0.3811707317073173 1.7906783919598004 41.67000000000005 41.67000000000001
53 0.38376335656213717 1.7904773869346748 41.70999999999998 41.709999999999994
54 0.3802976190476191 1.7907286432160778 41.66000000000001 41.65999999999999
55 0.3780542973286876 1.7904271356783872 41.720000000000006 41.719999999999985
56 0.3816364692218348 1.7905527638190992 41.69999999999999 41.69999999999997
57 0.38048722415795583 1.790301507537688 41.75 41.74999999999999
58 0.38151422764227677 1.7905527638190937 41.70999999999999 41.71000000000001
59 0.3810429732868757 1.790527638190954 41.70500000000001 41.705
60 0.38302235772357746 1.790552763819097 41.7 41.699999999999974
61 0.38109117305458773 1.7906030150753776 41.67500000000002 41.67499999999999
62 0.38402235772357735 1.7908040201005018 41.675000000000004 41.674999999999976
63 0.3776399535423925 1.790678391959793 41.67499999999999 41.67499999999998
64 0.3808763066202088 1.7905025125628107 41.705000000000005 41.705000000000005
65 0.38225261324041826 1.7906532663316594 41.679999999999986 41.679999999999986
66 0.38263385598141697 1.7906281407035187 41.68999999999998 41.68999999999999
67 0.38122764227642264 1.7904773869346748 41.71000000000001 41.71
68 0.3835687483248463 1.7906030150753762 41.68999999999998 41.68999999999999
69 0.3832349012775839 1.7907286432160825 41.68 41.68000000000003
70 0.3808019744483158 1.7908040201005047 41.660000000000004 41.659999999999975
