# index clusteringCoefficient averagePathLength inDegreeMean outDegreeMean
1 0.9200890467935814 4.252752513164203 1.8699186991869918 1.8699186991869923
2 0.8134945519637705 4.332782286344001 3.180000000000001 3.1799999999999997
3 0.7193472090900619 3.3790794389229486 5.319999999999998 5.320000000000001
4 0.6408078259084171 3.351948403043295 8.699999999999998 8.700000000000003
5 0.5791818900833507 2.8724152667740612 12.640000000000002 12.640000000000002
6 0.5294618213202823 2.420770424721306 18.315 18.315
7 0.4683483535413622 2.1137000793441225 24.495000000000015 24.494999999999994
8 0.4104031201816698 1.9169144150069721 30.554999999999993 30.555000000000003
9 0.38776269021896004 1.8542233273758641 34.87499999999998 34.87499999999999
10 0.3828949537987329 1.8210539878881595 37.90000000000004 37.89999999999999
11 0.39129675427487093 1.8134598128445056 38.95499999999997 38.955000000000005
12 0.3862318427186848 1.8149631405759779 39.249999999999986 39.24999999999997
13 0.38377444235980823 1.823435358611239 39.300000000000004 39.30000000000001
14 0.3852667512299676 1.807199261614195 39.33999999999999 39.33999999999999
15 0.3861500887651557 1.810575721245823 39.41000000000001 39.40999999999998
16 0.38522967479674824 1.8045023095274377 39.87500000000001 39.87500000000003
17 0.38544092289824 1.8028272676513852 39.92 39.91999999999998
18 0.38174468417761126 1.7969138622404948 40.16500000000001 40.16499999999999
19 0.3822007912554043 1.7963808943708448 40.215000000000025 40.214999999999996
20 0.3831799562226393 1.7958986853459216 40.33 40.33000000000002
21 0.37456252171496085 1.7961667634655691 40.419999999999995 40.41999999999998
22 0.3778162420591816 1.795888992702202 40.445 40.44499999999995
23 0.3720866017451387 1.7961055276381916 40.62000000000001 40.62000000000001
24 0.3766597873671045 1.7959045226130639 40.670000000000016 40.669999999999995
25 0.37651749448668576 1.7957537688442256 40.709999999999994 40.71000000000001
26 0.37841994996873046 1.7957035175879346 40.69500000000001 40.69500000000001
27 0.377003908692933 1.7957537688442238 40.675000000000004 40.674999999999976
28 0.37319512195121896 1.7955778894472318 40.695 40.69500000000002
29 0.37552548467792346 1.7956281407035215 40.705000000000005 40.70499999999999
30 0.3731388367729832 1.7959296482412075 40.66499999999998 40.66499999999997
31 0.37711632270168816 1.7956281407035135 40.709999999999994 40.710000000000015
32 0.3763896185115695 1.7956532663316591 40.69500000000001 40.695
33 0.376877110694184 1.795829145728649 40.67000000000002 40.66999999999997
34 0.3723628830519077 1.7957035175879419 40.69499999999999 40.69500000000001
35 0.3736447779862415 1.7959045226130639 40.66500000000002 40.665
36 0.37779799874921827 1.795527638190952 40.72500000000001 40.725
37 0.3733111319574734 1.7956281407035226 40.709999999999994 40.71000000000002
38 0.37445137585991256 1.7958542713567824 40.62999999999998 40.62999999999997
39 0.3774063477173232 1.795954773869343 40.650000000000006 40.649999999999984
40 0.37655253283302104 1.7958542713567835 40.65499999999999 40.654999999999994
41 0.3727342088805505 1.795879396984926 40.68000000000004 40.679999999999986
42 0.37333802376485287 1.7957035175879419 40.705 40.705
43 0.37208380237648536 1.7958542713567847 40.70500000000001 40.705
44 0.3755334584115072 1.7955025125628103 40.730000000000004 40.72999999999998
45 0.3729687386853623 1.7959547738693453 40.67 40.67
46 0.37491651031894935 1.7957035175879434 40.695000000000014 40.69499999999999
47 0.3722399937460914 1.795628140703518 40.695 40.694999999999986
48 0.37317557848655397 1.7957035175879403 40.68999999999998 40.69000000000001
49 0.37613383364602887 1.7956281407035173 40.705000000000005 40.70500000000001
50 0.37562210756722986 1.7956281407035184 40.70000000000002 40.700000000000024
51 0.3723954033771109 1.7957286432160746 40.66499999999999 40.665
52 0.3721064727954977 1.795854271356784 40.66 40.65999999999997
53 0.3707182614133835 1.7956532663316571 40.679999999999986 40.67999999999998
54 0.3748417761100689 1.7957035175879448 40.68500000000001 40.68500000000002
55 0.3719759224515323 1.7955276381909562 40.70000000000001 40.7
56 0.3721316447779865 1.7957537688442262 40.69499999999999 40.69499999999999
57 0.37474624765478426 1.795628140703519 40.71499999999998 40.71499999999998
58 0.3747315509693558 1.7958040201004986 40.68 40.67999999999999
59 0.37392917448405255 1.7955778894472383 40.69500000000002 40.694999999999986
60 0.37190478424014983 1.7954522613065362 40.714999999999996 40.714999999999996
61 0.37162992495309605 1.7956281407035175 40.69 40.69
62 0.37354690431519705 1.7956783919597983 40.67999999999999 40.67999999999999
63 0.37174953095684815 1.7957035175879372 40.69000000000002 40.69
64 0.37252220137585995 1.7958793969849265 40.69999999999999 40.700000000000024
65 0.377385866166354 1.795728643216081 40.71000000000001 40.71000000000001
66 0.3745093808630394 1.7958291457286433 40.66999999999998 40.66999999999998
67 0.37612038774233925 1.7960804020100452 40.659999999999975 40.65999999999999
68 0.37657911194496607 1.796005025125631 40.61500000000004 40.61500000000002
69 0.37377564102564115 1.7957537688442182 40.68 40.68000000000001
70 0.3735767667292058 1.795728643216083 40.69000000000001 40.690000000000005
