# index clusteringCoefficient averagePathLength inDegreeMean outDegreeMean
1 0.9287030677972242 4.402025378233288 1.7642276422764227 1.7642276422764225
2 0.7983310030536663 4.789774863205379 2.990000000000001 2.9899999999999998
3 0.69663786454158 3.6820627347477393 5.28 5.28
4 0.6292289516692989 3.407898144151917 8.57 8.569999999999993
5 0.5690971022427924 2.9600669305274185 12.400000000000007 12.4
6 0.5159838922882992 2.345886675469315 17.699999999999996 17.70000000000001
7 0.4419476617318898 2.160101037244073 23.299999999999994 23.30000000000001
8 0.38606493293443495 1.9812278691939154 27.970000000000013 27.970000000000002
9 0.36073245409914806 1.892293098143782 31.59500000000001 31.595000000000002
10 0.3549039540365835 1.8594479937375334 34.355000000000004 34.355000000000004
11 0.36353999081621574 1.8420494431958803 35.78500000000003 35.78499999999999
12 0.36135897628115343 1.8324196741282175 36.165000000000035 36.165000000000006
13 0.360511937446785 1.8295979899497465 36.970000000000034 36.97000000000002
14 0.3594381146851432 1.8284170854271387 37.04999999999996 37.05000000000002
15 0.35930137588032296 1.8230904522613123 37.19 37.18999999999999
16 0.35544119307277183 1.8175628140703504 37.41999999999997 37.42
17 0.35586573415520834 1.8172864321608058 37.49500000000001 37.49499999999998
18 0.35633481225586505 1.817060301507537 37.50500000000002 37.504999999999995
19 0.35300734945471796 1.8164572864321604 37.5 37.49999999999996
20 0.35434961277066535 1.8163316582914568 37.49000000000001 37.489999999999995
21 0.353490200727043 1.8158040201004992 37.555000000000014 37.554999999999986
22 0.3539449976292079 1.8162814070351685 37.455000000000005 37.454999999999984
23 0.35106962225383265 1.8163567839195975 37.464999999999996 37.46499999999998
24 0.35034336968547514 1.8161055276381888 37.49500000000001 37.49499999999995
25 0.3499016121384544 1.811105527638193 37.66499999999999 37.664999999999985
26 0.3466235972814918 1.8108793969849262 37.69999999999999 37.700000000000024
27 0.3488770349296665 1.8111809045226095 37.71499999999999 37.71499999999997
28 0.3479006638217165 1.8108793969849217 37.725 37.72499999999998
29 0.34903785364311735 1.8111055276381924 37.69999999999999 37.69999999999998
30 0.3488715030820294 1.8111809045226117 37.67499999999998 37.67500000000002
31 0.3477121858700806 1.811180904522613 37.66999999999999 37.67
32 0.3491524419155998 1.8110050251256355 37.67000000000002 37.669999999999995
33 0.34767859965228376 1.8117085427135668 37.64499999999998 37.64500000000001
34 0.3525134344871187 1.8114572864321583 37.66500000000002 37.66499999999999
35 0.3489714714714715 1.811005025125625 37.69499999999999 37.69499999999998
36 0.3483033033033035 1.8111055276381924 37.66499999999999 37.66499999999999
37 0.3487898913951545 1.8110552763819132 37.68999999999999 37.68999999999997
38 0.3472056266793108 1.811130653266331 37.71499999999999 37.71500000000001
39 0.34773628892049935 1.811155778894469 37.65999999999998 37.65999999999998
40 0.3489714714714713 1.8108291457286494 37.709999999999994 37.71000000000001
41 0.3476813655761026 1.8110050251256284 37.67000000000002 37.67000000000002
42 0.34972893946578154 1.811080402010045 37.66499999999999 37.66499999999999
43 0.3479986565512879 1.810979899497494 37.715 37.715
44 0.34904479667637567 1.8110552763819059 37.67500000000002 37.675
45 0.3508384700489964 1.8113065326633209 37.654999999999994 37.655000000000015
46 0.3498937094989729 1.810854271356784 37.730000000000004 37.73000000000001
47 0.3497840434419379 1.8111557788944774 37.67500000000001 37.67500000000001
48 0.3494298245614035 1.8111809045226137 37.645 37.645
49 0.3461980401454088 1.8110552763819077 37.65500000000001 37.65500000000001
50 0.347792792792793 1.811281407035177 37.64499999999999 37.64499999999999
51 0.34820649596965375 1.8112060301507567 37.684999999999995 37.68499999999999
52 0.34889244507665546 1.8110552763819054 37.70500000000004 37.70499999999997
53 0.34492937298200466 1.8111557788944739 37.67999999999999 37.67999999999998
54 0.34956693535640876 1.8113065326633189 37.67999999999997 37.67999999999999
55 0.3481646119804014 1.8109045226130676 37.70500000000002 37.70500000000001
56 0.34683775881144335 1.8114321608040194 37.660000000000004 37.66000000000001
57 0.3509344871186974 1.8112311557788938 37.68999999999998 37.68999999999999
58 0.3505951364898733 1.8110804020100533 37.705 37.70500000000002
59 0.34986130867709825 1.8112311557788963 37.67500000000001 37.675
60 0.3510921447763551 1.8114070351758773 37.65500000000001 37.654999999999994
61 0.34882882882882854 1.8111055276381887 37.68000000000003 37.68
62 0.3488458195037141 1.8112060301507509 37.65000000000002 37.65
63 0.34643077287814167 1.8110552763819099 37.66500000000002 37.66499999999999
64 0.34787063379168665 1.8111055276381867 37.70000000000001 37.699999999999996
65 0.3491303145250514 1.811206030150757 37.685000000000024 37.68499999999999
66 0.3487912912912913 1.8113065326633169 37.65 37.64999999999996
67 0.3511150624308519 1.8115075376884406 37.64499999999999 37.644999999999996
68 0.3516966966966965 1.811306532663315 37.68500000000001 37.68500000000001
69 0.3509811126916388 1.8109547738693428 37.685000000000045 37.685
70 0.35207325746799434 1.8112060301507502 37.71500000000001 37.71500000000002
