# index clusteringCoefficient averagePathLength inDegreeMean outDegreeMean
1 0.9274751671939384 4.447232560931703 1.8373983739837396 1.8373983739837407
2 0.8186513278859823 3.959160170092133 3.2199999999999993 3.2199999999999993
3 0.7393698202986606 3.414278603427432 5.684999999999997 5.685000000000001
4 0.6527149824866143 3.415439055348289 9.254999999999995 9.254999999999999
5 0.6284938302171842 2.7963865446332936 13.940000000000008 13.940000000000003
6 0.5445501299040942 2.3763449669561547 19.48000000000001 19.479999999999983
7 0.47373020534681837 2.0552232059769775 26.675000000000008 26.67499999999999
8 0.42084473401557554 1.9149148885790193 32.21500000000001 32.215
9 0.4042609609861363 1.8445060353312934 36.574999999999996 36.57499999999998
10 0.409191803882077 1.8187830343426945 39.10999999999999 39.11
11 0.40815459294152057 1.8147403685092105 40.089999999999996 40.09000000000002
12 0.4061432328306974 1.809865654804634 40.54000000000001 40.54000000000002
13 0.40559088110694896 1.8085350610922615 40.889999999999986 40.89
14 0.4034905564295071 1.8013417340509625 41.33999999999998 41.339999999999996
15 0.40351645806452974 1.8056526286253611 41.45499999999999 41.455000000000005
16 0.400747834291265 1.8010760875082443 41.58000000000001 41.58000000000001
17 0.39728128460686585 1.7999086340794825 41.60499999999998 41.605000000000004
18 0.397342935472544 1.7982082127810763 41.68000000000001 41.68
19 0.39795762093833537 1.792515878886822 41.62499999999998 41.625
20 0.3968385463090513 1.7956702705446406 41.83499999999998 41.835000000000015
21 0.3964757042919264 1.7905182478046784 42.069999999999986 42.07000000000001
22 0.39582408232720195 1.7905436272270427 42.085000000000015 42.08500000000001
23 0.3927858966048131 1.7905103406479606 42.27500000000001 42.275000000000006
24 0.3908454930625602 1.7858134895583475 42.43499999999999 42.43499999999999
25 0.3907782766910037 1.7858040201005094 42.66000000000002 42.65999999999999
26 0.39254639008184083 1.7856532663316604 42.68 42.67999999999999
27 0.3931708667585013 1.7854522613065316 42.72 42.72000000000002
28 0.3935826378197334 1.7855527638190947 42.67499999999999 42.674999999999976
29 0.38934513680684985 1.7854020100502535 42.715000000000025 42.715000000000046
30 0.38994219809307745 1.7853517587939713 42.72000000000001 42.72000000000002
31 0.3876008157091536 1.7857286432160775 42.65500000000001 42.65500000000001
32 0.38547483996434634 1.785351758793967 42.72 42.719999999999985
33 0.3864441023147769 1.7855778894472383 42.68499999999997 42.684999999999995
34 0.38824305836912154 1.7853266331658273 42.72500000000003 42.725000000000016
35 0.3886599411176832 1.7855778894472363 42.694999999999986 42.69500000000003
36 0.3878117656591846 1.7856281407035146 42.67000000000001 42.67
37 0.3890071036922993 1.7853768844221105 42.709999999999994 42.71
38 0.38691274342975973 1.7856783919597976 42.670000000000016 42.67000000000001
39 0.3901657078032574 1.785653266331656 42.66500000000001 42.66499999999999
40 0.3882759365799636 1.785879396984921 42.63499999999997 42.634999999999984
41 0.3900841368878805 1.7856030150753777 42.68000000000001 42.68
42 0.38942697782459523 1.7855025125628174 42.69500000000001 42.695
43 0.3908103071063932 1.785376884422107 42.72499999999997 42.72499999999998
44 0.3905149501661132 1.7855527638190951 42.684999999999995 42.68499999999998
45 0.3886516489749615 1.7854773869346705 42.69 42.68999999999999
46 0.39067364206034066 1.7856281407035164 42.68499999999998 42.684999999999974
47 0.3906971342138668 1.7855778894472347 42.669999999999995 42.67
48 0.3942773411122815 1.7853517587939691 42.73000000000001 42.72999999999997
49 0.3934020743861921 1.7854020100502483 42.715 42.71500000000002
50 0.3919685060637981 1.7857788944723603 42.66 42.65999999999999
51 0.3956775517921292 1.7857286432160797 42.65 42.65000000000001
52 0.3888693514842124 1.7857537688442204 42.645 42.64499999999999
53 0.39155430408124653 1.7854020100502468 42.735000000000014 42.73499999999998
54 0.3913430840288467 1.7855276381909515 42.69999999999999 42.699999999999996
55 0.3918278299975688 1.7857537688442204 42.66999999999999 42.669999999999966
56 0.38956067849715015 1.785829145728641 42.63999999999999 42.64
57 0.38916092699132954 1.78545226130654 42.69999999999999 42.7
58 0.38882951138481475 1.7856030150753777 42.67500000000001 42.675
59 0.3881673081597927 1.785427135678396 42.720000000000006 42.720000000000006
60 0.39019028711881815 1.7854020100502506 42.720000000000034 42.71999999999999
61 0.38898455014450484 1.785502512562816 42.704999999999984 42.705
62 0.39125927801636806 1.7855527638190947 42.684999999999995 42.68499999999999
63 0.3918888258650029 1.785577889447237 42.68000000000002 42.67999999999998
64 0.38820908624368633 1.785778894472363 42.65000000000002 42.650000000000006
65 0.38877292493855137 1.785502512562812 42.69500000000001 42.695
66 0.3939094616859786 1.7857537688442153 42.65000000000001 42.65000000000001
67 0.38794546633173965 1.7855276381909555 42.7 42.699999999999974
68 0.3923039732058448 1.7854522613065338 42.69999999999997 42.699999999999974
69 0.39112983820868075 1.7854271356783964 42.70500000000001 42.705000000000005
70 0.3942472246981605 1.7855025125628115 42.70500000000003 42.70499999999999
