# index clusteringCoefficient averagePathLength inDegreeMean outDegreeMean
1 0.9258645301353253 4.259373839871322 1.869918699186992 1.869918699186992
2 0.8356045831876971 4.717084136159286 3.265 3.264999999999999
3 0.723632068610197 3.5345378957467197 5.8100000000000005 5.81
4 0.6865982817615576 2.772996446900908 9.339999999999998 9.339999999999993
5 0.637851949290859 2.961963623521114 13.484999999999992 13.484999999999992
6 0.6405275622549993 2.7749679004075234 17.880000000000006 17.880000000000003
7 0.5508612444187077 2.2469118667591967 23.254999999999992 23.255000000000003
8 0.4784561626186864 2.0180841058713024 28.784999999999997 28.785
9 0.414537707488001 1.8792200994504065 34.30000000000005 34.30000000000001
10 0.4126442283938502 1.8189431809259569 38.65499999999999 38.654999999999994
11 0.4139539621219967 1.8123695400077333 40.60999999999998 40.610000000000014
12 0.40901286956504374 1.8142498205312254 41.065000000000005 41.06499999999996
13 0.4043468753333061 1.7929443134037546 42.045 42.045000000000044
14 0.40894839032062485 1.796265591918988 42.324999999999996 42.324999999999996
15 0.4093049301286362 1.791240466290845 42.565000000000005 42.56500000000002
16 0.40718399483435586 1.7912288716308795 42.77 42.77000000000001
17 0.40729588241216114 1.786087799403104 42.78999999999998 42.79000000000001
18 0.4062430786267994 1.7859245723567294 42.98 42.98000000000001
19 0.4072586328400281 1.785712482008028 43.224999999999994 43.22499999999998
20 0.40308970099667796 1.7854599631322434 43.275000000000006 43.27499999999999
21 0.4046335447498237 1.785434711244664 43.290000000000006 43.290000000000006
22 0.4037834507328133 1.7811923941314614 43.374999999999986 43.375000000000014
23 0.39759840934259516 1.7806030150753775 43.69 43.69000000000001
24 0.4013243733011176 1.7804773869346697 43.69499999999998 43.69499999999999
25 0.3973474781032918 1.7802512562814075 43.73999999999999 43.74000000000001
26 0.3999277660324169 1.7805276381909518 43.68499999999997 43.68499999999996
27 0.39732532970905055 1.780251256281402 43.730000000000004 43.72999999999998
28 0.3995492298399273 1.7804773869346744 43.694999999999986 43.695
29 0.3980919661733618 1.7804773869346775 43.68499999999999 43.684999999999974
30 0.39656121010772183 1.7802512562814026 43.73500000000002 43.735000000000014
31 0.3980874358199939 1.7805025125628149 43.684999999999995 43.68500000000001
32 0.39962876271015824 1.7804020100502524 43.71 43.709999999999994
33 0.398040622168529 1.7801256281407034 43.76500000000002 43.76499999999999
34 0.39939480494925755 1.780477386934676 43.685 43.68499999999998
35 0.39692665861270515 1.7807286432160816 43.655000000000015 43.654999999999994
36 0.39801620859760367 1.7804773869346733 43.695000000000014 43.69500000000002
37 0.399834893788382 1.780502512562811 43.695 43.69499999999999
38 0.39935996174368255 1.7803768844221097 43.704999999999984 43.70500000000001
39 0.3977685492801768 1.780527638190957 43.695000000000014 43.695
40 0.39924745796838806 1.7808040201005 43.62999999999998 43.63000000000002
41 0.39886111950065406 1.780678391959798 43.645 43.645
42 0.39689897311990335 1.7805025125628111 43.690000000000005 43.68999999999999
43 0.3985772173562873 1.7803768844221028 43.70499999999998 43.70499999999999
44 0.3975156045504881 1.7804020100502491 43.70000000000002 43.699999999999974
45 0.39908310681566506 1.7804522613065341 43.69999999999999 43.699999999999996
46 0.39748968086177383 1.7803517587939706 43.71000000000001 43.71000000000001
47 0.3982243531662138 1.780402010050252 43.71000000000001 43.709999999999994
48 0.39628888553307157 1.7806532663316619 43.67000000000002 43.67
49 0.39850599013389704 1.780477386934669 43.70000000000002 43.70000000000001
50 0.3965302526930436 1.780527638190957 43.68999999999997 43.68999999999998
51 0.399373301117487 1.7804522613065312 43.70000000000001 43.69999999999999
52 0.3997853115876369 1.7804773869346793 43.69500000000001 43.69500000000002
53 0.3952330615121312 1.7807035175879398 43.64500000000001 43.64499999999998
54 0.3974350649350651 1.7804522613065357 43.69999999999999 43.69999999999997
55 0.3969145776703915 1.780577889447231 43.669999999999995 43.67
56 0.39768196919359694 1.7804773869346742 43.694999999999986 43.695
57 0.3983909694956205 1.7801507537688412 43.75000000000001 43.75
58 0.3948122420215443 1.7802512562814037 43.73500000000001 43.73499999999999
59 0.39848283499446313 1.7803768844221102 43.72 43.71999999999999
60 0.3967467029094936 1.7804271356783883 43.714999999999996 43.71500000000001
61 0.39880323165206877 1.780100502512563 43.769999999999996 43.77000000000001
62 0.3977594885734417 1.780301507537684 43.730000000000004 43.73
63 0.3959790596999898 1.780477386934672 43.689999999999976 43.68999999999999
64 0.399129165408235 1.7804020100502538 43.705 43.70499999999999
65 0.3974750830564782 1.780628140703522 43.670000000000016 43.669999999999995
66 0.3998097251585622 1.7803517587939677 43.71000000000001 43.71
67 0.4015179200644314 1.780477386934676 43.705000000000034 43.705000000000005
68 0.3978113359508705 1.7802512562814092 43.73999999999998 43.73999999999999
69 0.40387345212926584 1.7804773869346713 43.68499999999997 43.684999999999995
70 0.3988521570129626 1.7805527638190919 43.67500000000004 43.67499999999997
