# index clusteringCoefficient averagePathLength inDegreeMean outDegreeMean
1 0.9325732225658377 4.533124673969771 1.821138211382113 1.8211382113821146
2 0.8130057057958782 4.7202819439292005 3.2449999999999997 3.2449999999999988
3 0.702569472516045 3.4867303052554255 5.994999999999997 5.994999999999998
4 0.6180614949631384 3.0975214269168405 9.574999999999998 9.575000000000008
5 0.5882500548726675 2.825942048700848 14.045000000000007 14.045000000000002
6 0.5504140276515447 2.4244189593119048 18.520000000000007 18.52
7 0.4864556937823905 2.1357662647985203 24.17000000000001 24.169999999999998
8 0.4267226412490712 1.9461121725248 30.090000000000007 30.089999999999993
9 0.3922819974072943 1.8516810858415793 34.93499999999999 34.93499999999998
10 0.3887061180357307 1.8142775734341812 37.85 37.84999999999998
11 0.38907007981779346 1.7994821043995517 39.77500000000003 39.77499999999999
12 0.3958912297216291 1.7937903804737945 40.56000000000001 40.56
13 0.39297801803648286 1.791674106573482 40.92499999999999 40.925000000000004
14 0.38981365893708164 1.7911384332831637 41.010000000000005 41.00999999999998
15 0.3911546973803069 1.79087355971778 41.230000000000004 41.22999999999998
16 0.3894017466273565 1.7907466626059592 41.29000000000001 41.28999999999998
17 0.3897029616724739 1.7912288716308846 41.269999999999996 41.269999999999996
18 0.3885333914053428 1.7909750774072375 41.25000000000002 41.25
19 0.38765011614401834 1.7910406302871131 41.48000000000002 41.480000000000004
20 0.38285728303095823 1.791080402010051 41.65500000000002 41.65499999999999
21 0.38382288037166085 1.7906783919597975 41.705000000000005 41.70499999999999
22 0.38351306620209064 1.7907788944723648 41.685 41.684999999999995
23 0.38315272938443684 1.7906532663316608 41.69000000000005 41.68999999999996
24 0.3808295586527292 1.7905778894472346 41.69 41.689999999999976
25 0.38678716608594677 1.7904773869346748 41.739999999999995 41.739999999999974
26 0.3831080139372824 1.790502512562814 41.72500000000002 41.724999999999994
27 0.3867006387921023 1.790628140703519 41.69499999999997 41.69499999999999
28 0.3858164924506386 1.7907035175879433 41.68499999999999 41.68499999999997
29 0.3843466898954702 1.790628140703522 41.669999999999995 41.66999999999997
30 0.3844343786295005 1.7905778894472328 41.70000000000001 41.69999999999996
31 0.3835081300813008 1.7908040201005033 41.67999999999999 41.67999999999998
32 0.3835641695702673 1.7906030150753798 41.67999999999997 41.68000000000001
33 0.3817154471544715 1.7905527638190954 41.70000000000001 41.70000000000002
34 0.3839715447154473 1.7905527638190954 41.71499999999997 41.71500000000001
35 0.3807151567944251 1.7904522613065335 41.72499999999999 41.72499999999999
36 0.3839459930313588 1.790628140703519 41.69999999999998 41.69999999999999
37 0.3869488966318238 1.7905778894472384 41.70000000000002 41.70000000000001
38 0.3826175958188155 1.7906783919598013 41.66499999999998 41.665
39 0.3833193960511034 1.790552763819097 41.71999999999999 41.71999999999999
40 0.3838809523809524 1.7906030150753824 41.700000000000024 41.69999999999999
41 0.3832453542392569 1.79065326633166 41.67500000000001 41.67500000000002
42 0.38144918699187025 1.790477386934669 41.705000000000005 41.70499999999997
43 0.38363704994192793 1.7905276381909616 41.714999999999996 41.71500000000004
44 0.3839123112659697 1.7903517587939661 41.72999999999999 41.73
45 0.3836286295005806 1.7906532663316606 41.684999999999974 41.68500000000001
46 0.3855481997677124 1.7903768844221142 41.730000000000004 41.730000000000004
47 0.38702758420441313 1.7906030150753762 41.690000000000005 41.69
48 0.3838487224157956 1.7907286432160818 41.68000000000001 41.68
49 0.3821660859465739 1.7905025125628156 41.714999999999996 41.71500000000001
50 0.3816165460555708 1.7909296482412054 41.65999999999998 41.65999999999998
51 0.3831765389082461 1.7903768844221113 41.714999999999996 41.71500000000002
52 0.38232665505226465 1.7905527638190948 41.690000000000005 41.68999999999997
53 0.3846251451800231 1.7907035175879378 41.67999999999999 41.68000000000002
54 0.3818916957026711 1.7908040201005062 41.655 41.65499999999998
55 0.3834695121951217 1.7905527638190941 41.705 41.705000000000005
56 0.38397485035289924 1.7908291457286492 41.69 41.68999999999997
57 0.38520673635307795 1.7903768844221075 41.730000000000004 41.72999999999999
58 0.38452729384436707 1.7906030150753764 41.694999999999986 41.69500000000001
59 0.38207171893147474 1.7907537688442208 41.69500000000001 41.695
60 0.38574245063879226 1.7905276381909503 41.694999999999986 41.69499999999998
61 0.38373519163763065 1.7908040201004989 41.670000000000016 41.67000000000001
62 0.3853222996515679 1.790502512562814 41.72500000000002 41.725
63 0.3827926829268292 1.7906281407035158 41.68 41.67999999999998
64 0.38389808362369315 1.7904020100502525 41.72500000000001 41.724999999999994
65 0.38437717770034846 1.7904271356783912 41.71500000000003 41.71499999999999
66 0.3843641114982576 1.7906281407035194 41.68499999999999 41.68499999999998
67 0.38362862950058074 1.7902010050251211 41.76000000000001 41.760000000000005
68 0.3833800813008129 1.7906281407035205 41.69000000000002 41.68999999999996
69 0.3824091173054587 1.790552763819093 41.694999999999986 41.69499999999998
70 0.3829224738675957 1.790276381909547 41.74000000000001 41.739999999999995
