# index clusteringCoefficient averagePathLength inDegreeMean outDegreeMean
1 0.9322303918367248 4.113816114681151 1.7804878048780493 1.7804878048780488
2 0.8168558833489632 4.762549521087169 3.064999999999999 3.065
3 0.7208299049045236 3.62766030718369 5.344999999999999 5.345000000000006
4 0.6811356138097581 3.592469912774655 8.444999999999997 8.444999999999993
5 0.6141932013564075 2.7462220399406974 13.085000000000004 13.084999999999997
6 0.5281799073950246 2.441124484470998 17.79 17.790000000000006
7 0.4487464749603778 2.194638227354125 22.744999999999997 22.745
8 0.38895393818686386 1.981116924830338 28.57999999999999 28.580000000000002
9 0.37374650508041873 1.8737404298981828 32.625000000000014 32.62500000000001
10 0.38015994935624187 1.8279354889631365 35.44499999999999 35.445000000000014
11 0.3775556054526779 1.8147508375209334 36.525 36.525000000000006
12 0.37633668725774017 1.821975289455281 36.91999999999998 36.920000000000016
13 0.37390621390621415 1.8167430776802105 37.164999999999985 37.165000000000006
14 0.3735928134612343 1.817338824565493 37.14999999999998 37.15
15 0.3681245212824163 1.8159163162752527 37.529999999999994 37.52999999999998
16 0.3659329977751032 1.8117510630073437 37.524999999999984 37.52499999999999
17 0.36620804002382945 1.8128714639185814 37.77999999999996 37.78000000000004
18 0.36534284716366805 1.812131724612915 37.82499999999999 37.825000000000024
19 0.3666762928216016 1.8126237246840256 37.91999999999999 37.91999999999996
20 0.36171206309738835 1.8067356986955005 38.199999999999996 38.20000000000002
21 0.35896069520497453 1.811608040201005 38.44999999999999 38.44999999999999
22 0.3607436991647517 1.8060552763819102 38.71000000000003 38.709999999999994
23 0.35911150016413174 1.806206030150753 38.68499999999999 38.685
24 0.3600393916183387 1.8059798994974883 38.72500000000001 38.72499999999999
25 0.35785662180399014 1.8062060301507568 38.685000000000024 38.68500000000001
26 0.35676605755553115 1.8059547738693424 38.700000000000045 38.7
27 0.35874384505963447 1.8056532663316598 38.730000000000025 38.72999999999999
28 0.35501276580223956 1.8060552763819078 38.675000000000004 38.675000000000004
29 0.3568802203012725 1.8060804020100492 38.68999999999999 38.690000000000005
30 0.3534064631433052 1.8059547738693482 38.65 38.65
31 0.3575506072874493 1.8059547738693464 38.67999999999997 38.679999999999986
32 0.35772659298975085 1.8058040201005061 38.709999999999994 38.71
33 0.35704799941642035 1.8057035175879361 38.719999999999985 38.720000000000034
34 0.35811047889995246 1.8056532663316591 38.72 38.719999999999985
35 0.35782507203559816 1.8057286432160768 38.71500000000001 38.714999999999996
36 0.35324069008279524 1.8058291457286446 38.71499999999999 38.715
37 0.3595154466207097 1.8057035175879361 38.70499999999999 38.705000000000034
38 0.35939398913083115 1.805829145728645 38.69 38.68999999999999
39 0.35927490243279714 1.805804020100504 38.69500000000001 38.694999999999986
40 0.3569573622205201 1.8058040201005061 38.71 38.70999999999999
41 0.3583028777765619 1.805929648241204 38.70500000000001 38.70499999999997
42 0.35897180581391114 1.805904522613066 38.69500000000002 38.69499999999998
43 0.3585096837728418 1.8058040201005054 38.719999999999985 38.719999999999985
44 0.35652882639724764 1.805829145728644 38.69000000000003 38.68999999999996
45 0.3571399131925447 1.8059798994974883 38.69999999999999 38.7
46 0.35828682933946093 1.8060301507537682 38.68499999999997 38.68499999999997
47 0.357649998176314 1.805954773869351 38.65 38.64999999999998
48 0.35873034978298135 1.8061557788944766 38.675000000000026 38.675000000000004
49 0.35798482693219524 1.8059798994974867 38.68500000000002 38.68500000000002
50 0.35787683432420225 1.8060804020100496 38.694999999999986 38.695
51 0.3580251303935515 1.8061306532663308 38.66000000000002 38.65999999999999
52 0.3578086588612904 1.806105527638191 38.69000000000002 38.68999999999999
53 0.35670678775941916 1.8055778894472365 38.725000000000016 38.72499999999998
54 0.35656016340226865 1.805678391959799 38.714999999999996 38.714999999999996
55 0.3591144180617865 1.8061055276381965 38.67499999999998 38.67500000000001
56 0.3624741948426157 1.8058542713567824 38.669999999999995 38.66999999999998
57 0.35744683955210266 1.8058040201005032 38.730000000000004 38.72999999999999
58 0.357622460517197 1.8057035175879375 38.71 38.709999999999994
59 0.3580909654593865 1.805879396984926 38.70499999999996 38.70499999999999
60 0.3599068096436516 1.8060301507537717 38.69499999999999 38.695
61 0.3532293832293832 1.8059045226130594 38.67999999999999 38.68000000000001
62 0.3562207754313016 1.8060552763819124 38.67 38.67
63 0.356446000656527 1.8058291457286417 38.684999999999974 38.685
64 0.3579786263996788 1.8060552763819095 38.66999999999997 38.669999999999995
65 0.3578943721048984 1.8059547738693482 38.71999999999999 38.719999999999985
66 0.3563385551543446 1.8058542713567862 38.67499999999997 38.67499999999998
67 0.36019714046029805 1.8057537688442218 38.714999999999996 38.714999999999975
68 0.36103202392676104 1.8060050251256325 38.709999999999994 38.70999999999998
69 0.3593106466790676 1.8060050251256237 38.70500000000001 38.70499999999999
70 0.36142448116132314 1.8061055276381899 38.67 38.66999999999999
