# index clusteringCoefficient averagePathLength inDegreeMean outDegreeMean
1 0.9445549776408737 4.728497409326431 1.626016260162601 1.626016260162602
2 0.8201805635156366 4.243747215681331 3.355000000000001 3.3550000000000018
3 0.7359765569409029 2.7577763070813988 5.7 5.700000000000001
4 0.6911912073396123 3.2137518684603905 9.30000000000001 9.299999999999999
5 0.6554531826733933 2.900059739255721 13.31 13.309999999999993
6 0.6155985157845202 2.4684692393257475 19.12500000000001 19.124999999999996
7 0.5390348410757876 2.146070403062845 25.97 25.970000000000006
8 0.4706050696517674 1.952476661465634 31.884999999999987 31.88499999999999
9 0.4218638561506483 1.8551126697898408 37.04999999999999 37.05
10 0.4130235541619638 1.8139181868146204 39.875 39.87500000000001
11 0.4223460934992687 1.7915278067069391 42.095 42.09499999999997
12 0.4249152919343061 1.7915342016203466 43.24500000000001 43.244999999999976
13 0.4246778266710801 1.787150035893756 43.91000000000002 43.90999999999999
14 0.4261354344077035 1.7858230546672758 44.540000000000006 44.539999999999985
15 0.42199513122226784 1.7861922678720241 44.68000000000001 44.67999999999999
16 0.4179956860893021 1.7807035175879389 45.164999999999985 45.16499999999999
17 0.4208899868247692 1.7804271356783934 45.230000000000025 45.22999999999998
18 0.41792292490118593 1.7804271356783912 45.23500000000001 45.234999999999985
19 0.4202514273166446 1.7802010050251282 45.27500000000003 45.274999999999984
20 0.418225034354768 1.7756783919598005 45.410000000000004 45.41
21 0.4156282389108478 1.7756030150753777 45.41999999999999 45.41999999999995
22 0.4134066754501539 1.7704773869346726 45.68500000000001 45.684999999999974
23 0.4134644268774702 1.7703768844221057 45.69499999999999 45.69499999999999
24 0.41140425999121705 1.7704020100502535 45.69 45.689999999999976
25 0.41136802810715895 1.7704271356783887 45.68499999999999 45.684999999999974
26 0.41170948616600805 1.770452261306526 45.68 45.68
27 0.41128743961352676 1.7704020100502498 45.71500000000001 45.71500000000002
28 0.41260232762406657 1.7702010050251338 45.73000000000001 45.73
29 0.4111396574440053 1.7704020100502524 45.695000000000014 45.69499999999999
30 0.41377250768555157 1.7704271356783883 45.68499999999998 45.685
31 0.4127007026789639 1.7701758793969848 45.74499999999998 45.745000000000005
32 0.41243610013175247 1.7703015075376833 45.72 45.72
33 0.413221563460694 1.7703015075376858 45.714999999999954 45.715000000000025
34 0.41562933684672815 1.7702763819095455 45.714999999999996 45.715000000000025
35 0.41325208607817293 1.7704020100502513 45.694999999999986 45.695
36 0.4132209046991655 1.7705025125628127 45.675000000000004 45.675000000000004
37 0.4154732103645148 1.7703015075376862 45.71999999999998 45.72000000000001
38 0.4123544137022399 1.7703266331658343 45.714999999999996 45.71500000000001
39 0.41365963987703114 1.7707286432160734 45.665000000000006 45.66499999999999
40 0.41266842336407555 1.7706281407035154 45.66000000000001 45.66000000000001
41 0.4118644942856268 1.7705778894472377 45.65999999999999 45.65999999999998
42 0.4121218708827403 1.7704522613065357 45.679999999999986 45.680000000000014
43 0.41336890645586316 1.7703266331658298 45.704999999999984 45.70500000000002
44 0.4129027228809838 1.7701507537688463 45.74499999999999 45.745000000000005
45 0.41122946859903386 1.770427135678394 45.685 45.68500000000002
46 0.41084563021519543 1.7704522613065319 45.68000000000001 45.68
47 0.41008717610891554 1.7704020100502513 45.69 45.690000000000005
48 0.4109547650417217 1.7702763819095462 45.71499999999999 45.715
49 0.4116908212560383 1.7704271356783887 45.695000000000014 45.69499999999999
50 0.41336978480456715 1.7705025125628133 45.67000000000001 45.66999999999998
51 0.41330786122090457 1.7704020100502476 45.69 45.69
52 0.4116486605182259 1.7702763819095433 45.71500000000001 45.715
53 0.4131405357927098 1.7702763819095448 45.715 45.71500000000001
54 0.41052415458937197 1.770502512562818 45.675000000000004 45.675000000000026
55 0.41194773825208647 1.7704020100502587 45.690000000000005 45.69000000000001
56 0.41059178743961333 1.7702010050251238 45.729999999999976 45.73
57 0.4158612209046993 1.7702010050251276 45.73499999999999 45.735000000000014
58 0.4138386034255599 1.7703015075376913 45.71000000000001 45.71000000000001
59 0.414796662274923 1.7703266331658327 45.70999999999999 45.71000000000002
60 0.41502327624066754 1.7703517587939654 45.69999999999998 45.69999999999999
61 0.4116622749231448 1.7702763819095426 45.71500000000001 45.71499999999999
62 0.41275823451910404 1.770301507537692 45.714999999999996 45.71500000000001
63 0.4109323671497586 1.7704020100502464 45.68999999999998 45.68999999999998
64 0.41310144927536235 1.7703015075376907 45.71 45.71000000000003
65 0.41102923062781505 1.7703768844221022 45.69500000000002 45.695
66 0.41275076855511655 1.7703768844221073 45.70500000000001 45.705
67 0.4141800614844097 1.7702010050251271 45.73000000000002 45.73000000000002
68 0.41334848484848485 1.7703768844221066 45.70499999999997 45.70500000000003
69 0.4127716293368466 1.7703768844221097 45.69499999999999 45.695
70 0.41385046113307006 1.7704271356783916 45.684999999999974 45.68499999999998
