# index clusteringCoefficient averagePathLength inDegreeMean outDegreeMean
1 0.9316249189993809 4.4582353669100225 1.8536585365853653 1.8536585365853655
2 0.8071553326198243 4.3768580852121675 3.285 3.2850000000000015
3 0.726942813124098 3.6917617237008846 5.460000000000001 5.4600000000000035
4 0.6588388919614097 3.189215579906684 8.405000000000005 8.404999999999992
5 0.6296940356239642 3.0182735534784437 12.755 12.754999999999997
6 0.5620956591542385 2.527512337051105 17.340000000000003 17.340000000000003
7 0.5134353475762939 2.216146525599482 23.574999999999996 23.57500000000001
8 0.43592031852994517 2.0441382168575117 28.634999999999998 28.634999999999998
9 0.41620591809694973 1.9064677390110598 33.64499999999998 33.64500000000001
10 0.3998914663294684 1.8521620367984324 36.76499999999999 36.76500000000002
11 0.40289896874665365 1.8268824408596578 38.929999999999986 38.93000000000004
12 0.4090516104789452 1.8087424689142462 40.535000000000046 40.535
13 0.4055491078705036 1.808486091526727 41.015 41.01499999999999
14 0.3952484203808156 1.7929240109175288 41.57000000000001 41.569999999999986
15 0.3950660400291712 1.7901946279621468 41.855 41.85500000000001
16 0.39421983631796453 1.7890462413075463 42.025000000000006 42.02500000000003
17 0.39519906544580397 1.7857215369778192 42.28999999999999 42.29
18 0.39132512222132165 1.785645398710729 42.27000000000001 42.269999999999975
19 0.3923162628636255 1.78574691640019 42.255 42.254999999999974
20 0.39556964589579446 1.785873813512003 42.23499999999999 42.234999999999985
21 0.3945107095589229 1.7855438810212687 42.279999999999994 42.28
22 0.39728181130648466 1.785493122176537 42.29000000000002 42.29000000000001
23 0.39499473300380844 1.7855946398659974 42.290000000000006 42.29000000000002
24 0.39396307700618516 1.7855692604436304 42.28500000000003 42.28500000000001
25 0.39457175269427114 1.7854677427541712 42.28 42.28
26 0.39175039840099424 1.7854423633318095 42.275000000000034 42.27500000000001
27 0.39351317424303794 1.785384207469506 42.505000000000024 42.50499999999999
28 0.39211787267374326 1.7855104669073991 42.49499999999997 42.495
29 0.3898739972449554 1.785737733895605 42.440000000000005 42.44
30 0.3911333495394754 1.7855104669073991 42.489999999999995 42.49000000000001
31 0.39087823785214576 1.7856619782328715 42.44500000000001 42.444999999999986
32 0.39159306377116926 1.785762985783178 42.44999999999999 42.449999999999996
33 0.38959930313588886 1.7855357187949754 42.480000000000004 42.480000000000025
34 0.3921610890527507 1.785485215019825 42.47999999999998 42.47999999999998
35 0.3908508224617129 1.785358955581929 42.505 42.50500000000001
36 0.3950018907165813 1.7854347112446685 42.495 42.495000000000005
37 0.3912342327742213 1.7854852150198213 42.49500000000002 42.49500000000001
38 0.38769967317613363 1.7855025125628186 42.69999999999998 42.7
39 0.3879026551062853 1.7851758793969827 42.75499999999999 42.755
40 0.39216568079302006 1.7852763819095485 42.745000000000026 42.745000000000005
41 0.3891988156011125 1.7855778894472354 42.70499999999998 42.705000000000005
42 0.38564392404721354 1.7855276381909584 42.695000000000014 42.695
43 0.3931034762174863 1.7857537688442204 42.65500000000001 42.654999999999994
44 0.3882087891310806 1.7856532663316613 42.65999999999998 42.66
45 0.38979310158550085 1.7852763819095463 42.730000000000004 42.73000000000001
46 0.3878561974988518 1.7855527638190951 42.675000000000004 42.674999999999976
47 0.39111417227129075 1.7856532663316627 42.67500000000001 42.67499999999996
48 0.3907452124355127 1.785376884422108 42.715 42.715
49 0.39018542527617917 1.7855527638190951 42.68000000000002 42.68000000000001
50 0.3916757150960213 1.7854522613065316 42.71000000000001 42.71
51 0.3918585743996972 1.7856783919598005 42.68999999999999 42.69
52 0.3920947789212108 1.7856030150753714 42.685 42.68499999999999
53 0.3904331091483669 1.7856783919598012 42.669999999999995 42.669999999999995
54 0.3889498419901142 1.7854773869346763 42.695000000000014 42.695
55 0.3900779245333981 1.7855527638190969 42.70000000000001 42.70000000000001
56 0.39250695513599626 1.7855025125628126 42.705000000000005 42.705
57 0.3898687302487639 1.7854522613065316 42.71500000000002 42.715000000000046
58 0.3894772168651919 1.7855527638190911 42.67500000000003 42.67499999999997
59 0.38901020986954016 1.7856281407035168 42.66499999999999 42.664999999999985
60 0.38931974718418255 1.78590452261306 42.61000000000001 42.60999999999999
61 0.38919050320071263 1.7858291457286468 42.63000000000001 42.62999999999999
62 0.38939051400480756 1.7858040201005039 42.66499999999999 42.66499999999999
63 0.391681387245766 1.7857286432160822 42.675000000000026 42.67499999999997
64 0.3894323798719714 1.785477386934669 42.70499999999996 42.705000000000005
65 0.38554574183615586 1.7855025125628186 42.69500000000002 42.69499999999998
66 0.38576950814358635 1.7856532663316613 42.66000000000001 42.660000000000004
67 0.38996799286929745 1.7855276381909477 42.68999999999999 42.690000000000005
68 0.3917296005185961 1.7853768844221143 42.71500000000002 42.71500000000001
69 0.39288590875941976 1.7856030150753768 42.68000000000003 42.68000000000001
70 0.3864197931015854 1.7855276381909577 42.69000000000001 42.68999999999997
