# index clusteringCoefficient averagePathLength inDegreeMean outDegreeMean
1 0.9371963799213591 4.531096464949083 1.7398373983739839 1.739837398373984
2 0.8098924472574386 5.038291917564263 3.1199999999999988 3.12
3 0.7062049700486023 3.0940575741878096 5.609999999999997 5.61
4 0.6387002588443336 3.340885646920132 9.514999999999997 9.514999999999997
5 0.6147319283253683 2.7989171761413782 13.77 13.770000000000005
6 0.571294420400714 2.457732377608154 17.925000000000004 17.925000000000004
7 0.4813738719773961 2.171265795442283 23.009999999999984 23.009999999999998
8 0.41182054493711256 2.0142374833154393 28.695000000000004 28.695
9 0.3859389915741947 1.8839274090660556 32.779999999999994 32.78
10 0.37120431459293746 1.8396598376497864 35.404999999999994 35.405000000000015
11 0.3750122787186791 1.8224284688749872 37.250000000000014 37.249999999999986
12 0.3751055824834478 1.8210496929089879 38.15499999999999 38.154999999999994
13 0.3787941013441077 1.8170651235977855 38.52499999999998 38.525000000000006
14 0.3754166666666666 1.8111369027880475 38.66999999999998 38.67
15 0.376709176788124 1.8110603780322934 38.725 38.725
16 0.37468974358974366 1.806964113496778 38.99000000000001 38.99
17 0.37396896086369763 1.8111916365748333 39.05999999999999 39.06000000000001
18 0.37115350877192993 1.8112060301507555 39.25499999999999 39.25499999999999
19 0.3714267881241565 1.8061557788944702 39.47999999999999 39.47999999999999
20 0.3680560053981107 1.8060301507537653 39.51999999999998 39.52
21 0.3695317139001349 1.8058291457286422 39.51000000000002 39.51000000000004
22 0.36585026990553304 1.8010552763819103 39.65000000000002 39.64999999999998
23 0.36756713900134924 1.8009045226130689 39.665000000000006 39.665000000000006
24 0.36664406207827255 1.8007788944723677 39.7 39.69999999999999
25 0.36741970310391364 1.8009045226130624 39.660000000000004 39.660000000000004
26 0.364578947368421 1.8006783919598026 39.69 39.68999999999997
27 0.36898852901484497 1.8011055276381887 39.679999999999986 39.67999999999999
28 0.3687651821862347 1.8008291457286447 39.715 39.714999999999975
29 0.3680347503373823 1.8007035175879376 39.67999999999999 39.67999999999997
30 0.36577361673414316 1.8006030150753813 39.7 39.69999999999999
31 0.36771927089032325 1.8007537688442201 39.679999999999964 39.67999999999999
32 0.3663201754385963 1.800728643216083 39.69500000000001 39.695000000000014
33 0.3693640350877191 1.8005025125628118 39.75499999999999 39.75500000000002
34 0.36586066126855626 1.8009798994974866 39.67 39.669999999999995
35 0.3640688259109311 1.800603015075378 39.705 39.70500000000001
36 0.36667577597840756 1.8006281407035176 39.73 39.730000000000004
37 0.3704062078272606 1.801105527638192 39.67999999999999 39.68
38 0.36577800269905575 1.801080402010051 39.66999999999997 39.670000000000016
39 0.36860829959514196 1.800753768844221 39.69499999999998 39.69500000000003
40 0.36627091767881226 1.8007537688442226 39.699999999999996 39.70000000000002
41 0.3638033063427799 1.8008793969849275 39.675 39.674999999999955
42 0.36565452091767886 1.800829145728646 39.67999999999999 39.679999999999986
43 0.3683394062078271 1.800778894472356 39.695000000000014 39.69500000000001
44 0.36983367071524975 1.8007035175879365 39.680000000000014 39.680000000000014
45 0.3693327132800816 1.8013567839195987 39.640000000000015 39.64000000000001
46 0.3668832658569503 1.800778894472364 39.69500000000001 39.695
47 0.3683244246270562 1.800854271356786 39.685 39.68500000000001
48 0.3656592442645072 1.8010301507537736 39.67500000000003 39.67499999999999
49 0.3663981106612686 1.800628140703517 39.71000000000001 39.71000000000002
50 0.3645519568151147 1.8008040201005047 39.69 39.69
51 0.36449460188933863 1.8009045226130698 39.65499999999997 39.65499999999998
52 0.3635265528686583 1.8007537688442226 39.67000000000002 39.66999999999999
53 0.36147031039136324 1.8006281407035187 39.72000000000003 39.719999999999985
54 0.36526450742240185 1.8010050251256244 39.67500000000004 39.67500000000001
55 0.3615441970310394 1.8010804020100517 39.64999999999999 39.650000000000006
56 0.36499628879892015 1.8009296482412023 39.660000000000004 39.66
57 0.36610087719298257 1.8007537688442163 39.704999999999984 39.705000000000005
58 0.36803778677462873 1.8006532663316568 39.695 39.694999999999986
59 0.36654082321187587 1.8007035175879382 39.679999999999986 39.67999999999998
60 0.362988866396761 1.800753768844221 39.65999999999999 39.65999999999997
61 0.365246963562753 1.8009547738693439 39.65999999999998 39.65999999999999
62 0.3637375168690957 1.8010552763819059 39.65000000000001 39.64999999999999
63 0.3666510467957837 1.8006030150753742 39.71999999999998 39.72000000000003
64 0.3671251686909581 1.8004773869346766 39.745000000000005 39.745000000000005
65 0.36840080971659916 1.800829145728641 39.69000000000002 39.69000000000001
66 0.367038798920378 1.8008542713567832 39.705000000000005 39.70499999999998
67 0.36481309041835336 1.8006281407035178 39.705 39.70499999999999
68 0.3626906207827262 1.8009045226130698 39.675000000000004 39.674999999999976
69 0.3683130904183537 1.8010552763819063 39.65999999999998 39.660000000000004
70 0.36640317139001366 1.8008040201004967 39.70000000000002 39.699999999999996
