# index clusteringCoefficient averagePathLength inDegreeMean outDegreeMean
1 0.9287328818550633 4.25956937799041 1.8699186991869918 1.8699186991869916
2 0.829315157166702 4.719992661560358 3.11 3.1100000000000017
3 0.7031393739075097 3.22688407238019 5.4750000000000005 5.474999999999998
4 0.6558935277618625 2.9832765423242473 8.795000000000002 8.794999999999998
5 0.6267070512411725 2.744058500914076 12.945000000000004 12.944999999999999
6 0.5557289557374077 2.4843113170677156 18.384999999999998 18.38499999999999
7 0.4963918362464609 2.1616507189821985 24.044999999999987 24.044999999999995
8 0.4153590487572063 1.9588356289218103 30.044999999999995 30.044999999999998
9 0.3929881022278445 1.8825600081626415 34.470000000000006 34.470000000000006
10 0.37930675352154625 1.839272118166591 36.525000000000034 36.524999999999984
11 0.37688635732817116 1.8144510430942606 38.34499999999998 38.345
12 0.37822593632067053 1.8044746344789289 39.70500000000002 39.705
13 0.381438218814603 1.801621171182547 40.14000000000001 40.14000000000001
14 0.37743579046114356 1.801055276381911 40.43999999999998 40.43999999999997
15 0.3801435272045029 1.8011809045226137 40.40500000000001 40.40499999999999
16 0.3785077597840755 1.800929648241206 40.46999999999999 40.469999999999985
17 0.37719011882426523 1.8009045226130664 40.45999999999998 40.46
18 0.37616353971232014 1.801281407035181 40.41500000000003 40.414999999999964
19 0.37535756722951885 1.801055276381911 40.44 40.440000000000005
20 0.37828361475922473 1.800628140703519 40.51500000000003 40.515
21 0.3792020423949179 1.8008793969849304 40.45499999999999 40.45499999999998
22 0.3741712007504691 1.8007537688442181 40.489999999999974 40.49000000000001
23 0.37645419011882436 1.8008542713567854 40.47499999999998 40.475
24 0.37419840525328324 1.8008291457286492 40.489999999999995 40.48999999999999
25 0.37579737335834873 1.8008291457286396 40.489999999999995 40.48999999999999
26 0.37365978736710426 1.7956281407035213 40.71999999999999 40.72
27 0.3751105378361476 1.7958542713567778 40.67999999999999 40.67999999999999
28 0.3700913070669168 1.795804020100501 40.67999999999998 40.68
29 0.3711064727954971 1.7958291457286424 40.675000000000004 40.675
30 0.3731801125703564 1.7958793969849238 40.68000000000003 40.68000000000001
31 0.37625500312695437 1.7959547738693453 40.65000000000001 40.64999999999998
32 0.3745017198248906 1.7955778894472354 40.715 40.71499999999998
33 0.374659161976235 1.7956030150753777 40.705000000000005 40.70499999999997
34 0.3759194809255783 1.79595477386935 40.630000000000024 40.63
35 0.37641119449656046 1.7957035175879423 40.679999999999986 40.679999999999986
36 0.37705972482801786 1.795829145728644 40.665000000000035 40.664999999999985
37 0.3738525641025641 1.7956783919597943 40.685 40.68499999999998
38 0.3745322076297687 1.7957286432160797 40.67999999999998 40.67999999999999
39 0.3721671357098184 1.795628140703515 40.7 40.7
40 0.37387711069418395 1.7955025125628155 40.71500000000002 40.715
41 0.3746654158849278 1.795603015075379 40.69999999999998 40.699999999999974
42 0.3752598252197096 1.7957788944723603 40.654999999999994 40.65499999999999
43 0.3758741400875546 1.7957788944723574 40.65500000000001 40.65499999999998
44 0.37414180737961233 1.7959045226130654 40.654999999999994 40.654999999999994
45 0.3705759849906192 1.7958291457286433 40.66499999999999 40.665000000000006
46 0.376686679174484 1.7956030150753748 40.68999999999998 40.69
47 0.37391416510318964 1.795653266331667 40.67500000000001 40.67499999999998
48 0.37373843026891795 1.7956783919597998 40.680000000000014 40.67999999999999
49 0.3775897435897435 1.795929648241209 40.665000000000006 40.66499999999997
50 0.3732038774233894 1.7957286432160808 40.68000000000004 40.680000000000014
51 0.3762451532207632 1.7957788944723623 40.67499999999997 40.67500000000002
52 0.37598170731707287 1.7956783919597987 40.67499999999998 40.675000000000004
53 0.3751916823014387 1.7956783919598027 40.68999999999998 40.68999999999999
54 0.3699474671669794 1.7954522613065305 40.730000000000025 40.730000000000004
55 0.3705196998123828 1.7955025125628143 40.69999999999998 40.7
56 0.3720387742338961 1.7956532663316591 40.69499999999997 40.69500000000002
57 0.3707639149468418 1.7958542713567847 40.63500000000001 40.63499999999998
58 0.3757768918073798 1.7957788944723654 40.66999999999999 40.67000000000001
59 0.37253095684803017 1.7958793969849247 40.64999999999998 40.65000000000002
60 0.3730121951219513 1.7958291457286446 40.66000000000002 40.66
61 0.3767998749218263 1.7957537688442262 40.68500000000003 40.684999999999995
62 0.3765118824265165 1.7957035175879426 40.68999999999998 40.69000000000001
63 0.3753208255159477 1.7957035175879397 40.68000000000001 40.680000000000014
64 0.37684849906191403 1.795678391959799 40.71000000000001 40.71000000000001
65 0.3756849593495933 1.795527638190952 40.719999999999985 40.719999999999985
66 0.3752237335834897 1.795653266331661 40.69499999999999 40.69499999999998
67 0.3757673545966226 1.7958542713567773 40.670000000000016 40.67
68 0.37725687929956203 1.7957035175879346 40.68500000000001 40.684999999999974
69 0.37430237648530323 1.7956532663316576 40.67500000000001 40.67500000000001
70 0.3746671357098185 1.795778894472358 40.66999999999999 40.670000000000016
