# index clusteringCoefficient averagePathLength inDegreeMean outDegreeMean
1 0.9351333700927198 4.198165137614681 1.878048780487804 1.8780487804878045
2 0.820803335885798 4.238426311407154 3.3049999999999984 3.305000000000001
3 0.7278861345648141 3.4938497625722333 5.490000000000001 5.490000000000001
4 0.6626415181937664 2.9757020224065234 9.24 9.239999999999993
5 0.6295303567167042 2.9990494919698327 13.920000000000005 13.920000000000007
6 0.6040788225938052 2.6139444610331495 18.439999999999987 18.439999999999994
7 0.5355710710688367 2.1346888724120134 24.274999999999988 24.275000000000006
8 0.46346924595480776 1.9714812636980805 30.57500000000001 30.57500000000001
9 0.4248211038545485 1.8821888976585124 35.22999999999998 35.23000000000003
10 0.4163768545982122 1.8339625589085322 38.455000000000034 38.455000000000005
11 0.4154127330007007 1.811692180174582 40.500000000000014 40.49999999999995
12 0.4148156332368347 1.8031227566403467 41.894999999999975 41.895
13 0.41863199303893756 1.7916111168085318 42.98000000000002 42.98
14 0.4147003758515391 1.7904752187332587 43.400000000000006 43.40000000000002
15 0.4136442162488674 1.7855266178608835 43.579999999999984 43.57999999999998
16 0.4107130608409679 1.7904598368728033 43.80500000000004 43.80499999999998
17 0.41080244303500124 1.7853916044870826 43.845000000000006 43.845000000000006
18 0.41062852014292894 1.7810661346935712 44.13499999999999 44.13500000000001
19 0.40963213530655374 1.7803085780662087 44.27999999999998 44.28
20 0.4093185341789992 1.7758235622557224 44.20000000000001 44.20000000000001
21 0.4091314407982762 1.7812060301507553 44.34000000000002 44.34000000000001
22 0.40704404510218467 1.7805276381909598 44.480000000000004 44.48000000000001
23 0.40985177354944824 1.775477386934675 44.68999999999999 44.690000000000005
24 0.40625229034531374 1.7752763819095478 44.734999999999985 44.735
25 0.4061119332863518 1.7755527638190944 44.69 44.690000000000005
26 0.4062899929527834 1.7754773869346727 44.68999999999998 44.69
27 0.40247169368099583 1.775502512562817 44.68 44.67999999999998
28 0.40496288466055924 1.7754773869346654 44.69499999999999 44.695
29 0.4077868217054263 1.775527638190956 44.68000000000001 44.680000000000014
30 0.40521869861404747 1.7753266331658233 44.72499999999999 44.724999999999994
31 0.40278635189100326 1.7754271356783926 44.689999999999976 44.68999999999996
32 0.4067481794691098 1.775276381909547 44.725000000000044 44.725000000000016
33 0.4056464646464643 1.7751005025125635 44.754999999999995 44.75500000000001
34 0.4038662203429649 1.7754271356783942 44.69999999999999 44.699999999999974
35 0.40350199671129916 1.7754271356783926 44.69500000000001 44.69499999999998
36 0.40276368334507867 1.775728643216082 44.64000000000002 44.640000000000015
37 0.40233603476626734 1.7756030150753697 44.65500000000001 44.655
38 0.39843739722809507 1.7756532663316575 44.65000000000005 44.650000000000006
39 0.403170425182053 1.775653266331656 44.660000000000004 44.66000000000001
40 0.4029661733615224 1.775376884422108 44.70499999999998 44.70500000000003
41 0.4061163965233736 1.7755276381909555 44.67999999999999 44.68
42 0.40745771670190295 1.7753015075376826 44.72499999999999 44.725
43 0.40407810664787436 1.775376884422115 44.70500000000002 44.70500000000002
44 0.4051638477801269 1.7754271356783862 44.69500000000001 44.69499999999999
45 0.40061639652337333 1.775427135678397 44.69999999999999 44.69999999999999
46 0.40287784824994133 1.775351758793967 44.705 44.70499999999999
47 0.40366055907916354 1.7754020100502483 44.69499999999999 44.695
48 0.40683885365280714 1.7754020100502528 44.69499999999999 44.69500000000003
49 0.4064188395583745 1.775728643216079 44.63999999999998 44.639999999999986
50 0.40316373032652075 1.7758040201005019 44.625 44.625000000000014
51 0.4052134132017855 1.7753768844221092 44.705000000000005 44.705
52 0.4067629786234441 1.7754020100502468 44.695 44.695
53 0.4073116044162554 1.7752261306532664 44.73000000000002 44.73
54 0.4052727272727274 1.7755527638191007 44.66500000000001 44.664999999999985
55 0.4049546629081513 1.7752512562813982 44.73000000000002 44.73000000000001
56 0.40506929762743743 1.7754020100502534 44.69500000000002 44.69499999999999
57 0.4037175240779892 1.77532663316583 44.72000000000001 44.72000000000001
58 0.4049211886304908 1.7757286432160815 44.68499999999998 44.684999999999995
59 0.4027246887479449 1.7755025125628163 44.68 44.68000000000001
60 0.40412074230678896 1.775653266331654 44.65499999999999 44.65500000000001
61 0.40256882781301384 1.775376884422115 44.70500000000003 44.70499999999999
62 0.40246358938219406 1.7753768844221092 44.7 44.69999999999999
63 0.4037252760159739 1.7753266331658328 44.710000000000015 44.710000000000036
64 0.4046478740897344 1.7753517587939707 44.72 44.72000000000001
65 0.4010010570824524 1.77570351758794 44.64500000000001 44.64500000000002
66 0.4075893821940334 1.7755778894472405 44.664999999999964 44.66499999999998
67 0.4024244773314539 1.7755025125628217 44.67499999999999 44.67499999999999
68 0.40185459243598765 1.775452261306532 44.684999999999995 44.685000000000024
69 0.4036814658210006 1.775376884422107 44.70499999999999 44.70500000000001
70 0.4029372797744889 1.775376884422112 44.69999999999998 44.69999999999999
