# index clusteringCoefficient averagePathLength inDegreeMean outDegreeMean
1 0.9397151814655401 4.830569306930691 1.8861788617886184 1.88617886178862
2 0.8096647822431104 5.071239778640425 3.210000000000001 3.210000000000003
3 0.7031896347334832 3.506054279749477 5.5299999999999985 5.529999999999997
4 0.6677322782694382 3.625702510303481 9.009999999999998 9.009999999999993
5 0.6667061449201797 3.058574269043982 13.535000000000004 13.534999999999995
6 0.6051170425375115 2.448890186915885 18.900000000000002 18.899999999999995
7 0.5333922078380977 2.192876863611254 24.070000000000004 24.06999999999999
8 0.46576103612744213 1.9472540605138802 30.625000000000004 30.624999999999982
9 0.4317716447662891 1.8564173838669993 35.739999999999995 35.73999999999999
10 0.42085297760320645 1.8187076343269986 39.57000000000001 39.57
11 0.426387778348714 1.8126975081593573 41.089999999999996 41.08999999999998
12 0.42891392734547296 1.8072413348795233 42.065 42.064999999999976
13 0.4241094667606295 1.8059842359003093 42.690000000000005 42.69
14 0.420632722574583 1.7927648446313207 43.15000000000002 43.14999999999999
15 0.41873643410852696 1.7869705671213223 43.334999999999994 43.33499999999998
16 0.41632768940341125 1.7967980606550333 43.460000000000015 43.460000000000015
17 0.41649859055673 1.7814452975537556 43.77499999999999 43.77500000000001
18 0.4134465586093494 1.7812922480422446 43.754999999999995 43.754999999999974
19 0.4116983791402396 1.7819044460883144 43.77499999999999 43.77500000000002
20 0.41349389241249696 1.7807820830038599 43.78499999999998 43.78499999999999
21 0.4105512130873628 1.7859397489962374 43.98499999999998 43.98500000000003
22 0.4147421893352126 1.7757728034109963 44.230000000000025 44.230000000000004
23 0.4072531878234708 1.7760552763819124 44.605000000000025 44.605000000000025
24 0.4104454679687239 1.7754271356783904 44.715 44.71500000000001
25 0.4054578341555086 1.775603015075381 44.67000000000001 44.67000000000002
26 0.4060263096077048 1.7757286432160821 44.63999999999999 44.639999999999986
27 0.40793610523843055 1.7751758793969878 44.74500000000001 44.74499999999999
28 0.4027777777777779 1.775477386934674 44.69000000000001 44.69
29 0.40750833920601365 1.7755778894472325 44.664999999999985 44.66499999999999
30 0.40443857176415327 1.775452261306528 44.70000000000001 44.699999999999996
31 0.4058497768381488 1.7754271356783913 44.70500000000002 44.705
32 0.4071111111111114 1.7752512562814078 44.72499999999999 44.725
33 0.4088865398167723 1.775552763819087 44.66500000000001 44.66500000000001
34 0.40425933756166316 1.775552763819098 44.67 44.67
35 0.40875182053089026 1.7753266331658324 44.71500000000001 44.715
36 0.4029257022047718 1.7755025125628148 44.675 44.67499999999998
37 0.40362027249236576 1.775477386934674 44.68500000000001 44.684999999999974
38 0.40238172421893376 1.7756030150753834 44.655 44.654999999999994
39 0.4057232625255883 1.7757788944723647 44.635000000000026 44.635000000000026
40 0.4074755696499881 1.775452261306533 44.69999999999998 44.69999999999998
41 0.405318886539817 1.775527638190954 44.69999999999998 44.69999999999998
42 0.40977824759220105 1.7755276381909573 44.700000000000024 44.69999999999999
43 0.40726614987080095 1.7752763819095478 44.745000000000026 44.745000000000005
44 0.4079619450317125 1.775175879396993 44.75000000000003 44.749999999999986
45 0.41078964059196615 1.7754020100502501 44.705000000000005 44.70499999999999
46 0.41025781066478756 1.775603015075376 44.67000000000004 44.67
47 0.4044079163730327 1.7753517587939742 44.704999999999984 44.705
48 0.4078051444679355 1.7755527638191013 44.674999999999976 44.675
49 0.40648085506225046 1.7755527638190998 44.66999999999999 44.67
50 0.4035230209067418 1.7754020100502512 44.69499999999999 44.695
51 0.40602490016443504 1.7752763819095478 44.72 44.720000000000006
52 0.4050337091848717 1.7754773869346712 44.70000000000001 44.69999999999998
53 0.40599154334038073 1.7754522613065349 44.70499999999999 44.70500000000001
54 0.4080543810194974 1.7755527638191009 44.68 44.679999999999986
55 0.4115073995771673 1.7756030150753812 44.65999999999999 44.65999999999998
56 0.40472868217054264 1.775301507537687 44.714999999999996 44.71500000000002
57 0.4065734085036411 1.7753517587939727 44.710000000000015 44.71
58 0.406425769321118 1.7753768844221165 44.69999999999998 44.69999999999999
59 0.4068127789523138 1.7753015075376892 44.72500000000001 44.725
60 0.4028347427766031 1.7753768844221127 44.705000000000005 44.70500000000002
61 0.4085490956072352 1.7753768844221156 44.71000000000003 44.71000000000001
62 0.40143058491895695 1.775477386934674 44.68500000000001 44.684999999999995
63 0.4053235846840499 1.7754271356783897 44.695 44.695
64 0.4050341789992952 1.7752010050251212 44.73999999999996 44.73999999999999
65 0.4079080338266386 1.775402010050254 44.695000000000014 44.69499999999999
66 0.40404439746300214 1.7756532663316633 44.64500000000002 44.64499999999999
67 0.40432041343669245 1.7753517587939749 44.70500000000002 44.705000000000005
68 0.4067982147051914 1.7756532663316598 44.64500000000002 44.64499999999999
69 0.40879469109701666 1.775577889447237 44.66499999999999 44.66499999999999
70 0.40814752172891716 1.7756030150753732 44.665000000000006 44.665
