# index clusteringCoefficient averagePathLength inDegreeMean outDegreeMean
1 0.93573563016747 4.2037147992809984 1.8292682926829273 1.829268292682926
2 0.8165545605458067 5.046752620797654 3.1049999999999995 3.1049999999999986
3 0.6962676477542032 4.057005403980496 5.425000000000001 5.424999999999997
4 0.6859781725338092 3.2676745220097727 8.639999999999992 8.639999999999993
5 0.6125812943314306 3.0180221006030568 12.054999999999998 12.055
6 0.6003493168452323 2.4820100380963965 17.21999999999999 17.22
7 0.5565596198908994 2.222530110565434 22.745000000000008 22.74500000000001
8 0.47389374797315215 2.0117367168913547 28.790000000000003 28.790000000000003
9 0.43946997171918367 1.879276969760383 35.27000000000003 35.27000000000001
10 0.41103074477344764 1.8416316275253835 38.575 38.574999999999996
11 0.41188836000839685 1.8115450348187647 41.04 41.04000000000001
12 0.4113542588282671 1.7981787108129434 41.76499999999998 41.76499999999999
13 0.40841687224864287 1.7894776914877406 42.535000000000004 42.53499999999998
14 0.40974804985448243 1.786685955027665 42.88000000000002 42.88
15 0.4053287758752876 1.7863185273099136 43.17 43.17
16 0.40560757072384973 1.785535718794984 43.29499999999999 43.295000000000016
17 0.4041392328601629 1.7854094593570833 43.29500000000003 43.29500000000001
18 0.40588845263263856 1.785308451806772 43.294999999999995 43.295
19 0.40412916540823507 1.7858387414459267 43.21500000000002 43.21500000000001
20 0.4034886603491254 1.7812428979066233 43.37000000000001 43.37000000000001
21 0.40012055773683675 1.7805105931668381 43.48499999999998 43.48499999999999
22 0.3983727682791776 1.780662104492306 43.44999999999998 43.449999999999974
23 0.3987403100775191 1.7805863488295777 43.46499999999997 43.46499999999998
24 0.3999277660324173 1.7805863488295801 43.46 43.46000000000002
25 0.4001613309171447 1.7805358450544133 43.46000000000001 43.46
26 0.39818365045806936 1.7809547738693468 43.61000000000001 43.61000000000001
27 0.39413394744790076 1.7803015075376885 43.72500000000002 43.72500000000001
28 0.3956528742575254 1.7802763819095522 43.72499999999998 43.72499999999998
29 0.39517920064431694 1.7803266331658316 43.715 43.71500000000002
30 0.3941243833685694 1.7803015075376885 43.72499999999999 43.725
31 0.3950037937105438 1.7802512562814086 43.72999999999999 43.730000000000004
32 0.3960168126447195 1.780251256281407 43.73000000000002 43.730000000000004
33 0.3949446290143964 1.7804773869346784 43.68500000000001 43.68499999999999
34 0.3986612805798849 1.7805527638190897 43.67499999999997 43.675
35 0.39618871438638886 1.780477386934677 43.694999999999986 43.69500000000002
36 0.39531360112755487 1.78022613065327 43.73500000000001 43.735
37 0.3956362629618442 1.7804773869346697 43.699999999999996 43.699999999999996
38 0.3972515856236784 1.780703517587937 43.665 43.664999999999985
39 0.3993307661330919 1.780402010050252 43.70500000000002 43.705000000000005
40 0.39451072183630326 1.780427135678387 43.69999999999997 43.7
41 0.39778969092922567 1.7805778894472388 43.68499999999999 43.684999999999995
42 0.3960553206483439 1.7804020100502538 43.70499999999998 43.70500000000002
43 0.39950468136514644 1.7804773869346742 43.7 43.69999999999999
44 0.39680584918957 1.7804522613065368 43.69000000000001 43.68999999999997
45 0.39413566628115687 1.7805527638190977 43.675000000000004 43.675
46 0.39879945635759595 1.7803266331658276 43.714999999999996 43.71500000000001
47 0.39729286217658283 1.7804773869346755 43.70500000000003 43.705000000000005
48 0.3960515453538711 1.7802763819095462 43.73 43.73
49 0.3967944189484179 1.7806532663316585 43.65500000000003 43.65499999999999
50 0.3940654887747909 1.78057788944724 43.66500000000001 43.66500000000002
51 0.3945874861572534 1.780276381909545 43.73500000000003 43.735000000000056
52 0.3954802174569615 1.7804020100502504 43.705000000000005 43.705
53 0.396807107621061 1.780175879396983 43.745 43.74500000000002
54 0.3938827645222996 1.7802512562814057 43.73999999999997 43.739999999999995
55 0.3991772374911911 1.7803768844221135 43.735000000000014 43.73500000000001
56 0.3979834893788382 1.780628140703516 43.665000000000006 43.66499999999998
57 0.3967610490284909 1.7804020100502513 43.71000000000001 43.71000000000001
58 0.39464965267290836 1.7803517587939683 43.71000000000003 43.710000000000036
59 0.3989489580187253 1.7805276381909525 43.68999999999998 43.68999999999997
60 0.3980060552040133 1.7803768844221084 43.704999999999984 43.705000000000005
61 0.3938487868720426 1.780427135678395 43.69499999999997 43.69500000000001
62 0.39586957616027374 1.7802010050251211 43.73999999999998 43.74
63 0.3972838014698481 1.780226130653267 43.740000000000016 43.739999999999995
64 0.3960472666868015 1.7804773869346742 43.69000000000003 43.690000000000005
65 0.40072611497030103 1.7804271356783912 43.69999999999998 43.70000000000002
66 0.3954550488271417 1.7802261306532619 43.739999999999974 43.73999999999998
67 0.39859131178898627 1.780251256281407 43.73499999999998 43.73500000000003
68 0.3959541427564684 1.780502512562815 43.69500000000002 43.694999999999986
69 0.3957444880700693 1.7803015075376858 43.71999999999996 43.719999999999985
70 0.39551595691130603 1.7804773869346733 43.69499999999999 43.695
