# index clusteringCoefficient averagePathLength inDegreeMean outDegreeMean
1 0.9202252808987021 4.503867536862489 1.8861788617886182 1.8861788617886177
2 0.8210469053639532 4.043873035251034 3.1350000000000007 3.134999999999999
3 0.7175466702680577 3.8446360713241754 5.634999999999997 5.6350000000000025
4 0.6686693462475568 3.6613741339491863 8.88 8.88
5 0.6249306550809852 3.077603320700234 13.349999999999996 13.34999999999999
6 0.5989258474478851 2.504664642561403 18.685000000000002 18.685
7 0.5280098878351923 2.2230790116752575 23.44 23.44
8 0.46823521572853827 1.9771407742976792 30.370000000000008 30.37
9 0.41524371597351606 1.8528835747049417 36.30500000000002 36.304999999999986
10 0.4016194052042519 1.823556558301712 39.009999999999984 39.010000000000026
11 0.3996928772985182 1.8220394903811983 40.314999999999976 40.315000000000026
12 0.4010770869841314 1.8101365412923203 40.84499999999997 40.845000000000006
13 0.40268783782846784 1.806431145627127 41.28000000000001 41.28000000000001
14 0.40480525619209695 1.7958225470788234 41.85499999999997 41.855000000000025
15 0.3960517583664208 1.7957374813767362 42.055 42.055
16 0.3974153904329739 1.79086386707407 42.24000000000003 42.23999999999999
17 0.39664613888663786 1.7855862225701353 42.485 42.485
18 0.39282571222951973 1.7865075376884385 42.555000000000035 42.55500000000001
19 0.39106217756529693 1.7857537688442233 42.66000000000001 42.66
20 0.39311873700132305 1.7856783919598018 42.684999999999995 42.684999999999974
21 0.39189706398725127 1.7857286432160748 42.65999999999999 42.65999999999999
22 0.3916260162601627 1.7856030150753779 42.669999999999995 42.67000000000002
23 0.39008953893525655 1.7854020100502541 42.71999999999999 42.72000000000002
24 0.38773208546038895 1.7856783919597998 42.65000000000002 42.65000000000001
25 0.38998014747589316 1.7856030150753748 42.67999999999999 42.67999999999998
26 0.3930038084433994 1.7855778894472347 42.68000000000002 42.67999999999997
27 0.39012870377873204 1.7857286432160782 42.645 42.64499999999998
28 0.3884932339356614 1.7855527638190978 42.68500000000004 42.684999999999974
29 0.3881285957377843 1.7854522613065298 42.69999999999999 42.7
30 0.3895343435161924 1.7854020100502535 42.705 42.70500000000001
31 0.3890921859384705 1.7854773869346763 42.69499999999999 42.695
32 0.3897425924425356 1.7855025125628143 42.70000000000002 42.699999999999996
33 0.3867603921886395 1.7853266331658295 42.72999999999999 42.73
34 0.38978418820733024 1.7855778894472352 42.69000000000001 42.69
35 0.38990681468276456 1.7855778894472398 42.67999999999999 42.68000000000001
36 0.38984941792939487 1.785603015075376 42.67500000000004 42.674999999999976
37 0.38644734354320265 1.7855778894472365 42.695 42.695
38 0.3836951354563378 1.7857537688442195 42.64 42.63999999999999
39 0.3842289927882665 1.7854522613065327 42.7 42.70000000000001
40 0.3890277260081572 1.7854773869346712 42.70000000000002 42.7
41 0.38569888987926393 1.7853768844221132 42.714999999999975 42.71500000000001
42 0.387644572292899 1.7854773869346718 42.724999999999994 42.725000000000016
43 0.39046322556248825 1.7855276381909555 42.68499999999998 42.68499999999999
44 0.39220241471517703 1.785703517587936 42.665000000000006 42.66499999999999
45 0.39066890851632763 1.7856030150753783 42.680000000000014 42.679999999999986
46 0.39110782486562407 1.7854271356783935 42.71500000000001 42.714999999999975
47 0.3916830078599787 1.7854522613065311 42.72499999999999 42.725
48 0.3902299921670314 1.7854522613065327 42.7 42.700000000000045
49 0.38790292520865377 1.7853015075376841 42.73999999999999 42.739999999999995
50 0.3869925924425354 1.7857286432160842 42.64999999999998 42.649999999999984
51 0.3864185776409259 1.785452261306535 42.72000000000002 42.720000000000006
52 0.39323663668530345 1.7857286432160748 42.65000000000001 42.649999999999956
53 0.3880155578964426 1.7856532663316576 42.65999999999999 42.65999999999999
54 0.3875128973881101 1.7855025125628134 42.695 42.69499999999999
55 0.39233462982470363 1.7856030150753806 42.669999999999995 42.670000000000016
56 0.3883657456175891 1.7855527638190933 42.684999999999995 42.68499999999999
57 0.3879965156794424 1.7858040201005019 42.63 42.62999999999995
58 0.3893846730410825 1.7855527638190924 42.679999999999986 42.67999999999999
59 0.3876491640331683 1.785527638190951 42.67999999999999 42.68
60 0.3883923507009156 1.7856783919598027 42.65999999999998 42.66
61 0.38710733868136027 1.7856030150753788 42.68499999999999 42.68499999999998
62 0.38585190287118803 1.7854020100502472 42.714999999999996 42.71500000000004
63 0.38571496097020774 1.7855276381909577 42.684999999999995 42.684999999999995
64 0.3900402452529505 1.7857788944723634 42.63999999999999 42.639999999999986
65 0.3897515058207058 1.7854020100502512 42.714999999999996 42.714999999999996
66 0.38959606190746277 1.7857537688442227 42.655000000000015 42.65499999999998
67 0.3919263700942657 1.785728643216077 42.64499999999997 42.64500000000001
68 0.392122869567566 1.7855527638190947 42.67999999999998 42.67999999999998
69 0.3881778894200898 1.785502512562817 42.69499999999999 42.69499999999999
70 0.39035950625286986 1.7856532663316582 42.68 42.68
