# index clusteringCoefficient averagePathLength inDegreeMean outDegreeMean
1 0.9256916696361609 4.369586735956454 1.8455284552845534 1.8455284552845528
2 0.8252993912993912 4.350310494181527 3.1149999999999993 3.115000000000001
3 0.6998730750770605 3.2239886798734774 5.014999999999996 5.0150000000000015
4 0.6653598946010826 3.0174602378204765 8.490000000000007 8.49
5 0.5999127177508644 2.6429740701938207 14.029999999999992 14.030000000000008
6 0.5455021424005464 2.500818561589707 17.945000000000004 17.945000000000014
7 0.480503621489405 2.0990176378656225 23.775000000000006 23.774999999999995
8 0.42384719783414965 1.9355543418896817 29.174999999999986 29.175
9 0.39523073667633285 1.8836095764272567 33.38000000000002 33.38
10 0.37840994862008137 1.8322799037368085 35.649999999999984 35.64999999999998
11 0.37324732473630506 1.8309071128840122 36.469999999999985 36.47000000000001
12 0.37319887946126334 1.8209555223419045 37.47 37.47
13 0.37405354111084177 1.8128397087478245 38.025 38.02500000000001
14 0.37803636421012576 1.8071576154886146 38.74499999999998 38.74500000000002
15 0.37178386671807706 1.8065957930355288 39.19500000000001 39.195
16 0.37476836857100015 1.8065957930355279 39.25499999999999 39.255000000000024
17 0.3703691403954562 1.8077638190954752 39.41499999999998 39.415000000000006
18 0.37341194331983835 1.8063316582914566 39.51000000000001 39.510000000000005
19 0.3734585020242914 1.8067085427135638 39.515000000000015 39.51499999999998
20 0.3692911605937923 1.8012562814070312 39.72000000000003 39.72
21 0.37025708502024324 1.801030150753769 39.709999999999994 39.71000000000001
22 0.3699797570850204 1.800904522613066 39.675 39.67499999999998
23 0.3705782726045881 1.8008291457286418 39.69499999999998 39.69499999999999
24 0.37046862348178144 1.8005025125628127 39.72999999999999 39.730000000000004
25 0.3655205802968961 1.8008793969849262 39.67 39.67
26 0.3647206477732794 1.8007286432160834 39.699999999999996 39.699999999999974
27 0.3661036309588941 1.800778894472365 39.70999999999999 39.71000000000003
28 0.36575674763832633 1.800854271356786 39.665 39.665
29 0.36387685560053995 1.801030150753769 39.66499999999997 39.664999999999985
30 0.3642894736842107 1.8006532663316606 39.71000000000003 39.71
31 0.36842577597840787 1.800829145728647 39.67499999999996 39.675
32 0.3700735492577596 1.8011055276381898 39.67 39.67
33 0.3657311066126855 1.80072864321608 39.72000000000001 39.719999999999985
34 0.3675833333333335 1.800778894472361 39.680000000000014 39.680000000000014
35 0.3681619433198379 1.8006281407035138 39.70500000000002 39.705000000000005
36 0.3649362348178137 1.8007537688442203 39.68000000000001 39.67999999999999
37 0.36767678812415644 1.800452261306529 39.72999999999998 39.730000000000004
38 0.3655104588394061 1.800753768844221 39.690000000000026 39.68999999999998
39 0.36821558704453444 1.800603015075374 39.72499999999999 39.724999999999994
40 0.3663417678812417 1.8006532663316606 39.71500000000002 39.71500000000001
41 0.36885222672064777 1.8009045226130609 39.689999999999976 39.68999999999998
42 0.3686528340080972 1.8006281407035154 39.755 39.754999999999995
43 0.36854622132253695 1.8006783919597957 39.699999999999996 39.699999999999996
44 0.36964102564102547 1.8009547738693468 39.69 39.68999999999997
45 0.3679807692307696 1.801030150753773 39.67500000000002 39.67500000000002
46 0.3691751012145748 1.8009798994974837 39.68999999999999 39.68999999999999
47 0.36848967793704657 1.8008291457286436 39.70000000000003 39.70000000000002
48 0.3682228909071016 1.8007537688442197 39.715 39.71499999999999
49 0.3664170040485828 1.8009045226130675 39.70499999999999 39.70499999999997
50 0.36628879892037747 1.8008542713567868 39.68500000000002 39.684999999999974
51 0.36554554655870447 1.8007286432160763 39.699999999999996 39.69999999999999
52 0.3690887314439946 1.8007788944723588 39.710000000000015 39.71000000000001
53 0.3669736842105264 1.8011557788944716 39.71000000000006 39.70999999999999
54 0.36796086369770564 1.8006532663316561 39.72500000000001 39.725
55 0.36698178137651816 1.800829145728643 39.714999999999975 39.71499999999997
56 0.3695070850202431 1.8011809045226137 39.705 39.70500000000003
57 0.3698316464237519 1.8008291457286387 39.68000000000003 39.680000000000014
58 0.36601821862348144 1.8008040201005053 39.709999999999994 39.70999999999998
59 0.36695175438596495 1.800778894472361 39.71000000000002 39.709999999999994
60 0.36930684429368654 1.8011306532663305 39.68500000000002 39.685
61 0.3711794871794871 1.8006783919598026 39.715 39.715000000000025
62 0.36899797570850196 1.8007286432160812 39.700000000000024 39.699999999999996
63 0.3692125506072877 1.8008291457286432 39.694999999999986 39.694999999999986
64 0.3707945344129552 1.800753768844221 39.70000000000003 39.69999999999999
65 0.3689692982456141 1.8005527638190961 39.72999999999996 39.72999999999997
66 0.36990746617062387 1.8009798994974857 39.675000000000004 39.67499999999998
67 0.3682742914979758 1.8009045226130658 39.68500000000002 39.68499999999998
68 0.36808434547908236 1.8006532663316575 39.72 39.72
69 0.36446693657219953 1.8007286432160807 39.71500000000004 39.714999999999996
70 0.3649935897435897 1.8004773869346755 39.73499999999999 39.735
