# index clusteringCoefficient averagePathLength inDegreeMean outDegreeMean
1 0.9287652924773687 4.33819887918675 1.9674796747967471 1.9674796747967476
2 0.8222003590148996 3.47856301531213 3.2349999999999994 3.2350000000000008
3 0.7203459459678183 3.2543476996452005 5.8750000000000036 5.874999999999998
4 0.6589557435856448 2.9894785572997713 9.079999999999998 9.079999999999991
5 0.5953891053688745 2.763568647367523 13.294999999999998 13.295
6 0.5589112071177875 2.3759899584591064 18.214999999999996 18.214999999999996
7 0.49863658201502 2.1437819135578606 23.5 23.500000000000004
8 0.43358669473683986 1.9943437426008261 29.255 29.255
9 0.40652782330773646 1.9088298636037337 33.87 33.87000000000004
10 0.39325800518499526 1.8467723231542312 37.090000000000025 37.090000000000025
11 0.3997888707262424 1.8222746384986166 38.86999999999997 38.87
12 0.3982950161626993 1.8197331836849264 39.51499999999998 39.51500000000001
13 0.39343186099481314 1.8102573167344296 40.40000000000001 40.399999999999984
14 0.39434204413472707 1.8070503270119422 40.73000000000001 40.730000000000004
15 0.39133836957827706 1.8019897467133614 40.79000000000001 40.79000000000001
16 0.3914070847851335 1.8015201636322287 41.00999999999996 41.01
17 0.38945963995354255 1.7958637408146256 41.245 41.24500000000001
18 0.3834081196581197 1.7916834170854292 41.505000000000024 41.50499999999998
19 0.38383188153310116 1.790527638190957 41.70999999999998 41.709999999999965
20 0.38323867595818806 1.7908291457286378 41.67000000000002 41.66999999999997
21 0.38180865272938436 1.790653266331659 41.69999999999999 41.69999999999999
22 0.3816051103368174 1.7907286432160874 41.67000000000002 41.67
23 0.3821068524970964 1.790628140703517 41.68000000000002 41.67999999999999
24 0.3768882113821138 1.7906783919598013 41.674999999999976 41.67499999999998
25 0.3812973286875725 1.7905778894472373 41.7 41.69999999999999
26 0.3817398373983739 1.7905527638190977 41.705 41.70499999999999
27 0.38153252032520313 1.7906281407035183 41.69500000000002 41.69499999999999
28 0.38098577235772346 1.7907035175879389 41.684999999999974 41.684999999999995
29 0.38363734030197444 1.79070351758794 41.68500000000001 41.684999999999995
30 0.38075058072009293 1.790527638190949 41.69500000000001 41.694999999999986
31 0.3820670731707319 1.7906281407035183 41.690000000000005 41.690000000000005
32 0.3798966318234613 1.7904271356783912 41.73000000000004 41.73
33 0.3822177700348434 1.7904522613065301 41.72500000000002 41.725
34 0.382769454123113 1.7904271356783887 41.71499999999999 41.71499999999999
35 0.38032578397212574 1.7906783919598004 41.68500000000001 41.685
36 0.3792340301974446 1.7904522613065348 41.724999999999994 41.725
37 0.38320150987224144 1.790502512562815 41.709999999999994 41.71000000000001
38 0.3810534262485482 1.7904773869346733 41.70500000000001 41.70499999999999
39 0.38279094076655057 1.7905527638190954 41.714999999999975 41.71500000000002
40 0.3800435540069683 1.790552763819095 41.69499999999999 41.694999999999986
41 0.3827421602787455 1.7906783919597986 41.68500000000001 41.685
42 0.3847947154471544 1.790628140703517 41.66500000000002 41.665
43 0.38326335656213706 1.7904271356783912 41.72500000000001 41.72499999999997
44 0.3826280487804877 1.7908040201005018 41.660000000000004 41.66
45 0.37920325203252014 1.7908040201005033 41.655 41.655
46 0.38235859465737543 1.7905778894472326 41.70000000000001 41.699999999999996
47 0.38208507549361204 1.7905778894472357 41.69000000000002 41.689999999999976
48 0.38111614401858324 1.7903768844221084 41.729999999999976 41.72999999999998
49 0.38305981416957 1.7905276381909563 41.71000000000003 41.70999999999998
50 0.38159349593495917 1.7905025125628127 41.705000000000005 41.705000000000005
51 0.38139285714285703 1.7904773869346697 41.70500000000003 41.705
52 0.38014082462253207 1.7905276381909576 41.70499999999999 41.70500000000001
53 0.3814245063879212 1.7907035175879389 41.65999999999997 41.65999999999998
54 0.380338269454123 1.7906532663316628 41.675 41.67499999999998
55 0.38033507549361234 1.7906532663316554 41.664999999999985 41.66499999999999
56 0.3847915214866437 1.7904773869346777 41.715 41.715
57 0.38104210220673634 1.7904773869346822 41.72000000000003 41.71999999999998
58 0.3837244483159118 1.7907788944723615 41.68500000000002 41.68499999999999
59 0.38437340301974443 1.7907035175879433 41.654999999999966 41.655
60 0.3806742160278743 1.790628140703517 41.69500000000003 41.695
61 0.38309727061556326 1.7906281407035212 41.690000000000026 41.689999999999955
62 0.3805075493612082 1.7905276381909523 41.71499999999999 41.71500000000001
63 0.3794840301974449 1.790552763819097 41.69500000000001 41.69499999999999
64 0.3849178281068525 1.7905778894472357 41.70000000000001 41.69999999999997
65 0.3800119047619044 1.7907035175879416 41.670000000000016 41.66999999999998
66 0.3853403019744483 1.7904522613065312 41.710000000000015 41.709999999999994
67 0.3815693960511034 1.7906281407035198 41.67999999999998 41.679999999999986
68 0.3788893728222994 1.7905778894472304 41.694999999999986 41.69499999999997
69 0.3795249709639954 1.790502512562815 41.71499999999998 41.71500000000002
70 0.38065737514517983 1.7904773869346784 41.70499999999999 41.704999999999984
