# index clusteringCoefficient averagePathLength inDegreeMean outDegreeMean
1 0.9336268125870488 4.978521478521476 1.8048780487804879 1.8048780487804883
2 0.8188590178997514 4.161577217962768 3.139999999999999 3.1400000000000006
3 0.7189707855508574 3.4786419111918994 5.424999999999998 5.425000000000001
4 0.6363882942218152 3.490648966228644 8.670000000000002 8.67
5 0.5957764498928436 2.6842159809306585 13.700000000000001 13.699999999999998
6 0.5526936601062694 2.367781690140839 19.099999999999994 19.099999999999998
7 0.47835684100212306 2.0422999713220453 25.41499999999999 25.414999999999985
8 0.44036679419827324 1.9666801021093645 30.790000000000006 30.789999999999996
9 0.42673672518265304 1.866734377505747 35.590000000000025 35.59000000000001
10 0.41172637194830053 1.8284353705701288 38.189999999999976 38.190000000000026
11 0.4195614637676421 1.8117671691792294 39.93999999999999 39.93999999999999
12 0.42182224665314805 1.8069775963149148 40.590000000000046 40.59
13 0.4241217490519814 1.792282669064563 41.02500000000001 41.02500000000002
14 0.4170089600322157 1.8013382977061474 41.324999999999996 41.32499999999999
15 0.42069666767341196 1.8012081131043836 41.315000000000005 41.31500000000002
16 0.4172875767643206 1.790965479337331 41.510000000000005 41.51000000000001
17 0.41530403704822333 1.7956936054988528 41.57499999999998 41.57500000000002
18 0.4139658210007046 1.7958660346569275 41.76499999999998 41.76500000000001
19 0.40283312486341427 1.7868167367449508 42.394999999999996 42.394999999999996
20 0.4039612047056742 1.7859753312014575 42.989999999999974 42.989999999999995
21 0.4022679452330614 1.785949951779097 43.02 43.020000000000024
22 0.4017552602436323 1.785527638190954 43.46500000000001 43.465
23 0.3963671599718113 1.7855778894472332 43.485 43.484999999999985
24 0.39830891976240834 1.7855778894472354 43.47 43.469999999999985
25 0.4010460082553104 1.7854271356783897 43.47 43.469999999999985
26 0.398502214839424 1.7855025125628134 43.495000000000005 43.494999999999976
27 0.4000894810615741 1.7810050251256282 43.62000000000001 43.61999999999996
28 0.400679301318836 1.780778894472364 43.690000000000005 43.69000000000002
29 0.39967356287123706 1.7804271356783927 43.73999999999998 43.739999999999995
30 0.3952864190073491 1.7803517587939723 43.735000000000014 43.735
31 0.396264975334743 1.7802512562814066 43.734999999999985 43.73500000000002
32 0.3973955501862479 1.780703517587944 43.654999999999994 43.654999999999994
33 0.3957726769354678 1.780628140703521 43.67 43.669999999999995
34 0.39718798879320716 1.7804271356783905 43.699999999999996 43.69999999999998
35 0.3973703815564283 1.7804020100502527 43.72000000000004 43.719999999999985
36 0.39629316420014066 1.7805025125628118 43.68500000000003 43.68499999999997
37 0.39507726769354645 1.7804522613065301 43.7 43.69999999999997
38 0.3939980368468738 1.7804522613065363 43.689999999999976 43.68999999999999
39 0.389686147186147 1.7807035175879433 43.63999999999998 43.639999999999986
40 0.39240989630524487 1.780527638190954 43.68500000000001 43.684999999999995
41 0.39349818785865304 1.7804522613065306 43.695000000000014 43.695
42 0.3958718413369575 1.780376884422112 43.71 43.70999999999998
43 0.3957243531662135 1.7806783919597968 43.644999999999996 43.64499999999997
44 0.3987785663948452 1.7803768844221066 43.714999999999996 43.715000000000025
45 0.3951817175072986 1.7802261306532663 43.739999999999995 43.74
46 0.3953163696768346 1.7806030150753769 43.68000000000001 43.68000000000001
47 0.3960978556327393 1.7803266331658298 43.71999999999998 43.71999999999999
48 0.3968765730393637 1.7804522613065275 43.699999999999996 43.699999999999974
49 0.3959133695761601 1.7803015075376862 43.73499999999999 43.735000000000014
50 0.3951351555421324 1.7805025125628156 43.69 43.69
51 0.39760797342192705 1.7804522613065312 43.69999999999999 43.69999999999999
52 0.39862579281183924 1.7803517587939728 43.72000000000001 43.72
53 0.3934274640088593 1.780477386934673 43.68500000000001 43.68499999999998
54 0.39381631933957484 1.780603015075374 43.67499999999999 43.675
55 0.39380499345615616 1.7804522613065348 43.70999999999997 43.71000000000001
56 0.3968692741367159 1.7804522613065341 43.70500000000003 43.705
57 0.39485679049632516 1.7805276381909536 43.679999999999986 43.67999999999997
58 0.3971544347125742 1.7804271356783916 43.71500000000001 43.715
59 0.3963218564381353 1.7806030150753742 43.660000000000025 43.65999999999997
60 0.39825933756166326 1.7803266331658298 43.72 43.71999999999999
61 0.39727348233162174 1.7806783919598013 43.66000000000002 43.66000000000001
62 0.398247508305648 1.7805025125628162 43.68499999999999 43.68500000000001
63 0.3991274036041477 1.7807286432160812 43.63499999999998 43.635
64 0.394608376120004 1.7804522613065357 43.69499999999999 43.695
65 0.3924579683882008 1.7806030150753718 43.66500000000001 43.665
66 0.3950246652572232 1.780804020100495 43.635 43.635000000000005
67 0.39684108527131784 1.7805025125628184 43.689999999999976 43.69000000000002
68 0.39854184622335476 1.7805778894472317 43.675 43.674999999999976
69 0.3982621061109432 1.7802512562814086 43.73500000000001 43.734999999999985
70 0.39952808819087876 1.7804522613065261 43.69000000000001 43.690000000000005
