# index clusteringCoefficient averagePathLength inDegreeMean outDegreeMean
1 0.9361577438148909 4.706264849318489 1.788617886178862 1.7886178861788626
2 0.8153928126761686 5.008197082543722 2.9350000000000005 2.935
3 0.7347297995187688 3.6948665608225597 5.6049999999999995 5.604999999999997
4 0.6718815614354923 3.464470685726127 8.929999999999996 8.929999999999996
5 0.6178978989008188 2.7437850999489592 13.245000000000001 13.245000000000012
6 0.571642472952579 2.5370528989573713 18.315000000000005 18.315000000000005
7 0.52386632182527 2.178062947453759 24.540000000000006 24.539999999999996
8 0.4733775690641883 1.9359029188495667 31.280000000000012 31.279999999999987
9 0.43445161493136747 1.8505224535375304 36.53500000000004 36.53500000000004
10 0.4252469501248875 1.7954827960117394 40.62499999999998 40.624999999999986
11 0.4272663575651059 1.789294175844204 42.84499999999999 42.845
12 0.4291548934157629 1.7968097716847877 43.27 43.26999999999999
13 0.42581664470794905 1.78904780311815 43.679999999999986 43.67999999999999
14 0.41955566534914396 1.7864704231819015 44.16499999999998 44.16499999999997
15 0.41878505709266584 1.7800168354462647 44.300000000000026 44.30000000000002
16 0.4239089952824176 1.77736397724664 44.515000000000015 44.51499999999999
17 0.4190866499442588 1.7721602938550607 44.72500000000003 44.72500000000001
18 0.4150659639877031 1.7758894977399569 45.14999999999998 45.14999999999999
19 0.41793346508563906 1.7703669864473952 45.24500000000001 45.24500000000001
20 0.41643017127799786 1.7704685041368466 45.23499999999999 45.234999999999985
21 0.41342997364953876 1.7760050251256325 45.34500000000003 45.34499999999998
22 0.4163763724198508 1.7753517587939698 45.46999999999999 45.47000000000002
23 0.4142942468159862 1.7704098381354003 45.46500000000001 45.46500000000001
24 0.41339679402722856 1.7755527638190969 45.429999999999986 45.42999999999999
25 0.4114727711901625 1.7707886164490811 45.394999999999996 45.395000000000024
26 0.4147562582345195 1.775276381909547 45.48499999999999 45.485
27 0.4108768335529207 1.7708040201005022 45.60999999999999 45.61000000000001
28 0.41289631093544166 1.7708542713567796 45.60500000000002 45.605000000000004
29 0.4122911368487708 1.7701507537688441 45.73999999999999 45.739999999999995
30 0.4092773386034256 1.7704522613065308 45.68499999999999 45.684999999999974
31 0.4133377250768553 1.7703517587939692 45.700000000000024 45.70000000000001
32 0.41389657444005307 1.7703517587939654 45.71 45.710000000000015
33 0.41168884497145364 1.7704773869346702 45.67499999999999 45.67499999999999
34 0.4100562296371193 1.770552763819087 45.65999999999999 45.66
35 0.4137433025911289 1.7704020100502498 45.68999999999998 45.69
36 0.41300746596398774 1.7702261306532685 45.725 45.725000000000016
37 0.4106717171717174 1.7704271356783956 45.684999999999995 45.684999999999995
38 0.4110724637681159 1.77025125628141 45.72 45.71999999999999
39 0.41068950373298224 1.7704271356783994 45.68499999999998 45.68500000000001
40 0.41267413263065456 1.770427135678392 45.69000000000002 45.68999999999999
41 0.41020202020202023 1.7704773869346764 45.68499999999996 45.68499999999998
42 0.41042753623188366 1.7705276381909547 45.670000000000016 45.67
43 0.4130823451910407 1.7702261306532678 45.72499999999999 45.72500000000001
44 0.4118089591567855 1.7704773869346737 45.675000000000004 45.675
45 0.4101853315766363 1.7705778894472348 45.66500000000001 45.66499999999999
46 0.4104993412384717 1.770402010050249 45.689999999999976 45.68999999999998
47 0.4107562582345192 1.7703266331658225 45.705 45.70500000000001
48 0.4110144927536233 1.7702763819095555 45.720000000000006 45.719999999999985
49 0.41167830478700046 1.7702261306532685 45.72500000000002 45.725
50 0.41194642072902954 1.7702010050251276 45.730000000000004 45.72999999999998
51 0.40655028546332916 1.7704773869346777 45.68000000000001 45.679999999999964
52 0.407280412823891 1.770527638190949 45.66500000000003 45.66499999999999
53 0.41127931488801084 1.7703266331658263 45.710000000000015 45.710000000000015
54 0.41220311813790084 1.7703768844221057 45.69500000000001 45.69500000000003
55 0.41012845849802376 1.770376884422112 45.70000000000001 45.69999999999999
56 0.41158124725516054 1.770276381909554 45.715 45.71499999999998
57 0.4161115502854632 1.7702512562814057 45.720000000000006 45.71999999999999
58 0.41143126921387785 1.770402010050249 45.690000000000026 45.69000000000002
59 0.4130970575318402 1.7703266331658276 45.70499999999999 45.70499999999999
60 0.41426196750109767 1.7704773869346693 45.675000000000004 45.67499999999998
61 0.41314031620553365 1.7704271356783905 45.68500000000003 45.68500000000002
62 0.41582850241545893 1.7702763819095495 45.71999999999999 45.72000000000002
63 0.4125447957839265 1.7703266331658285 45.705 45.705
64 0.413920729029425 1.7703266331658258 45.705000000000005 45.70500000000001
65 0.4107187088274046 1.7705778894472317 45.66499999999997 45.665000000000006
66 0.41406829161177 1.7702763819095495 45.71499999999999 45.71500000000003
67 0.4147935880544578 1.7704020100502524 45.68999999999999 45.690000000000005
68 0.41375362318840603 1.7704020100502504 45.694999999999986 45.69500000000001
69 0.4138212560386472 1.7704522613065359 45.68499999999998 45.684999999999995
70 0.413378787878788 1.7702261306532656 45.72499999999999 45.724999999999994
