# index clusteringCoefficient averagePathLength inDegreeMean outDegreeMean
1 0.9397822270608304 4.74225677152921 1.7886178861788622 1.7886178861788615
2 0.8157930776025358 4.19808559931713 3.1150000000000007 3.1150000000000015
3 0.7118217994604534 2.870929660600097 5.779999999999999 5.780000000000001
4 0.6514792301495277 3.1389203473008616 9.695000000000002 9.695
5 0.6122016069549264 2.7091386394764823 13.910000000000004 13.910000000000002
6 0.569344710890252 2.298448730040016 19.24499999999999 19.245000000000005
7 0.5217207671707986 2.0792706165166677 25.089999999999996 25.09
8 0.4684878544749573 1.9136560069144326 30.54500000000001 30.545
9 0.42495650572720434 1.9314035960114102 33.87999999999997 33.87999999999998
10 0.4227058605449426 1.8422884660682008 37.400000000000006 37.4
11 0.4104225302869139 1.8074275694208206 39.484999999999964 39.485
12 0.4142067444235712 1.7980108310768617 40.64499999999999 40.64500000000002
13 0.41564453013032127 1.786987358999191 41.55500000000002 41.555000000000014
14 0.41230340316410247 1.787166602241976 42.17 42.16999999999999
15 0.4095333429096899 1.785893754486717 42.539999999999964 42.539999999999985
16 0.40864295456981153 1.7809606407672889 42.960000000000015 42.959999999999994
17 0.40801619632022346 1.7821085121036648 42.96500000000001 42.965
18 0.4093843753146078 1.7806545417442528 43.050000000000004 43.04999999999998
19 0.40208401451012094 1.781116638468727 43.385 43.38500000000001
20 0.401453740058391 1.7807788944723615 43.690000000000026 43.690000000000005
21 0.40159493607168 1.7810804020100524 43.675000000000004 43.675
22 0.400782996073694 1.7813065326633188 43.71499999999999 43.715
23 0.4030484244437731 1.7810301507537618 43.69000000000003 43.68999999999999
24 0.400818987214336 1.7804522613065275 43.704999999999984 43.705
25 0.39641800060404697 1.780552763819094 43.67999999999999 43.68
26 0.4022070371488974 1.7804773869346713 43.70500000000002 43.70500000000003
27 0.40102738346924377 1.7803768844221142 43.724999999999966 43.725000000000016
28 0.4012841034934055 1.7805025125628144 43.71499999999998 43.715
29 0.3974994966274036 1.7801256281407072 43.75999999999999 43.76000000000001
30 0.40207011980267765 1.7803768844221068 43.71499999999999 43.715
31 0.39843375616631427 1.7802512562814086 43.73000000000001 43.729999999999976
32 0.39778314708547263 1.7803768844221084 43.71999999999999 43.72000000000001
33 0.3997271720527533 1.780326633165832 43.72000000000001 43.719999999999985
34 0.39960057384475994 1.78030150753769 43.724999999999994 43.725000000000016
35 0.4015773180308062 1.7804020100502527 43.69999999999998 43.69999999999998
36 0.39822989026477384 1.7804271356783905 43.69999999999995 43.69999999999999
37 0.4017318534179001 1.7803768844221142 43.71500000000002 43.71500000000002
38 0.3988646431088294 1.7806532663316612 43.65499999999999 43.65499999999999
39 0.3976444679351656 1.7803768844221097 43.710000000000015 43.710000000000015
40 0.39698328802979943 1.780402010050252 43.71000000000001 43.70999999999998
41 0.3975372495721334 1.7806030150753718 43.66999999999997 43.67000000000001
42 0.39605934762911543 1.7805276381909503 43.68000000000001 43.68
43 0.39451550387596895 1.7803768844221135 43.720000000000034 43.72
44 0.39691608778818066 1.780728643216079 43.644999999999996 43.64499999999998
45 0.3971926910299002 1.7806030150753804 43.66500000000001 43.66499999999998
46 0.3973947951273531 1.780552763819094 43.68499999999999 43.685
47 0.39839197624081363 1.780201005025121 43.750000000000014 43.749999999999986
48 0.39960082553105797 1.7803015075376942 43.72500000000001 43.724999999999994
49 0.39538080136917353 1.780402010050251 43.70000000000002 43.70000000000001
50 0.39802526930433885 1.7804773869346722 43.699999999999996 43.70000000000002
51 0.3966885633746098 1.7803517587939732 43.724999999999994 43.72499999999998
52 0.3936285613611195 1.7804271356783927 43.705000000000034 43.70500000000002
53 0.39576235779724167 1.780477386934672 43.690000000000005 43.69
54 0.3969294271619853 1.780603015075379 43.66000000000001 43.65999999999999
55 0.3955919661733614 1.7803266331658305 43.715 43.715000000000025
56 0.4028868418403298 1.780477386934673 43.69 43.68999999999998
57 0.39840204369274135 1.7805025125628133 43.68999999999999 43.69
58 0.3994931037954293 1.7804773869346793 43.690000000000005 43.69
59 0.4027949763414882 1.7804271356783912 43.69500000000001 43.695
60 0.3999843954495116 1.7801758793969864 43.75 43.74999999999999
61 0.39917396556931417 1.7803015075376862 43.71999999999999 43.719999999999985
62 0.39905844155844133 1.7804522613065306 43.7 43.70000000000001
63 0.39869802677942223 1.7805527638190932 43.67500000000001 43.675
64 0.39536116983791375 1.7805527638190948 43.679999999999986 43.68000000000001
65 0.3961371186952584 1.7803266331658292 43.71999999999999 43.71999999999999
66 0.3967819389912413 1.780452261306532 43.695 43.695
67 0.4002544548474781 1.7805778894472362 43.664999999999985 43.66499999999995
68 0.39725762609483534 1.780351758793964 43.719999999999985 43.71999999999999
69 0.4019661733615223 1.780376884422109 43.714999999999996 43.71500000000004
70 0.40188311688311673 1.7805527638190937 43.67499999999999 43.67499999999999
