# index clusteringCoefficient averagePathLength inDegreeMean outDegreeMean
1 0.9283170657705313 4.005014677103704 2.0325203252032513 2.032520325203253
2 0.8087924293051556 4.585340314136141 3.285000000000002 3.285000000000002
3 0.722949411424951 3.0507411630558745 5.604999999999998 5.605000000000003
4 0.6612971923172347 2.8842201834862404 9.235000000000005 9.235000000000003
5 0.6453273243069156 2.6514499532273264 13.659999999999998 13.659999999999995
6 0.5974267375704969 2.472405456227786 18.684999999999985 18.68500000000001
7 0.5639105676320247 2.1665099581160576 24.314999999999994 24.315
8 0.5039489233917634 1.9972138638136645 28.974999999999994 28.974999999999998
9 0.4661103279417806 1.9041523406506216 34.11500000000001 34.115000000000016
10 0.4208975497748271 1.8504439294920212 37.440000000000005 37.44
11 0.410950941480609 1.8171995417621298 39.50500000000001 39.50499999999998
12 0.4148034301193253 1.8070298132463047 40.71499999999999 40.714999999999975
13 0.416212953849616 1.8034035278576417 41.29000000000003 41.289999999999985
14 0.41188692444506386 1.8021484975899875 41.75000000000001 41.75000000000001
15 0.4146436122017518 1.8010716849553892 41.994999999999976 41.99499999999999
16 0.4092636218217611 1.7918309496198925 42.135 42.13499999999999
17 0.4097138326789487 1.7922007999179512 42.385 42.385000000000005
18 0.40763616228732485 1.7916880319967146 42.44000000000002 42.44
19 0.4057055670427762 1.7916741065734743 42.495000000000026 42.494999999999976
20 0.4043717909996979 1.7908578425120512 42.574999999999996 42.575
21 0.4045323668579479 1.7905007269851827 42.629999999999995 42.63
22 0.4032819893285009 1.7857469164001791 42.99999999999998 42.99999999999999
23 0.4042009282706956 1.7859902527713953 43.175000000000026 43.17500000000001
24 0.4023740880136226 1.7813439054569333 43.32999999999997 43.33
25 0.3958172254102489 1.7806281407035176 43.65999999999999 43.659999999999975
26 0.3990994664250474 1.7806281407035147 43.664999999999985 43.665000000000006
27 0.39621942011476924 1.7804773869346755 43.705 43.705000000000005
28 0.3961788986207592 1.7803768844221102 43.72000000000001 43.72
29 0.3977208516573234 1.7808291457286414 43.635000000000026 43.63499999999998
30 0.39598333836705923 1.780376884422109 43.71000000000001 43.710000000000015
31 0.3981339977851605 1.7803517587939723 43.72000000000002 43.72000000000001
32 0.3974159367764017 1.7805025125628098 43.68499999999997 43.68499999999999
33 0.39577896909292215 1.780376884422112 43.71 43.71000000000001
34 0.39911783952481633 1.7803768844221033 43.705000000000005 43.705
35 0.3930748515050842 1.7804271356783883 43.705000000000005 43.70500000000001
36 0.3969689419108026 1.7803768844221128 43.70999999999997 43.709999999999994
37 0.3950737440853716 1.7804773869346713 43.69500000000001 43.695
38 0.3983746098862377 1.7804522613065312 43.69500000000001 43.695
39 0.39935140440954386 1.780477386934673 43.69500000000002 43.695
40 0.39734873653478303 1.7804020100502527 43.72000000000002 43.71999999999996
41 0.3951175375012584 1.780527638190957 43.69500000000001 43.69500000000001
42 0.4008811537299907 1.7804522613065312 43.695000000000014 43.69499999999998
43 0.3979736736132083 1.78027638190955 43.725 43.72500000000001
44 0.39743028289539944 1.7806281407035176 43.66999999999997 43.67
45 0.396311285613611 1.7804271356783934 43.69500000000001 43.694999999999986
46 0.3949061210107719 1.7802763819095455 43.725 43.724999999999994
47 0.39407127755964955 1.7806030150753769 43.65999999999998 43.65999999999998
48 0.3971534279673815 1.7804773869346784 43.71000000000002 43.71000000000001
49 0.3980743481324875 1.7805276381909574 43.68000000000003 43.67999999999998
50 0.39826109936575016 1.7805025125628122 43.684999999999995 43.684999999999995
51 0.3969890768146581 1.7806532663316583 43.68499999999999 43.68499999999996
52 0.40007726769354657 1.7803266331658336 43.72500000000004 43.72500000000001
53 0.395457565690124 1.7802763819095506 43.72499999999998 43.72500000000002
54 0.3988513037350245 1.780301507537689 43.73000000000001 43.72999999999999
55 0.39633544749823835 1.780402010050252 43.70500000000002 43.705
56 0.3952151917849593 1.7806783919597962 43.65 43.64999999999998
57 0.3942630625188766 1.7804271356783916 43.705000000000005 43.705000000000005
58 0.3951696365649853 1.7804271356783905 43.70499999999999 43.70500000000003
59 0.39783071579583207 1.7802512562814097 43.74000000000002 43.73999999999997
60 0.39560354374307827 1.7803015075376925 43.72999999999999 43.730000000000004
61 0.39680534581697363 1.7805025125628162 43.69 43.68999999999999
62 0.3936559951676229 1.7804271356783916 43.69500000000001 43.695
63 0.394777257626095 1.7806783919597973 43.65 43.65000000000002
64 0.39338291553407845 1.7804522613065334 43.70000000000003 43.7
65 0.3978319742273228 1.7802512562814063 43.73500000000003 43.735
66 0.39400659418101297 1.7804522613065348 43.69499999999999 43.695
67 0.39630826537803254 1.780427135678389 43.705000000000034 43.705000000000005
68 0.39674468941910773 1.7802010050251205 43.75000000000004 43.75
69 0.39584038054968274 1.7805527638190954 43.68000000000001 43.679999999999986
70 0.3933202456458268 1.7806532663316565 43.67500000000001 43.67499999999997
