# index clusteringCoefficient averagePathLength inDegreeMean outDegreeMean
1 0.9375770676331019 4.737619566533461 1.7804878048780488 1.7804878048780501
2 0.8391163451544221 6.049161389697079 3.0549999999999993 3.0550000000000015
3 0.712244665553689 4.267303102625278 5.635000000000001 5.635
4 0.6602177120858741 3.273770629136301 9.59 9.590000000000003
5 0.6462748505321818 2.8116290391285905 14.404999999999996 14.404999999999998
6 0.5805836951238771 2.4309551047741236 19.00000000000001 19.000000000000014
7 0.5034594903515459 2.1745068690864247 25.034999999999993 25.035
8 0.4367848692433677 1.998808475366509 30.65 30.649999999999988
9 0.41881220189939067 1.8937836390072207 34.63499999999999 34.635000000000005
10 0.3948315905441828 1.8463382904369556 37.13 37.130000000000024
11 0.389339234870498 1.834068821263679 38.114999999999995 38.115
12 0.3866126884201007 1.8236155652635064 39.20500000000002 39.20499999999999
13 0.3871076867895376 1.8122937921932911 39.56 39.56000000000002
14 0.3843175422138835 1.8122522158531342 39.75000000000002 39.75000000000003
15 0.38603033145716076 1.8109896214742027 39.914999999999985 39.915
16 0.381809315089172 1.8111809045226175 40.06000000000002 40.06000000000002
17 0.3846136647904941 1.8058040201005021 40.324999999999996 40.32499999999999
18 0.3782712632895556 1.8059045226130643 40.304999999999964 40.304999999999986
19 0.3792179487179489 1.800427135678394 40.520000000000024 40.51999999999998
20 0.38068323952470295 1.8005527638190961 40.50499999999998 40.50500000000004
21 0.378604909318324 1.8006281407035187 40.49500000000001 40.495000000000005
22 0.37890337711069433 1.8007537688442226 40.484999999999985 40.48499999999999
23 0.37731619978003494 1.7958793969849225 40.644999999999975 40.644999999999996
24 0.37737570356472794 1.7958040201005048 40.669999999999995 40.66999999999998
25 0.37431926203877397 1.7960552763819073 40.66000000000001 40.65999999999996
26 0.37426532207629765 1.7958793969849272 40.67 40.67
27 0.3770881801125704 1.795778894472364 40.66500000000001 40.665
28 0.3750913070669169 1.7956030150753772 40.69500000000001 40.694999999999986
29 0.3771371169480922 1.7955778894472387 40.71999999999999 40.720000000000006
30 0.376198248905566 1.7955778894472332 40.74499999999998 40.74500000000001
31 0.3745847404627892 1.7956281407035206 40.69500000000002 40.69499999999999
32 0.3724968730456535 1.7956281407035224 40.71499999999997 40.714999999999996
33 0.3758677298311446 1.795603015075378 40.714999999999996 40.71500000000001
34 0.37894387116948103 1.7955025125628155 40.71999999999999 40.71999999999998
35 0.3771590056285177 1.795502512562817 40.724999999999994 40.72499999999999
36 0.3743539712320201 1.7956030150753766 40.70499999999996 40.705000000000005
37 0.3731155409631019 1.7959547738693482 40.659999999999954 40.65999999999999
38 0.3757517198248903 1.7956532663316593 40.7 40.69999999999998
39 0.3705178236397751 1.7956281407035215 40.68500000000002 40.68500000000002
40 0.3729429330831767 1.7955778894472387 40.695 40.69500000000002
41 0.37671513445903715 1.795628140703515 40.719999999999985 40.72
42 0.37459587406602834 1.7957035175879374 40.69999999999998 40.69999999999999
43 0.37253767979987495 1.795653266331661 40.69999999999998 40.70000000000001
44 0.37519887429643495 1.795678391959796 40.67999999999998 40.68000000000001
45 0.3740928705440899 1.7956532663316582 40.735 40.735
46 0.3787887742338964 1.7957286432160804 40.704999999999984 40.704999999999984
47 0.37673420888055065 1.7959045226130588 40.64 40.640000000000015
48 0.3745348655409632 1.7959045226130657 40.67499999999998 40.674999999999976
49 0.3738560037523454 1.7956281407035162 40.69499999999998 40.694999999999965
50 0.3716185115697308 1.7959045226130639 40.64999999999999 40.65
51 0.37659787367104464 1.7955778894472383 40.70000000000001 40.70000000000001
52 0.37651235146966866 1.795653266331656 40.68 40.67999999999998
53 0.3725872420262665 1.7955025125628075 40.71999999999999 40.72
54 0.374583176985616 1.7957537688442218 40.674999999999976 40.67500000000001
55 0.37717417135709824 1.7957035175879383 40.690000000000005 40.68999999999998
56 0.37701203877423395 1.795603015075379 40.68000000000001 40.680000000000014
57 0.3754915572232643 1.7958291457286477 40.66999999999999 40.66999999999998
58 0.3753508442776737 1.7958291457286428 40.685 40.68499999999998
59 0.3745361163227017 1.7955778894472363 40.715 40.71499999999999
60 0.3762756410256409 1.795376884422107 40.74500000000001 40.74500000000001
61 0.37578767979987504 1.7955778894472347 40.71499999999999 40.715000000000025
62 0.37400390869293304 1.7956281407035197 40.705000000000005 40.70499999999998
63 0.3746976235146966 1.7954522613065342 40.73000000000001 40.72999999999999
64 0.37410428392745454 1.7955025125628115 40.72000000000002 40.719999999999985
65 0.3779165103189491 1.795477386934669 40.72999999999997 40.73
66 0.37765082617425366 1.795552763819097 40.699999999999996 40.699999999999996
67 0.3727787679799876 1.7958040201004986 40.654999999999994 40.654999999999994
68 0.37500641025641035 1.7958793969849287 40.69000000000003 40.689999999999976
69 0.3781730769230769 1.7960552763819102 40.644999999999996 40.64499999999996
70 0.37810741088180094 1.7956783919598005 40.70499999999999 40.705
