# index clusteringCoefficient averagePathLength inDegreeMean outDegreeMean
1 0.9269883491088678 4.432466548851317 1.9024390243902447 1.9024390243902447
2 0.8124108513643984 5.144503911074494 3.2999999999999994 3.3000000000000003
3 0.7228995020420749 3.691392136025504 5.2600000000000025 5.259999999999999
4 0.6615944363338884 2.885956390328145 9.005000000000003 9.004999999999992
5 0.6284171488105882 2.8784171932551708 12.975000000000003 12.975000000000003
6 0.5997967592043506 2.620323857928026 17.25 17.249999999999982
7 0.5422140618020823 2.2242859193340188 22.085000000000004 22.085000000000004
8 0.47595450616619367 2.028737853356899 27.060000000000013 27.06000000000001
9 0.4200399742195147 1.915177358900537 30.700000000000003 30.699999999999996
10 0.40969283239832033 1.8673420034393817 33.254999999999995 33.255000000000024
11 0.3966044775350055 1.848723773887479 34.73499999999998 34.73499999999998
12 0.40036278554855065 1.8402245088868112 35.33000000000003 35.33000000000002
13 0.3958689106726863 1.837746583718828 35.82499999999999 35.824999999999996
14 0.392443523394541 1.8407081974113462 36.13000000000002 36.12999999999997
15 0.38994993873712425 1.8365253077975354 36.28500000000001 36.285
16 0.39265255133676163 1.8216763697264526 36.55999999999998 36.559999999999995
17 0.3907513890408627 1.8418244450775725 36.844999999999985 36.84500000000001
18 0.3790579749790274 1.834520448600067 36.865 36.865000000000016
19 0.37903697063880143 1.8297485066782875 37.19 37.19
20 0.37625540592645834 1.8281077755274717 37.414999999999985 37.41500000000001
21 0.3745695774425751 1.8206907106055177 37.77000000000002 37.76999999999999
22 0.3736068972688246 1.8220170382084424 37.87999999999998 37.88000000000001
23 0.3717593099172046 1.818038055399684 37.95500000000003 37.95500000000001
24 0.3696588101479408 1.8223366834170847 38.16999999999999 38.17000000000001
25 0.3675250756829703 1.8159296482412075 38.529999999999994 38.529999999999994
26 0.3653824269613743 1.8091967374561284 38.50999999999997 38.51
27 0.3662931757668598 1.8131407035175924 38.52500000000001 38.525
28 0.3619695809169493 1.8073533496628884 38.485000000000014 38.484999999999964
29 0.3646353235826921 1.8129648241206033 38.455000000000005 38.45499999999999
30 0.3676235547288181 1.8132663316582944 38.44500000000003 38.445
31 0.36262191341138716 1.8119849246231188 38.48999999999999 38.489999999999995
32 0.3619232592916804 1.8114321608040223 38.50500000000001 38.50500000000002
33 0.3612970055075319 1.806116007171539 38.46 38.459999999999994
34 0.3607714191924719 1.8062675184970065 38.48 38.48000000000004
35 0.3601608491082176 1.8060149996212225 38.519999999999996 38.52000000000001
36 0.36303041908305045 1.810929648241206 38.50000000000001 38.49999999999999
37 0.3602033409928144 1.806116007171536 38.49000000000001 38.48999999999999
38 0.360887040887041 1.8061412590591168 38.459999999999994 38.459999999999965
39 0.36288598314914144 1.81072864321608 38.505000000000024 38.504999999999995
40 0.358794361162782 1.8060149996212231 38.485000000000035 38.48499999999998
41 0.3594823163244215 1.806014999621226 38.485 38.485000000000014
42 0.3574079950395743 1.8108542713567835 38.48 38.480000000000025
43 0.36019641098588473 1.810854271356784 38.48 38.480000000000004
44 0.3605790203158625 1.8109045226130682 38.52499999999999 38.524999999999984
45 0.3579124265966371 1.810829145728643 38.505 38.504999999999995
46 0.3630933362512311 1.80636852604732 38.45499999999999 38.45499999999999
47 0.3634000802421853 1.8111306532663316 38.51000000000001 38.510000000000005
48 0.36120928620928644 1.8057286432160797 38.69499999999999 38.69499999999997
49 0.3572465380360117 1.8059798994974874 38.67999999999996 38.68000000000001
50 0.35874019768756604 1.8060552763819102 38.65500000000001 38.654999999999966
51 0.35843801291169713 1.8060552763819107 38.675000000000004 38.67499999999998
52 0.3606045519203412 1.8057788944723603 38.745000000000005 38.74500000000003
53 0.358502571397308 1.805879396984926 38.71500000000002 38.715
54 0.3602142831090198 1.8059798994974878 38.714999999999996 38.71499999999999
55 0.3576720647773277 1.8061055276381894 38.68000000000001 38.68
56 0.35852299668089144 1.8060804020100452 38.68000000000001 38.68000000000001
57 0.35495346561136 1.806130653266329 38.63000000000001 38.629999999999995
58 0.36098570230149174 1.8057286432160788 38.71000000000001 38.709999999999994
59 0.35481471349892446 1.805854271356784 38.685 38.685
60 0.35537403800561707 1.8056281407035168 38.71499999999999 38.71500000000004
61 0.35534029981398374 1.8055276381909562 38.72499999999999 38.725
62 0.3576355910566437 1.8060552763819102 38.66499999999999 38.665000000000006
63 0.356457672247146 1.8057788944723618 38.705000000000034 38.70500000000002
64 0.35999635262793156 1.8060050251256263 38.690000000000005 38.68999999999998
65 0.3608463726884778 1.8059547738693453 38.72500000000002 38.72500000000004
66 0.3604909362804099 1.8060301507537622 38.72500000000001 38.72500000000004
67 0.3578380202064413 1.8057035175879375 38.729999999999976 38.730000000000004
68 0.3586015975489658 1.8057788944723596 38.725 38.725000000000016
69 0.3598178137651821 1.8057286432160804 38.705000000000005 38.705000000000005
70 0.3553747674800308 1.8057035175879403 38.69500000000001 38.69499999999999
