# index clusteringCoefficient averagePathLength inDegreeMean outDegreeMean
1 0.9167615469444738 4.826402091254761 1.9837398373983743 1.983739837398374
2 0.8229044950783337 4.450956337478402 3.169999999999999 3.169999999999999
3 0.7001793485419198 3.8921516637942464 5.420000000000001 5.420000000000001
4 0.6618973002350371 3.1130293003404756 8.975000000000001 8.975000000000001
5 0.6316829042365886 2.9024000532605516 12.875000000000005 12.875000000000002
6 0.5706435494295993 2.3609671848013827 18.660000000000007 18.660000000000007
7 0.5063769462194453 2.1857441437528826 23.80999999999999 23.81000000000001
8 0.4541681672114024 1.9788325348885687 30.295 30.295000000000012
9 0.3907870578436065 1.8641677776638295 35.30000000000002 35.29999999999997
10 0.3955894129839737 1.813972567619536 38.80499999999999 38.80500000000002
11 0.406917370661223 1.795257018330984 41.21499999999999 41.21500000000001
12 0.4052397483229294 1.7937930860331788 42.65999999999998 42.660000000000004
13 0.4064159925939277 1.7967980606550311 42.945 42.94500000000002
14 0.40263716903251767 1.7896012726951362 43.080000000000034 43.08
15 0.4048659518775798 1.7886417009671485 43.04999999999998 43.049999999999976
16 0.40511615322661854 1.7873538547006396 43.089999999999996 43.09000000000001
17 0.402852612503775 1.7873286028130577 43.074999999999974 43.075000000000024
18 0.40199791729588247 1.786206030150753 43.370000000000005 43.369999999999976
19 0.3991117990536597 1.7856281407035184 43.439999999999976 43.43999999999999
20 0.3992333573969988 1.785477386934674 43.47500000000003 43.47500000000002
21 0.4001701399375819 1.7805778894472357 43.680000000000014 43.68000000000002
22 0.39521645021645013 1.7806532663316583 43.67 43.66999999999998
23 0.3964512231954091 1.780577889447235 43.665000000000006 43.664999999999964
24 0.39356110943320205 1.7806281407035192 43.65500000000003 43.654999999999994
25 0.3976500050337261 1.7806783919598004 43.644999999999996 43.64500000000002
26 0.3982746904258531 1.780326633165832 43.71500000000002 43.71500000000001
27 0.39608401288633854 1.7806281407035198 43.66500000000001 43.66499999999999
28 0.3959819019135522 1.7804271356783934 43.69999999999999 43.699999999999996
29 0.3992248062015505 1.7804773869346755 43.69500000000002 43.695000000000036
30 0.3972085472666865 1.7805025125628144 43.69000000000002 43.69000000000003
31 0.39577494211215125 1.7803517587939683 43.715000000000046 43.715
32 0.3955124333031307 1.7804020100502513 43.69999999999998 43.69999999999998
33 0.3965667472062821 1.7803768844221062 43.710000000000015 43.71000000000002
34 0.39627932145374006 1.780251256281406 43.73999999999997 43.740000000000016
35 0.39912111144669277 1.7802512562814048 43.73 43.73
36 0.3978516057585827 1.7803015075376847 43.73500000000001 43.73499999999999
37 0.4014977851605756 1.7805778894472346 43.680000000000014 43.68000000000002
38 0.39834365247155956 1.780427135678391 43.705000000000005 43.70500000000002
39 0.3991009765428369 1.7805527638190992 43.690000000000026 43.690000000000026
40 0.3991535789791603 1.7803266331658314 43.71499999999999 43.715
41 0.39656523708849284 1.7804020100502504 43.71000000000002 43.70999999999999
42 0.4002979965770665 1.78027638190955 43.734999999999985 43.734999999999985
43 0.39984697473069564 1.7803266331658247 43.72499999999999 43.72500000000002
44 0.40099743279975847 1.7804271356783912 43.71500000000001 43.715000000000025
45 0.3985913117889864 1.78057788944723 43.694999999999986 43.69500000000001
46 0.4015035739454347 1.780552763819091 43.68999999999999 43.690000000000005
47 0.3999176985804891 1.7804773869346775 43.69999999999999 43.70000000000001
48 0.3972596641399819 1.7804522613065306 43.699999999999996 43.700000000000024
49 0.3988153125943824 1.78030150753769 43.730000000000004 43.73
50 0.3971091311788984 1.7804271356783956 43.705000000000034 43.705
51 0.3960447498238196 1.7804522613065275 43.69 43.68999999999999
52 0.39695409241920854 1.7803517587939621 43.714999999999996 43.71500000000001
53 0.400166616329407 1.7805778894472366 43.68500000000002 43.685
54 0.4001064633041378 1.7806281407035212 43.67 43.669999999999995
55 0.39716752240008035 1.7805276381909598 43.67999999999999 43.68000000000001
56 0.39779497634148825 1.7805025125628169 43.685 43.68499999999997
57 0.3963268901640996 1.7804522613065323 43.69500000000002 43.695
58 0.3977260142957817 1.7808542713567854 43.645 43.64500000000003
59 0.39774665257223385 1.7806532663316568 43.68 43.680000000000014
60 0.39990536595187776 1.7805527638190948 43.68500000000002 43.685
61 0.39909896305245135 1.7805778894472346 43.67500000000003 43.675000000000026
62 0.39760444981375187 1.7807788944723633 43.64999999999999 43.64999999999999
63 0.4001824725661934 1.780452261306533 43.69499999999999 43.694999999999986
64 0.3985903050437933 1.7805527638190983 43.685 43.684999999999974
65 0.3992688513037348 1.7806532663316539 43.66499999999998 43.665
66 0.39881254404510175 1.7802512562814108 43.730000000000004 43.73000000000001
67 0.3997254102486657 1.7803015075376878 43.72000000000001 43.71999999999999
68 0.4005567300916136 1.7804271356783905 43.699999999999996 43.70000000000001
69 0.3950755058894593 1.7806532663316628 43.65000000000002 43.649999999999984
70 0.39901011778918727 1.7805527638190977 43.675 43.67499999999998
