# index clusteringCoefficient averagePathLength inDegreeMean outDegreeMean
1 0.9263119818104842 4.760504201680669 1.8780487804878043 1.8780487804878057
2 0.8244018807846204 4.624047311648855 3.105000000000001 3.1049999999999986
3 0.7380865603408173 3.3914380513069537 5.149999999999999 5.150000000000003
4 0.6570909813114048 3.4051008662991444 7.849999999999999 7.849999999999995
5 0.6417833918719832 3.0006077795785933 11.75499999999999 11.755000000000006
6 0.5569328624956885 2.541618295797538 16.619999999999994 16.620000000000008
7 0.5036843634715897 2.2254574559103193 21.659999999999993 21.65999999999999
8 0.44581878695528565 2.055011777021724 26.75500000000001 26.755000000000006
9 0.3978784260908493 1.922218193120598 31.445 31.445
10 0.37459027187262994 1.8696851002422312 34.34500000000002 34.345
11 0.36631823699238614 1.8545505304299266 35.689999999999976 35.69000000000001
12 0.3653902288212678 1.8404080705032724 36.709999999999994 36.709999999999994
13 0.36935563568988855 1.8347236180904518 37.375 37.37500000000001
14 0.36694553890118387 1.8246984924623153 37.975000000000016 37.97500000000001
15 0.3633027329544358 1.8225125628140733 38.02000000000002 38.020000000000024
16 0.36479509821137573 1.8215326633165814 38.055000000000035 38.05500000000001
17 0.3606781072570542 1.812035175879399 38.36500000000001 38.365000000000016
18 0.3581449465659994 1.8063065326633174 38.67999999999999 38.68000000000001
19 0.35652077178392966 1.8063567839195984 38.65999999999999 38.66000000000002
20 0.35714483714483697 1.8064824120602965 38.705000000000005 38.705000000000005
21 0.3595577561367036 1.8062562814070322 38.660000000000004 38.65999999999998
22 0.35891891891891875 1.8061557788944747 38.67 38.67000000000002
23 0.3612058212058208 1.805979899497489 38.67999999999999 38.67999999999998
24 0.3591547215231427 1.8057035175879408 38.70999999999998 38.70999999999998
25 0.35619433198380546 1.8059296482412013 38.70500000000002 38.705
26 0.3598043184885291 1.8059296482412028 38.67500000000001 38.67499999999997
27 0.3575703030966188 1.8059045226130668 38.68500000000002 38.685
28 0.35690575190575197 1.8055527638190976 38.73999999999999 38.739999999999974
29 0.3563980377138274 1.8058542713567818 38.685000000000024 38.68499999999998
30 0.357049640733851 1.8057286432160804 38.70499999999998 38.70499999999999
31 0.35749844986687085 1.805904522613066 38.67000000000001 38.67
32 0.3571623445307656 1.8057286432160764 38.70500000000002 38.70500000000001
33 0.3593443848707007 1.8056281407035184 38.72000000000002 38.719999999999985
34 0.35824999088156984 1.8057537688442205 38.70999999999999 38.71
35 0.35957526352263175 1.8059547738693489 38.70000000000003 38.69999999999998
36 0.35826585695006746 1.8057537688442233 38.71000000000002 38.70999999999998
37 0.3573611263084947 1.805879396984926 38.725 38.72500000000004
38 0.358727249516723 1.8059045226130672 38.70000000000003 38.69999999999996
39 0.35875661086187394 1.8059296482412046 38.67 38.67000000000001
40 0.35766665450875984 1.805829145728644 38.695 38.69500000000003
41 0.3579664077032496 1.8056532663316587 38.73499999999997 38.73500000000001
42 0.35792318634423886 1.8057537688442196 38.70000000000001 38.699999999999974
43 0.35383758252179265 1.8064572864321558 38.65499999999998 38.65499999999998
44 0.35869199158672876 1.8060804020100487 38.65999999999999 38.65999999999998
45 0.3551396943502209 1.8060301507537704 38.67500000000001 38.675000000000004
46 0.35712350001823656 1.8061306532663313 38.674999999999976 38.674999999999976
47 0.3590330816646605 1.805778894472363 38.684999999999995 38.684999999999995
48 0.35795655979866525 1.8061557788944698 38.67500000000001 38.675
49 0.36015701936754596 1.8057286432160804 38.71 38.709999999999994
50 0.3561728124886021 1.806407035175879 38.65999999999999 38.65999999999997
51 0.3579979574716416 1.8061306532663295 38.69999999999999 38.70000000000001
52 0.36116934748513635 1.805778894472358 38.724999999999994 38.72500000000001
53 0.3591014698909437 1.8063819095477371 38.67500000000002 38.67499999999998
54 0.359105117263012 1.8057788944723612 38.73000000000004 38.72999999999998
55 0.35944341102235844 1.806206030150753 38.675000000000004 38.675
56 0.35965860597439525 1.806130653266333 38.665 38.665
57 0.35863497100339226 1.8062060301507494 38.68 38.67999999999999
58 0.359957143378196 1.8059547738693444 38.705 38.704999999999984
59 0.3602905131852501 1.8059045226130646 38.71999999999999 38.71999999999998
60 0.3557690484006274 1.8060050251256292 38.70000000000003 38.69999999999999
61 0.3523500018236859 1.8058793969849216 38.69500000000002 38.695
62 0.35764452711821126 1.8060804020100503 38.70999999999999 38.71
63 0.35716252689936895 1.8058040201005026 38.70999999999998 38.70999999999999
64 0.35449720976036775 1.805829145728644 38.714999999999996 38.715
65 0.35848469927417265 1.8061055276381917 38.65500000000003 38.655
66 0.3580718167560274 1.806055276381906 38.69000000000001 38.689999999999976
67 0.36121658095342296 1.8063316582914548 38.684999999999995 38.684999999999995
68 0.35908542145384265 1.8058542713567842 38.70999999999999 38.71000000000001
69 0.3586276762592551 1.8059547738693489 38.67499999999998 38.675000000000004
70 0.359977021555969 1.8059798994974872 38.67 38.66999999999998
