# index clusteringCoefficient averagePathLength inDegreeMean outDegreeMean
1 0.9351952906737784 4.544764237599509 1.8130081300813017 1.8130081300813017
2 0.8126626014486547 4.572636534019047 3.0849999999999977 3.0850000000000017
3 0.7023625209121153 3.321499903356743 4.990000000000001 4.989999999999999
4 0.6359771092393823 3.263273814205933 8.60999999999999 8.609999999999996
5 0.6242254200594182 2.9893109431156226 12.02 12.020000000000001
6 0.5489970613987287 2.4041611964153087 17.580000000000016 17.58000000000001
7 0.4853534891044369 2.0946889992425013 23.295000000000005 23.294999999999984
8 0.41735958760065556 1.9829480155018018 28.64 28.64
9 0.39533846604639217 1.9028673556608908 33.049999999999976 33.04999999999996
10 0.36925664298805067 1.8833507639721427 34.670000000000016 34.66999999999999
11 0.36359324643311197 1.8511750672554714 35.815000000000005 35.81500000000001
12 0.3640451880104853 1.829751773945104 37.09 37.08999999999998
13 0.36781963551456925 1.8212418878311165 37.66499999999999 37.665000000000006
14 0.3701116872880452 1.8205527638190966 37.91 37.910000000000004
15 0.3670268506502775 1.817939698492461 38.155000000000015 38.15500000000003
16 0.3630036108983482 1.8062562814070395 38.660000000000004 38.66
17 0.3614804683225734 1.8061055276381894 38.68000000000003 38.679999999999986
18 0.362790908317224 1.8061809045226145 38.694999999999986 38.69499999999999
19 0.36219407666776116 1.8060804020100485 38.7 38.699999999999996
20 0.3639823831929093 1.8058040201004986 38.73999999999999 38.73999999999999
21 0.36000310026625826 1.8059296482412068 38.714999999999975 38.71500000000002
22 0.3591131414815627 1.805804020100507 38.704999999999984 38.70500000000001
23 0.356932560090455 1.806256281407033 38.65 38.649999999999984
24 0.35856950067476384 1.8060050251256325 38.69999999999999 38.699999999999996
25 0.3593266951161689 1.8057537688442173 38.72499999999999 38.72499999999998
26 0.3608726337673703 1.8061557788944675 38.690000000000005 38.68999999999998
27 0.3584394718605244 1.8056030150753766 38.73000000000001 38.73
28 0.355665463033884 1.805753768844219 38.72499999999999 38.725
29 0.35645621329831834 1.8061809045226116 38.66500000000001 38.665
30 0.3571309771309773 1.8058291457286422 38.71499999999996 38.71499999999999
31 0.3592703432177115 1.8063316582914573 38.65500000000001 38.654999999999994
32 0.35867928657402354 1.806005025125628 38.66999999999999 38.67
33 0.3592367873946822 1.8060301507537695 38.67 38.669999999999995
34 0.36145748987854254 1.8060050251256288 38.68500000000001 38.684999999999995
35 0.35795655979866525 1.8061809045226112 38.690000000000005 38.69
36 0.36182003866214385 1.8060552763819102 38.70500000000001 38.705000000000005
37 0.3585158843053579 1.8060050251256246 38.710000000000015 38.71
38 0.3618669073932231 1.805929648241209 38.684999999999995 38.684999999999974
39 0.3554604807236384 1.805879396984926 38.71499999999998 38.715
40 0.3557544589123538 1.8057788944723618 38.71000000000002 38.70999999999999
41 0.3590560601086916 1.8061306532663328 38.66500000000002 38.66499999999999
42 0.35779133384396516 1.8058040201005017 38.69500000000001 38.69499999999999
43 0.36016449648028603 1.8059547738693456 38.67499999999998 38.67499999999997
44 0.3550503337345445 1.805552763819094 38.724999999999994 38.725
45 0.3589413502571401 1.8057035175879415 38.725000000000016 38.725000000000016
46 0.3566801619433199 1.8058793969849238 38.705000000000005 38.70500000000001
47 0.3583358864937811 1.8059547738693449 38.705000000000005 38.70500000000002
48 0.36135554582923 1.8062060301507545 38.67499999999996 38.67499999999999
49 0.35918462997410366 1.8060301507537673 38.68999999999999 38.689999999999976
50 0.3602578692052378 1.8062060301507523 38.645 38.64499999999997
51 0.36230969836232974 1.8059045226130621 38.69500000000002 38.69500000000001
52 0.361418827734617 1.8061557788944724 38.69000000000001 38.69
53 0.3587735711419922 1.8057035175879408 38.745000000000005 38.74500000000001
54 0.3567624101834629 1.8059296482412046 38.71500000000001 38.71499999999997
55 0.3580663456979248 1.8060804020100476 38.71999999999998 38.719999999999985
56 0.360385891964839 1.8059798994974883 38.69500000000003 38.695
57 0.3603481416639312 1.805577889447237 38.73999999999996 38.739999999999974
58 0.3577957106904476 1.8057035175879426 38.71 38.71
59 0.35982000218842347 1.8057286432160753 38.71999999999999 38.71999999999997
60 0.36238665791297364 1.8060301507537722 38.68500000000002 38.68499999999999
61 0.3587675529780793 1.8060301507537677 38.68 38.68
62 0.36356950067476407 1.8060301507537706 38.695000000000014 38.69499999999999
63 0.3607052193894299 1.8058793969849227 38.70500000000002 38.705000000000005
64 0.36194404931247065 1.8059045226130663 38.724999999999994 38.724999999999994
65 0.3585605038236618 1.8060301507537666 38.705 38.705
66 0.35617518328044634 1.8056532663316576 38.73499999999998 38.734999999999985
67 0.35790786738155156 1.8057788944723618 38.704999999999984 38.70500000000002
68 0.35923186344238983 1.8061055276381903 38.70000000000001 38.70000000000001
69 0.3538762446657181 1.805854271356781 38.69999999999998 38.699999999999996
70 0.3577541306488673 1.8059296482412104 38.690000000000005 38.69
