# index clusteringCoefficient averagePathLength inDegreeMean outDegreeMean
1 0.9295692413578592 4.909311348205629 1.7804878048780486 1.78048780487805
2 0.8035721712270901 3.9560652113843604 3.060000000000001 3.0600000000000027
3 0.7041129542015502 4.1951164874552 5.65 5.65
4 0.6376830518282995 3.5371526293287716 8.904999999999998 8.904999999999992
5 0.6047798528064231 3.134463981104842 12.285000000000004 12.284999999999993
6 0.5518577885660224 2.4629174992863154 17.570000000000014 17.57000000000001
7 0.4804760840067726 2.1488842105263184 22.804999999999993 22.80500000000001
8 0.4266996076088629 1.9850853981236454 28.194999999999993 28.195000000000007
9 0.3961923641719411 1.886977560353077 32.44000000000001 32.43999999999999
10 0.38912989796213493 1.8320726981157283 35.205000000000005 35.205
11 0.3819275535212132 1.8439920221721435 36.43 36.43
12 0.381846950912253 1.8266894604605406 37.295 37.295
13 0.3823302007603789 1.8148004247934297 37.77 37.77000000000002
14 0.38125949489107386 1.8077874555481104 38.32500000000001 38.32500000000001
15 0.38112460790750263 1.8020666907179301 38.59999999999998 38.60000000000002
16 0.3781870374602761 1.8019378446631957 38.65999999999999 38.66
17 0.3774305153910418 1.801763921649058 38.84000000000001 38.83999999999998
18 0.3770522941970313 1.801071684955383 38.91000000000002 38.90999999999996
19 0.37385387614334953 1.8017498660816715 39.02000000000002 39.02000000000001
20 0.37474231316336576 1.800601994745306 39.14999999999999 39.14999999999999
21 0.37348886639676104 1.8007207755951444 39.32 39.31999999999999
22 0.3705334008097164 1.800560591904244 39.530000000000015 39.52999999999999
23 0.3698451417004051 1.8010050251256278 39.724999999999994 39.725000000000016
24 0.3662145748987853 1.8011055276381895 39.694999999999986 39.69499999999998
25 0.3681008771929825 1.800954773869343 39.72000000000004 39.71999999999999
26 0.363336032388664 1.8011809045226126 39.68499999999999 39.684999999999974
27 0.3683245614035088 1.801206030150753 39.675000000000026 39.67499999999999
28 0.3691369770580299 1.80193467336684 39.669999999999995 39.67
29 0.3666646423751687 1.8010552763819088 39.64500000000001 39.64499999999998
30 0.36867712550607284 1.800854271356785 39.69 39.690000000000005
31 0.3648431174089066 1.8007788944723617 39.670000000000016 39.669999999999966
32 0.36727665317139013 1.800829145728641 39.66999999999997 39.66999999999997
33 0.36519905533063424 1.8008040201005022 39.680000000000014 39.68000000000001
34 0.36847165991902797 1.800753768844219 39.695000000000014 39.69499999999996
35 0.36686470985155206 1.8009547738693452 39.67999999999997 39.679999999999986
36 0.36334143049932516 1.80103015075377 39.65000000000003 39.65
37 0.3641093117408907 1.8009296482412067 39.66000000000003 39.66
38 0.36564237516869097 1.8006532663316568 39.70500000000003 39.705
39 0.36671828609986484 1.800603015075377 39.68999999999999 39.689999999999976
40 0.36679794470583965 1.8006532663316561 39.71999999999998 39.71999999999999
41 0.36918421052631595 1.8005276381909536 39.745 39.74499999999998
42 0.36826585695006725 1.8005527638190948 39.72000000000002 39.72000000000002
43 0.3660654520917681 1.800678391959802 39.7 39.699999999999974
44 0.3688434547908234 1.8005778894472373 39.72 39.72000000000001
45 0.3643336707152497 1.8005778894472368 39.72000000000002 39.72000000000001
46 0.3619601889338731 1.800829145728641 39.69 39.68999999999999
47 0.36974797570850226 1.8010804020100522 39.65999999999999 39.65999999999998
48 0.36694534412955465 1.8008291457286483 39.68999999999998 39.68999999999996
49 0.36932860998650485 1.8011055276381907 39.67000000000001 39.66999999999999
50 0.36621431958274075 1.8012814070351781 39.635 39.63499999999997
51 0.3662606868001608 1.8008291457286436 39.67000000000001 39.67
52 0.3647034412955466 1.8006532663316566 39.72499999999997 39.72500000000001
53 0.36488394062078283 1.8010050251256293 39.66500000000003 39.66499999999997
54 0.368253373819163 1.8007788944723604 39.69999999999998 39.69999999999998
55 0.3622820512820515 1.8010050251256262 39.650000000000034 39.649999999999956
56 0.36514541160593794 1.8009045226130647 39.67999999999998 39.68000000000001
57 0.3681666666666669 1.8008040201005047 39.67999999999997 39.680000000000014
58 0.3655883940620782 1.8008040201005011 39.70000000000001 39.69999999999998
59 0.36670411605937914 1.80115577889447 39.64999999999999 39.65
60 0.36631815114709865 1.8009296482412038 39.67 39.669999999999995
61 0.3665165317139 1.8007286432160834 39.69000000000001 39.68999999999999
62 0.3702007422402158 1.800703517587939 39.70500000000001 39.705
63 0.36710998650472354 1.8009296482412112 39.69500000000001 39.695
64 0.3684024966261807 1.8009296482412083 39.70499999999998 39.705000000000005
65 0.36647941970310405 1.8005778894472424 39.71499999999999 39.714999999999996
66 0.36651889338731436 1.8008542713567843 39.65999999999999 39.65999999999998
67 0.3658852901484482 1.8009547738693523 39.67500000000002 39.67499999999996
68 0.36675809716599195 1.8010301507537645 39.670000000000016 39.669999999999995
69 0.3653539136302293 1.8005276381909576 39.72499999999998 39.72499999999999
70 0.3647675438596491 1.8005778894472362 39.725000000000044 39.72500000000002
