# index clusteringCoefficient averagePathLength inDegreeMean outDegreeMean
1 0.9417196767646061 4.822286263208447 1.6178861788617889 1.6178861788617882
2 0.8094839210279534 4.358656889850543 3.300000000000001 3.2999999999999985
3 0.7287491259771745 3.3830119854090666 5.3400000000000025 5.34
4 0.6414100739896802 3.148972456723795 7.979999999999998 7.9799999999999995
5 0.6202104580816032 2.9192250473356816 11.495000000000005 11.495000000000001
6 0.5737815308210095 2.6769256225697013 15.805000000000005 15.80500000000001
7 0.5099827301179894 2.2564102564102706 20.959999999999994 20.96000000000001
8 0.4489990572529716 2.027109667203565 25.76999999999999 25.769999999999992
9 0.39071609576799987 1.931830266936085 29.679999999999996 29.680000000000007
10 0.38151889760762875 1.8754338703828435 32.99000000000002 32.99000000000001
11 0.3622125399774436 1.8370869893508965 34.704999999999984 34.705
12 0.3673873941518804 1.8245071511403148 36.00499999999998 36.00500000000001
13 0.36486682106010604 1.8216982347635562 36.38999999999998 36.39
14 0.35859974196289984 1.822717649159506 36.59499999999997 36.59499999999997
15 0.35988975817923197 1.8164547225925516 36.73999999999999 36.73999999999999
16 0.36065394341710144 1.8208466575300757 36.975 36.97500000000001
17 0.3575244997455524 1.8218592964824127 37.21500000000001 37.215
18 0.355438201359254 1.8165450367414946 37.285000000000004 37.285
19 0.35375217322585706 1.821557788944722 37.300000000000004 37.29999999999998
20 0.35240370069317456 1.8172361809045225 37.474999999999994 37.475
21 0.35671131657973765 1.8162814070351767 37.51500000000001 37.515
22 0.35452781729097516 1.8164824120603038 37.48000000000002 37.480000000000004
23 0.35307057057057056 1.816180904522611 37.490000000000016 37.49
24 0.35301643749012174 1.8163567839196009 37.47999999999996 37.47999999999999
25 0.3515153311205945 1.8115829145728657 37.69499999999999 37.694999999999986
26 0.3520001580527894 1.8112060301507502 37.705000000000005 37.705
27 0.3493780622727992 1.8113316582914536 37.695 37.69499999999999
28 0.34867433222696426 1.810954773869343 37.70500000000002 37.704999999999984
29 0.34999841947210375 1.811030150753769 37.71 37.71
30 0.3490418049628577 1.8109045226130671 37.70500000000003 37.70500000000002
31 0.348506796269954 1.810954773869349 37.70000000000001 37.7
32 0.3499739212897108 1.8109547738693463 37.71500000000004 37.71500000000001
33 0.34734826932195356 1.810954773869345 37.700000000000024 37.69999999999999
34 0.34786312628417876 1.8110301507537707 37.680000000000014 37.680000000000035
35 0.34786075549233436 1.8111809045226146 37.71499999999999 37.714999999999996
36 0.3482977714556659 1.811206030150753 37.71 37.71
37 0.3497159001106367 1.8111557788944723 37.70000000000002 37.69999999999999
38 0.3512225383278016 1.8116080402010064 37.66500000000002 37.66500000000001
39 0.3541559981033665 1.8110804020100513 37.69499999999999 37.695
40 0.352394894894895 1.8111306532663338 37.67499999999996 37.67499999999998
41 0.352300853485064 1.811155778894476 37.7 37.69999999999998
42 0.3481792318634425 1.811005025125631 37.714999999999996 37.71500000000002
43 0.3547017656754498 1.8109296482412085 37.73999999999999 37.740000000000016
44 0.35176663505610867 1.8108040201005007 37.73500000000002 37.73499999999999
45 0.3518942626837361 1.8108040201005011 37.72499999999999 37.725000000000016
46 0.34884147305199925 1.8112311557788905 37.68 37.67999999999998
47 0.35074679943101006 1.811407035175879 37.66499999999998 37.665
48 0.35227121858700805 1.8109045226130678 37.71000000000001 37.71
49 0.35769480006322146 1.8109296482412023 37.739999999999995 37.739999999999995
50 0.35369369369369347 1.8111809045226157 37.719999999999985 37.720000000000006
51 0.35207799905168374 1.8111306532663332 37.720000000000006 37.72000000000001
52 0.3501090564248458 1.8107788944723655 37.71999999999999 37.72000000000003
53 0.34832226963805935 1.8108793969849224 37.739999999999974 37.74000000000001
54 0.3489153627311522 1.8109296482412003 37.72499999999999 37.724999999999994
55 0.34992057847320984 1.8112060301507527 37.69000000000001 37.690000000000005
56 0.35012328117591274 1.8108040201005058 37.745000000000005 37.745
57 0.3501331594752645 1.8108040201005011 37.75000000000003 37.75000000000001
58 0.353029476845266 1.8113567839195972 37.69499999999999 37.69500000000001
59 0.3504816658764027 1.8113567839195988 37.68500000000001 37.68500000000003
60 0.35073968705547637 1.811180904522613 37.65499999999999 37.655
61 0.3478062272799112 1.8114824120603008 37.65 37.65
62 0.3519377272008849 1.8109547738693474 37.705 37.70500000000002
63 0.35047771455666177 1.811155778894476 37.71500000000001 37.715
64 0.3505614825351667 1.8108291457286425 37.73499999999999 37.73499999999999
65 0.34928125493914963 1.8110552763819059 37.705 37.704999999999984
66 0.35008771929824567 1.8108793969849217 37.74000000000001 37.74
67 0.3485696222538326 1.811331658291457 37.67000000000001 37.669999999999995
68 0.35108384700490014 1.81115577889447 37.70000000000001 37.69999999999998
69 0.35232061008376747 1.8113567839195988 37.65499999999999 37.655
70 0.35228899952584164 1.811331658291457 37.685 37.684999999999995
