# index clusteringCoefficient averagePathLength inDegreeMean outDegreeMean
1 0.9367855816008598 4.637579697462169 1.780487804878049 1.7804878048780484
2 0.807111947742597 4.193538581788163 3.1900000000000017 3.190000000000001
3 0.7000227622595268 3.5600278463388384 5.155 5.155000000000002
4 0.6582748910663807 3.2803088067098733 8.024999999999999 8.025
5 0.662634473285199 2.9467404893730977 11.689999999999996 11.690000000000005
6 0.6284640912264613 2.4643294341675595 15.984999999999996 15.984999999999996
7 0.5425609616221112 2.2561477106505294 20.924999999999997 20.924999999999997
8 0.4901370579131226 2.0533032035092207 26.90499999999999 26.905000000000015
9 0.4366950054589771 1.9166950194980226 32.355000000000004 32.355000000000004
10 0.4108723118062304 1.8555509268902335 35.65999999999999 35.66000000000003
11 0.38986044023071925 1.8295904887714636 37.43499999999998 37.435
12 0.3887698710842005 1.8151160381268086 38.345 38.345000000000006
13 0.392796255902156 1.8193052172798352 38.96999999999999 38.97000000000001
14 0.39169735300832864 1.8178011268463503 39.3 39.29999999999999
15 0.38711719824890595 1.8106522460015793 39.465000000000025 39.464999999999975
16 0.38534365228267686 1.8128835130426029 39.92500000000002 39.92499999999997
17 0.38452954971857417 1.8117839195979888 40.10499999999998 40.105000000000004
18 0.3824899937460911 1.8067978081361582 40.065000000000005 40.065000000000005
19 0.3773226322006809 1.8021356783919635 40.449999999999996 40.44999999999999
20 0.3781815196998125 1.7962060301507432 40.69000000000001 40.690000000000005
21 0.38052095059412105 1.7960050251256303 40.71000000000001 40.71
22 0.3757209193245781 1.7960050251256285 40.66499999999999 40.66499999999998
23 0.37494543464665414 1.7960301507537733 40.66999999999997 40.67
24 0.37505456535334575 1.7957286432160746 40.699999999999996 40.699999999999974
25 0.37717933083176974 1.7959045226130705 40.65499999999999 40.65499999999999
26 0.3776252345215761 1.7955276381909584 40.705000000000005 40.70499999999999
27 0.3766180425265795 1.7954773869346734 40.71500000000001 40.715
28 0.3736909005628516 1.795703517587944 40.695 40.694999999999986
29 0.3745301751094434 1.7957788944723603 40.67500000000001 40.67499999999999
30 0.3768309881175738 1.795653266331662 40.720000000000006 40.719999999999985
31 0.37249140087554733 1.7958040201005048 40.654999999999966 40.65499999999997
32 0.37483536585365884 1.7955527638190985 40.70500000000001 40.705000000000005
33 0.3721441855106806 1.7956532663316582 40.69000000000001 40.69
34 0.3751586929330833 1.795603015075375 40.695000000000036 40.69499999999999
35 0.37315603502188865 1.795527638190955 40.70000000000002 40.70000000000001
36 0.37526360225140715 1.7956783919598018 40.69000000000001 40.689999999999976
37 0.37278080050031287 1.7957286432160775 40.680000000000014 40.67999999999999
38 0.37676751094433997 1.7955276381909577 40.72 40.719999999999985
39 0.3744640400250156 1.795829145728644 40.68 40.67999999999997
40 0.3730917761100686 1.795452261306535 40.71999999999996 40.720000000000006
41 0.3749854596622885 1.7957788944723614 40.7 40.699999999999996
42 0.3698184803001878 1.7958040201005039 40.660000000000004 40.65999999999997
43 0.374596779237023 1.7956783919598023 40.69499999999999 40.695
44 0.3778126954346467 1.7955527638190985 40.710000000000015 40.70999999999998
45 0.37440290806754206 1.7958793969849203 40.67000000000001 40.669999999999995
46 0.373149468417761 1.7957035175879426 40.690000000000026 40.68999999999999
47 0.37265415884928094 1.7955778894472414 40.69500000000001 40.695
48 0.3720727016885553 1.795427135678389 40.73000000000002 40.72999999999999
49 0.3778889931207005 1.795452261306535 40.730000000000025 40.72999999999997
50 0.37593777360850533 1.7956281407035186 40.695000000000014 40.695
51 0.3706532207629767 1.7957537688442238 40.68000000000002 40.67999999999999
52 0.3719598186366478 1.7957035175879401 40.69000000000002 40.69
53 0.37515431519699816 1.7956281407035202 40.694999999999986 40.69499999999998
54 0.37850046904315204 1.7956783919598005 40.70499999999999 40.70499999999999
55 0.3763483427141964 1.7955527638190976 40.73999999999998 40.73999999999998
56 0.37543042526579123 1.7957537688442196 40.669999999999995 40.66999999999997
57 0.3758398999374609 1.7958291457286404 40.68999999999998 40.68999999999998
58 0.3739607567229517 1.796005025125633 40.63499999999998 40.63500000000001
59 0.37285631644777995 1.7956030150753772 40.699999999999974 40.69999999999998
60 0.3744854596622891 1.7956532663316553 40.69499999999999 40.695
61 0.374660881801126 1.7956281407035197 40.70000000000001 40.699999999999974
62 0.37500641025641035 1.7957035175879446 40.70000000000001 40.69999999999999
63 0.3740452091767883 1.7957788944723705 40.68500000000004 40.68499999999998
64 0.37791072545340837 1.7955778894472343 40.72499999999997 40.72500000000003
65 0.37313633520950584 1.7959296482412017 40.67500000000005 40.67499999999999
66 0.3746353971232022 1.7955025125628141 40.72499999999998 40.724999999999994
67 0.3716921513445904 1.7957537688442222 40.67999999999997 40.679999999999986
68 0.3748705440900562 1.795678391959799 40.675 40.675
69 0.37337773608505315 1.7956783919598012 40.68500000000002 40.68500000000002
70 0.37109865540963083 1.795728643216082 40.674999999999976 40.675000000000004
