# index clusteringCoefficient averagePathLength inDegreeMean outDegreeMean
1 0.9367529720593374 4.590641842234197 1.7235772357723578 1.7235772357723569
2 0.7911915646039529 4.651865890528413 3.15 3.15
3 0.7123382475063523 2.9159931943853596 5.329999999999999 5.330000000000002
4 0.6842901523629549 3.3973395525611023 9.225 9.225
5 0.655970239906712 2.874802735402426 13.250000000000002 13.249999999999998
6 0.6225590365685542 2.418037487549428 18.24 18.23999999999999
7 0.5353662737423264 2.1044890324774896 24.115000000000002 24.115000000000002
8 0.4641280809348888 1.9866448046967975 29.23 29.23
9 0.41604060894269124 1.8956147848835665 33.90000000000002 33.900000000000006
10 0.39398453491965013 1.8567456572201106 36.964999999999996 36.965000000000025
11 0.38220663186003373 1.8306583940108674 38.115 38.115
12 0.3894929280176392 1.8216463025788783 38.765 38.764999999999986
13 0.3854779501052874 1.8177503680016243 39.210000000000015 39.209999999999965
14 0.38606052819573505 1.811380132988172 39.620000000000005 39.61999999999999
15 0.3860350218886805 1.8104157149383229 39.730000000000004 39.730000000000004
16 0.38034474671669793 1.811393651675459 39.815000000000005 39.815
17 0.3807720450281425 1.8107623544859979 39.87499999999999 39.87499999999997
18 0.3775863039399624 1.8108886139238864 39.875000000000014 39.87499999999998
19 0.3759457026713122 1.8013434004191822 40.180000000000014 40.179999999999986
20 0.3775503439649783 1.8059045226130646 40.26000000000001 40.26
21 0.37811944965603544 1.8006783919597968 40.494999999999976 40.494999999999976
22 0.3759476235146966 1.8005276381909576 40.50999999999999 40.51
23 0.3765863039399624 1.8006783919597975 40.49999999999997 40.50000000000001
24 0.3719587242026269 1.8005527638190981 40.50999999999998 40.51000000000002
25 0.3741747967479676 1.8005778894472355 40.49 40.489999999999995
26 0.3733097248280176 1.8005025125628105 40.52 40.51999999999999
27 0.37248671044402754 1.8005778894472384 40.51000000000001 40.51
28 0.3715931832395246 1.8005527638191 40.49 40.49000000000001
29 0.3719535647279548 1.800829145728646 40.45999999999998 40.45999999999997
30 0.37517964352720434 1.8006030150753747 40.50499999999999 40.50499999999998
31 0.37611085053158244 1.8006532663316597 40.484999999999964 40.484999999999985
32 0.3753389618511572 1.800753768844221 40.485 40.485
33 0.37658724202626614 1.8004773869346715 40.524999999999984 40.525
34 0.3724266729205752 1.8006281407035147 40.464999999999975 40.464999999999975
35 0.3732154471544716 1.8005778894472384 40.47499999999999 40.475
36 0.3708784084420351 1.7961306532663317 40.580000000000005 40.58
37 0.37066885553470874 1.7958291457286366 40.67000000000001 40.66999999999998
38 0.3712052845528454 1.7957286432160833 40.67000000000002 40.66999999999996
39 0.3766441279088902 1.7958291457286395 40.67500000000001 40.674999999999976
40 0.3721013133208254 1.795829145728644 40.65999999999999 40.659999999999975
41 0.3759745153220762 1.7954522613065327 40.73000000000002 40.73000000000001
42 0.373238430268918 1.7954271356783955 40.734999999999985 40.735
43 0.3739874921826143 1.7954271356783946 40.71500000000001 40.71500000000001
44 0.37366369606003746 1.7957286432160855 40.690000000000005 40.69000000000001
45 0.3734119762351471 1.7956532663316525 40.69500000000001 40.695
46 0.37425265791119455 1.795628140703514 40.72500000000003 40.725
47 0.37653252032520307 1.79560301507538 40.714999999999975 40.71500000000002
48 0.3725867729831145 1.7958542713567824 40.66 40.659999999999975
49 0.37428595997498426 1.7956783919597965 40.699999999999996 40.69999999999996
50 0.3759172920575359 1.7956783919598023 40.67500000000002 40.674999999999976
51 0.37404893683552204 1.7959798994974883 40.63500000000001 40.635000000000005
52 0.37253674171357104 1.7957788944723612 40.65999999999999 40.65999999999998
53 0.37551782363977465 1.7956030150753801 40.68999999999998 40.690000000000005
54 0.37413539712320193 1.7956783919598034 40.68 40.68
55 0.37288914946841784 1.7955276381909555 40.70000000000001 40.69999999999998
56 0.3739984858957898 1.7956783919597954 40.69000000000001 40.690000000000005
57 0.37422232645403386 1.795527638190957 40.70500000000002 40.70500000000002
58 0.372981081926204 1.7956783919597983 40.68500000000001 40.684999999999995
59 0.37190650406504056 1.7954271356783897 40.72999999999997 40.73000000000002
60 0.3707709505941213 1.795603015075374 40.705 40.70499999999999
61 0.372001637536618 1.795728643216077 40.705 40.70499999999999
62 0.37397873671044424 1.795628140703518 40.69500000000001 40.695
63 0.37487460913070664 1.7953517587939742 40.74499999999999 40.745000000000005
64 0.3734842088805502 1.7955276381909555 40.71000000000001 40.71000000000002
65 0.374546278924328 1.795804020100502 40.67499999999999 40.67499999999997
66 0.3729202626641652 1.7956281407035197 40.70499999999999 40.70500000000001
67 0.37419949968730476 1.7955025125628101 40.709999999999994 40.71000000000001
68 0.37335537836147603 1.7956030150753812 40.69500000000001 40.695
69 0.37269606003752365 1.7957286432160764 40.670000000000016 40.66999999999999
70 0.37070622263914943 1.7956281407035144 40.68000000000002 40.679999999999986
