# index clusteringCoefficient averagePathLength inDegreeMean outDegreeMean
1 0.9103503750226619 4.352747768905579 1.902439024390244 1.9024390243902443
2 0.7891826283877721 4.431501325037471 3.36 3.36
3 0.7240088297780569 3.3407845091478596 5.494999999999999 5.494999999999997
4 0.6802219987154098 3.0324277745022346 8.769999999999998 8.77
5 0.6256057623466819 2.8738848832946373 12.844999999999995 12.845000000000006
6 0.5854536056333313 2.4775104747634433 18.335000000000008 18.335000000000004
7 0.5226651313758215 2.143155611975039 24.760000000000012 24.760000000000005
8 0.4446056808964762 1.9703028208332218 30.155000000000005 30.154999999999987
9 0.43184475459954663 1.858356791455104 35.87999999999998 35.88
10 0.42212318069278226 1.8384270473638051 39.29999999999999 39.299999999999976
11 0.4125151369486128 1.8164337905396764 40.88500000000002 40.88500000000001
12 0.40946461078061597 1.8125446383022141 41.310000000000024 41.31
13 0.4073150322115437 1.8098785384207505 41.88500000000002 41.88500000000001
14 0.4054002822664197 1.8023534759223268 42.38999999999999 42.389999999999986
15 0.40683372618281605 1.8013434004191828 42.50500000000002 42.50499999999998
16 0.4056921373200437 1.7955354662761018 42.87000000000001 42.86999999999998
17 0.4042461995368971 1.7904928683823162 42.849999999999966 42.849999999999994
18 0.4043335346823717 1.8002261306532668 42.85999999999999 42.86000000000001
19 0.4030277861673212 1.8003015075376874 42.84000000000001 42.839999999999996
20 0.3991936788448415 1.7910804020100495 43.144999999999996 43.145
21 0.39943395751535293 1.790452261306532 43.254999999999974 43.254999999999995
22 0.4017029094936073 1.7903517587939735 43.27 43.26999999999998
23 0.398075634529123 1.7858542713567847 43.39499999999999 43.394999999999996
24 0.4015378032819892 1.7854522613065293 43.47499999999999 43.475000000000016
25 0.3999354005167959 1.7807788944723604 43.62499999999999 43.62499999999997
26 0.3973874962247056 1.7805276381909514 43.685 43.68499999999999
27 0.3921506594181014 1.7803517587939683 43.71000000000001 43.709999999999994
28 0.3956616832779624 1.7804522613065337 43.70000000000003 43.7
29 0.39430056377730816 1.7804522613065348 43.699999999999996 43.69999999999999
30 0.39537450921171824 1.7804773869346682 43.685 43.68499999999997
31 0.39412589348635846 1.7805276381909534 43.68 43.67999999999998
32 0.3940863787375413 1.780351758793964 43.71000000000001 43.71000000000001
33 0.39599894291754767 1.780678391959798 43.65000000000003 43.64999999999999
34 0.39519178495922674 1.7803517587939683 43.714999999999975 43.714999999999996
35 0.3960112080205667 1.780326633165836 43.71999999999999 43.72000000000002
36 0.39647588845263276 1.7803266331658276 43.724999999999994 43.72499999999998
37 0.39802778616732104 1.7804773869346713 43.70500000000002 43.705000000000005
38 0.3939665760595994 1.7805276381909525 43.68499999999999 43.68499999999998
39 0.3988676633444076 1.7804020100502556 43.71000000000001 43.71000000000001
40 0.39954872646733075 1.780502512562811 43.69499999999999 43.69499999999997
41 0.3975498338870431 1.7804773869346777 43.70499999999998 43.70499999999999
42 0.3970509916440152 1.7805025125628104 43.684999999999995 43.68499999999998
43 0.39843350448001597 1.7803768844221077 43.714999999999975 43.71500000000002
44 0.40023557837511314 1.7803517587939723 43.72500000000001 43.725
45 0.3976218345843982 1.780427135678393 43.69999999999999 43.699999999999974
46 0.4007553105808918 1.7805276381909592 43.68500000000001 43.68499999999999
47 0.3999652672908489 1.780477386934669 43.68999999999999 43.690000000000026
48 0.399458371086278 1.7806532663316543 43.670000000000016 43.67000000000001
49 0.4000020134903855 1.7805025125628156 43.69000000000002 43.689999999999976
50 0.3985142957817377 1.7805276381909576 43.68999999999999 43.69000000000001
51 0.39805219973824657 1.7803015075376845 43.74000000000001 43.74000000000002
52 0.39760595993154113 1.7806783919597997 43.66500000000001 43.66499999999999
53 0.39809322460485247 1.7804773869346697 43.69500000000001 43.694999999999986
54 0.39667774086378715 1.7806532663316597 43.65999999999999 43.659999999999975
55 0.4007336655592467 1.7806030150753753 43.675000000000026 43.67499999999999
56 0.3940745494815258 1.7806030150753775 43.669999999999966 43.66999999999997
57 0.398784606866002 1.7803517587939717 43.715000000000025 43.71499999999999
58 0.3999871639987918 1.7805778894472346 43.685000000000024 43.684999999999995
59 0.39844709554011914 1.7803266331658292 43.71999999999999 43.72
60 0.39740989630524476 1.780427135678395 43.700000000000024 43.69999999999999
61 0.39848207993556817 1.7804522613065337 43.69500000000002 43.695000000000014
62 0.39788194316555037 1.7801507537688475 43.749999999999986 43.75000000000002
63 0.3980146984798151 1.780276381909547 43.734999999999985 43.73499999999998
64 0.3976391825229036 1.780351758793964 43.71500000000001 43.714999999999996
65 0.39861069163394736 1.7803266331658336 43.725000000000016 43.72500000000003
66 0.39791150709755335 1.780301507537687 43.74000000000001 43.739999999999995
67 0.3993446088794926 1.780427135678393 43.715000000000025 43.715000000000025
68 0.3988115372999092 1.7802010050251271 43.74500000000001 43.74500000000001
69 0.39773406825732416 1.7802010050251285 43.75 43.74999999999999
70 0.3994092922581297 1.780552763819096 43.675000000000004 43.675
