# index clusteringCoefficient averagePathLength inDegreeMean outDegreeMean
1 0.9420913071508646 4.451144206320373 1.6829268292682926 1.6829268292682926
2 0.8042449049028059 4.056387707769613 3.4699999999999993 3.470000000000001
3 0.7269666107384367 2.977897954385132 6.68 6.679999999999997
4 0.6657129074683585 2.7276939808028824 10.225000000000001 10.224999999999998
5 0.5912639914979438 2.8459163028431615 13.555000000000001 13.555
6 0.5648217887218384 2.4510548657878695 17.67500000000001 17.675
7 0.5101612970070106 2.1180912021009926 23.365000000000006 23.365000000000013
8 0.4709561047556371 1.9837527875119432 28.365 28.36500000000001
9 0.4449299571622167 1.9101231452785192 33.46999999999998 33.47000000000001
10 0.42961169501776697 1.8811414585882797 36.455000000000005 36.45500000000001
11 0.41778281515328175 1.850574114093785 38.18500000000004 38.18499999999999
12 0.4080950285904582 1.8169912518225328 39.425000000000004 39.425000000000004
13 0.4070205818036658 1.8022162092513851 40.99000000000003 40.989999999999995
14 0.4124311435638386 1.798076677805273 42.01 42.01
15 0.4049541336266714 1.789585683519638 42.11000000000001 42.11000000000001
16 0.4070715622255316 1.7870920257854916 42.805000000000014 42.804999999999986
17 0.4071072131557296 1.7862037460027418 42.96499999999998 42.964999999999996
18 0.40444043640780314 1.7863185273099156 43.195 43.195
19 0.40014314875180956 1.781722683770613 43.379999999999995 43.379999999999995
20 0.39819465418302613 1.780662104492314 43.495 43.494999999999976
21 0.39475133393738054 1.7804095856165234 43.500000000000014 43.499999999999986
22 0.39807865630760597 1.7807286432160825 43.66499999999999 43.66499999999998
23 0.3989398973119901 1.7806783919597982 43.67000000000004 43.669999999999966
24 0.4010910601026879 1.7805276381909558 43.709999999999994 43.709999999999994
25 0.4023190375515957 1.7803266331658292 43.725 43.725
26 0.40215997181113466 1.7805276381909536 43.70000000000002 43.69999999999999
27 0.39979512735326667 1.7804522613065368 43.725 43.725000000000016
28 0.397900432900433 1.7804020100502498 43.72000000000001 43.71999999999999
29 0.40185366958622765 1.7805527638191005 43.68500000000002 43.68500000000001
30 0.39972979327346875 1.7805276381909485 43.695 43.695
31 0.3983026276049533 1.7803768844221113 43.719999999999985 43.71999999999997
32 0.4017655793818583 1.7804271356783912 43.70999999999999 43.71
33 0.40467205275344786 1.7805276381909585 43.699999999999996 43.69999999999999
34 0.3992484647135805 1.7802010050251285 43.76 43.76000000000002
35 0.4007676432095035 1.7804020100502524 43.714999999999996 43.71500000000001
36 0.4004250981576563 1.780427135678395 43.69500000000001 43.694999999999986
37 0.40207439846974713 1.7805527638190937 43.68 43.67999999999998
38 0.4011328400281889 1.780552763819097 43.68 43.67999999999998
39 0.3998026779422129 1.7802512562814063 43.74 43.740000000000016
40 0.39987893889056664 1.780452261306529 43.69500000000001 43.695
41 0.40003271921876576 1.780427135678387 43.695 43.69499999999999
42 0.4001784455854225 1.7803517587939683 43.715000000000025 43.71499999999998
43 0.3975508406322361 1.780376884422112 43.72499999999999 43.725000000000016
44 0.402820396657606 1.7804020100502542 43.71500000000001 43.715
45 0.40191659116077716 1.7805276381909536 43.68500000000002 43.684999999999974
46 0.40018020738951 1.7802261306532692 43.74 43.74000000000002
47 0.39479084868619735 1.7804773869346744 43.69500000000001 43.69500000000002
48 0.39560731903755153 1.780527638190954 43.68999999999997 43.69
49 0.3942170039263058 1.7807286432160785 43.635 43.635
50 0.39772702104097457 1.7804271356783905 43.71 43.71000000000001
51 0.39885004530353385 1.780201005025122 43.750000000000014 43.75000000000001
52 0.3995673512533977 1.7806030150753718 43.659999999999975 43.65999999999999
53 0.3967932648746604 1.7805276381909585 43.68500000000001 43.684999999999995
54 0.3958590053357494 1.780376884422109 43.705000000000005 43.70500000000001
55 0.3947186147186145 1.780502512562813 43.679999999999986 43.68000000000001
56 0.3956151213127956 1.7802763819095493 43.725 43.72499999999999
57 0.39612956810631206 1.7803768844221095 43.705 43.705000000000005
58 0.3953646934460889 1.780376884422113 43.714999999999996 43.71500000000001
59 0.3930119299305344 1.7802261306532678 43.74000000000001 43.74000000000001
60 0.4004150307057286 1.7804020100502491 43.699999999999974 43.69999999999997
61 0.3991347025067958 1.7805025125628127 43.68500000000001 43.68499999999999
62 0.39786695862277255 1.780628140703518 43.669999999999995 43.66999999999998
63 0.39537727776099857 1.7803266331658254 43.72999999999997 43.73
64 0.39987843551797053 1.780603015075378 43.66499999999999 43.66499999999998
65 0.39855884425651866 1.7804773869346702 43.7 43.69999999999999
66 0.39846194503171267 1.7805276381909518 43.690000000000005 43.68999999999998
67 0.39497206282089964 1.780427135678394 43.7 43.69999999999997
68 0.3970774187053256 1.780301507537692 43.720000000000006 43.71999999999999
69 0.39830615121312785 1.7806281407035132 43.66500000000001 43.664999999999985
70 0.40096265711977563 1.7806783919597993 43.65 43.650000000000006
