# index clusteringCoefficient averagePathLength inDegreeMean outDegreeMean
1 0.9383795836140455 4.502396931927144 1.7317073170731712 1.7317073170731703
2 0.8261865327734305 4.243686739597208 3.1249999999999987 3.125000000000001
3 0.697127212304857 2.850554410754578 5.395000000000001 5.395000000000003
4 0.6768052001987483 2.8543699344380897 8.904999999999998 8.905000000000003
5 0.6041967572427341 2.894766050431834 12.715000000000002 12.714999999999998
6 0.5834449229511178 2.463136515305374 17.715000000000014 17.715000000000003
7 0.5349410780535737 2.2288210102385206 22.229999999999993 22.23
8 0.48586650254305414 1.9887135686752997 27.785 27.785000000000004
9 0.42928672234949644 1.867308937823832 33.16500000000001 33.165000000000006
10 0.415329978244766 1.8227007772020754 36.35500000000003 36.355000000000004
11 0.40852917597711025 1.842777992526737 38.15 38.150000000000006
12 0.39147699499157596 1.8057645741661623 39.119999999999976 39.11999999999998
13 0.39055683800808894 1.8111732130037967 39.885 39.885000000000026
14 0.38759291521486644 1.792887514495558 40.320000000000014 40.319999999999986
15 0.38807736690270117 1.8015458000663134 40.49999999999998 40.499999999999986
16 0.39323228803716614 1.7906027599928667 41.08000000000001 41.080000000000005
17 0.39141202090592325 1.795568752855186 41.10500000000004 41.104999999999976
18 0.3869965156794425 1.7957717882341009 41.069999999999986 41.07
19 0.38685965510276205 1.7961415115779893 41.17500000000001 41.175000000000004
20 0.3797297594593456 1.7912311557788922 41.57500000000001 41.575000000000024
21 0.3833600817240099 1.790829145728644 41.635000000000005 41.63499999999999
22 0.3861329849012779 1.790929648241205 41.640000000000015 41.63999999999999
23 0.3811832171893147 1.790954773869349 41.68000000000001 41.679999999999986
24 0.3820278745644602 1.7910301507537627 41.654999999999994 41.654999999999994
25 0.38344744483159077 1.79072864321608 41.699999999999996 41.69999999999999
26 0.38396312427409995 1.7908291457286505 41.65499999999997 41.654999999999994
27 0.38024564459930305 1.7908793969849242 41.655 41.65499999999999
28 0.38138153310104533 1.7908040201004993 41.65499999999999 41.654999999999994
29 0.38369831591173054 1.7904773869346755 41.73500000000002 41.735000000000014
30 0.38397154471544725 1.790804020100504 41.665000000000006 41.664999999999985
31 0.3835409407665506 1.7906030150753753 41.69999999999999 41.70000000000001
32 0.3800342624854818 1.7906030150753747 41.684999999999995 41.684999999999995
33 0.3821983159117308 1.790452261306532 41.71499999999999 41.715000000000025
34 0.380287456445993 1.7906783919598004 41.67499999999999 41.675
35 0.3819642857142859 1.7907286432160807 41.67000000000001 41.66999999999999
36 0.37868437862950033 1.7905778894472428 41.67499999999999 41.67499999999999
37 0.3800008710801395 1.7904522613065315 41.714999999999996 41.71500000000002
38 0.3799433797909406 1.790954773869346 41.63 41.63
39 0.3813757259001159 1.7906532663316597 41.67999999999999 41.68000000000001
40 0.38299070847851363 1.7907286432160774 41.66000000000002 41.66
41 0.3786431475029037 1.790854271356785 41.654999999999994 41.65499999999999
42 0.3809390243902442 1.7907286432160863 41.65500000000004 41.65499999999998
43 0.37964053426248556 1.7905527638190981 41.68499999999998 41.684999999999995
44 0.37813617886178896 1.790552763819091 41.685 41.685
45 0.3809631242741002 1.7905276381909563 41.70000000000003 41.69999999999998
46 0.37809552845528466 1.7906783919598004 41.67500000000001 41.675000000000004
47 0.38052264808362374 1.7903768844221148 41.740000000000016 41.73999999999998
48 0.38007723577235775 1.7906281407035183 41.680000000000014 41.68000000000001
49 0.3828519163763066 1.790979899497486 41.62500000000001 41.624999999999986
50 0.3799558652729383 1.7904773869346733 41.695000000000014 41.695
51 0.3813124274099884 1.790603015075377 41.699999999999996 41.70000000000001
52 0.3815548780487805 1.790628140703517 41.68000000000004 41.67999999999999
53 0.38271109175377477 1.7906783919597957 41.66000000000002 41.65999999999999
54 0.3817761324041811 1.7906030150753764 41.69500000000003 41.695
55 0.3796782810685249 1.790326633165828 41.74000000000002 41.74000000000001
56 0.3787020905923347 1.790527638190953 41.709999999999994 41.709999999999994
57 0.3764454123112657 1.790603015075377 41.68999999999999 41.68999999999998
58 0.37802526132404174 1.7904271356783945 41.71000000000002 41.70999999999998
59 0.380558943089431 1.7904271356783883 41.715 41.71500000000001
60 0.3785897212543554 1.79055276381909 41.699999999999974 41.699999999999996
61 0.377931475029036 1.7906532663316612 41.66499999999998 41.665000000000006
62 0.3791094657375143 1.7906030150753787 41.68500000000002 41.685
63 0.3804513311891363 1.7908291457286432 41.64999999999999 41.650000000000006
64 0.3825255516840882 1.7907537688442225 41.65499999999996 41.654999999999994
65 0.3825211962833914 1.7907035175879364 41.654999999999994 41.654999999999994
66 0.3811994773519165 1.7905025125628138 41.690000000000005 41.69
67 0.37915708478513355 1.7907035175879389 41.675000000000004 41.67500000000002
68 0.37989779326364653 1.7904522613065308 41.72000000000003 41.71999999999999
69 0.38080458768873393 1.790452261306536 41.70999999999999 41.71000000000001
70 0.38175493612078987 1.7904522613065308 41.724999999999994 41.72500000000002
