# index clusteringCoefficient averagePathLength inDegreeMean outDegreeMean
1 0.9285587117679545 4.726236663433576 1.8130081300813008 1.813008130081301
2 0.8243323317084719 4.683041750317521 3.0100000000000025 3.010000000000002
3 0.7171081021742591 3.485134037367997 5.224999999999997 5.224999999999999
4 0.6460082656251407 3.061789875743362 9.140000000000004 9.140000000000002
5 0.6399105042519093 3.037775115091128 12.510000000000005 12.51
6 0.6015264198813355 2.554158798162285 17.514999999999986 17.514999999999986
7 0.5578423063486384 2.2367795841007925 23.08499999999999 23.084999999999997
8 0.48142584917509496 1.9947689856611797 28.099999999999987 28.099999999999998
9 0.40929061142784817 1.8948640483383685 32.06499999999999 32.065000000000026
10 0.37967592293952307 1.8802132489860466 34.63999999999998 34.64000000000001
11 0.3700591976613648 1.8542459773615574 35.955 35.95499999999999
12 0.3613327461722416 1.8250088827978275 37.02499999999999 37.025000000000006
13 0.3637184192289453 1.8109583450246143 37.705000000000034 37.70500000000001
14 0.3638632205079574 1.8184389283098927 37.944999999999986 37.945000000000014
15 0.364632518145676 1.8072341402443688 37.98 37.97999999999998
16 0.36542784078627993 1.8120653773920095 38.035000000000004 38.035
17 0.36063281905387146 1.8117724299891387 38.295 38.29500000000002
18 0.36267899478425814 1.8113936516754616 38.284999999999975 38.28500000000003
19 0.3610566436882223 1.8109391176990437 38.31000000000002 38.309999999999995
20 0.35587591640223193 1.8108542713567868 38.50500000000003 38.504999999999995
21 0.3610752452857717 1.8107788944723677 38.495 38.49499999999997
22 0.3577909691067587 1.8108040201005018 38.50000000000002 38.499999999999986
23 0.36174125542546626 1.81085427135678 38.51499999999999 38.51499999999999
24 0.3591009227851332 1.810753768844221 38.52000000000002 38.52
25 0.3587199547725863 1.8109547738693457 38.505 38.504999999999995
26 0.36236714447240764 1.8112060301507533 38.475 38.47499999999998
27 0.35902341612867966 1.8059798994974823 38.69000000000001 38.68999999999999
28 0.35928730349782984 1.8059045226130632 38.70499999999999 38.70499999999997
29 0.3590737802579905 1.806306532663318 38.669999999999995 38.67
30 0.35951654083233014 1.8059296482412068 38.72500000000001 38.72500000000001
31 0.3597348360506258 1.8057788944723658 38.71999999999997 38.72000000000002
32 0.3615859381648851 1.8061055276381912 38.69500000000003 38.695
33 0.3575951052266839 1.806080402010048 38.70000000000001 38.699999999999996
34 0.3602491155122736 1.8060050251256303 38.71 38.70999999999999
35 0.35910675858044283 1.8062060301507517 38.69499999999999 38.695000000000014
36 0.3577645256592624 1.805804020100501 38.714999999999996 38.715
37 0.3603714848451691 1.8063819095477371 38.65499999999999 38.654999999999994
38 0.3602786592260275 1.8058040201005026 38.73 38.730000000000004
39 0.3574541342962398 1.8056281407035175 38.74000000000002 38.739999999999995
40 0.35709505051610313 1.8056532663316605 38.714999999999996 38.714999999999996
41 0.35838257285625685 1.8060050251256285 38.664999999999985 38.664999999999985
42 0.3571488492541125 1.8058040201005026 38.70000000000001 38.70000000000001
43 0.3583070722544404 1.805728643216081 38.775000000000006 38.775
44 0.3591131414815626 1.805929648241206 38.699999999999996 38.7
45 0.35771546850494235 1.8059798994974885 38.699999999999996 38.70000000000001
46 0.3621185760659443 1.805678391959799 38.73000000000001 38.73000000000001
47 0.3586331473173577 1.8058542713567853 38.735000000000014 38.735000000000014
48 0.35605518473939507 1.805678391959803 38.7 38.70000000000003
49 0.35733431812379207 1.8057286432160826 38.72000000000003 38.720000000000006
50 0.35807291096764793 1.8060804020100476 38.68500000000001 38.68499999999999
51 0.35999127670180286 1.8057537688442196 38.699999999999996 38.7
52 0.3606320895794579 1.8059296482412046 38.68999999999998 38.69000000000001
53 0.35891454207243684 1.8057286432160844 38.709999999999994 38.709999999999994
54 0.3608233942444472 1.8059547738693404 38.695 38.695
55 0.3544483349746508 1.8060050251256259 38.675 38.675000000000004
56 0.3600603640077326 1.8060050251256288 38.67500000000001 38.675000000000004
57 0.35812871576029465 1.8059798994974834 38.670000000000016 38.66999999999999
58 0.3570726191778823 1.8057035175879386 38.71 38.709999999999994
59 0.3590558777400885 1.8057537688442227 38.725 38.724999999999994
60 0.3597835284677389 1.8058542713567862 38.710000000000015 38.71
61 0.3589287668235036 1.8056532663316553 38.72499999999998 38.725
62 0.35807747018273345 1.8060301507537726 38.684999999999995 38.684999999999974
63 0.35999507604770775 1.8060804020100514 38.715000000000025 38.71499999999999
64 0.3586273115220483 1.805728643216081 38.71999999999999 38.71999999999998
65 0.35914542072436817 1.8054773869346734 38.769999999999996 38.76999999999999
66 0.36106740343582444 1.8057537688442178 38.73 38.72999999999999
67 0.3606344603713023 1.8060804020100496 38.67000000000003 38.67000000000001
68 0.359793923478134 1.8057537688442211 38.72000000000003 38.720000000000006
69 0.3588904694167857 1.805904522613069 38.7 38.70000000000001
70 0.3578185067658753 1.8060552763819102 38.665000000000035 38.66499999999999
