# index clusteringCoefficient averagePathLength inDegreeMean outDegreeMean
1 0.9231205684948326 4.303099198276918 1.8699186991869923 1.8699186991869907
2 0.7967154985181836 4.309669302659918 3.159999999999999 3.160000000000001
3 0.7325415700560847 3.429338235294116 5.300000000000002 5.3
4 0.7026672002707625 3.1816397168982866 8.295000000000002 8.295000000000003
5 0.6618665628287671 2.8779669576509703 12.485 12.484999999999996
6 0.6176106185747197 2.529464726554562 17.15999999999999 17.160000000000014
7 0.5495819973671507 2.147818318863228 23.449999999999996 23.45
8 0.4978533106457511 1.963013811472035 29.434999999999995 29.435
9 0.4544956199957192 1.8687088539567378 35.859999999999985 35.860000000000014
10 0.4409809828323014 1.8409892133649077 38.949999999999996 38.95000000000001
11 0.4269064371921589 1.8281664733926026 41.01000000000002 41.00999999999996
12 0.4217138225621471 1.820223566813663 41.50500000000001 41.50499999999998
13 0.4200319801987039 1.8081690503801071 41.95499999999998 41.95500000000001
14 0.42245424045405294 1.8121218336580887 42.145 42.14499999999999
15 0.4199299682875262 1.8019636138741444 42.410000000000004 42.40999999999999
16 0.42228036175710587 1.8059992308678368 42.470000000000006 42.470000000000034
17 0.42029562169097057 1.805999695446933 42.865 42.86499999999999
18 0.4187872915198494 1.8010611432798518 42.88999999999997 42.890000000000015
19 0.41935705896171 1.796200389703621 42.884999999999984 42.885
20 0.4179354005167959 1.8055936246891036 42.92000000000001 42.92000000000001
21 0.4164147286821707 1.800593878483325 43.13999999999999 43.13999999999999
22 0.416476979093258 1.8005431196385941 43.13999999999999 43.13999999999999
23 0.40701819971587416 1.7818131059337063 43.760000000000005 43.76000000000001
24 0.40798520643869524 1.7809903790308304 44.15499999999998 44.155
25 0.40526459888087824 1.7808793969849261 44.38499999999998 44.385
26 0.4038527131782948 1.7802512562814092 44.495000000000005 44.49499999999999
27 0.4031253229974165 1.7754271356783964 44.69999999999998 44.69999999999998
28 0.40457693211181556 1.7754522613065304 44.685 44.68499999999998
29 0.4062552266854595 1.7753517587939718 44.71000000000002 44.709999999999994
30 0.4062478271082921 1.7752763819095485 44.72500000000001 44.724999999999966
31 0.405453605825699 1.775276381909547 44.71999999999999 44.720000000000006
32 0.4039679855028691 1.7753266331658324 44.710000000000015 44.70999999999999
33 0.4067612168193564 1.7752261306532677 44.730000000000004 44.72999999999998
34 0.40516455250176164 1.77545226130654 44.68999999999999 44.68999999999999
35 0.40666255579046273 1.7752261306532604 44.730000000000004 44.73
36 0.4048630490956073 1.775276381909547 44.74000000000001 44.74000000000001
37 0.4090256048860703 1.7753517587939727 44.72499999999997 44.724999999999994
38 0.40291061780596693 1.775226130653267 44.735 44.73500000000001
39 0.4048044397463004 1.7754773869346723 44.68499999999997 44.684999999999995
40 0.4036294338736197 1.7756030150753794 44.66499999999998 44.664999999999985
41 0.4019824994127319 1.775477386934673 44.695 44.69500000000001
42 0.401995301855767 1.775326633165828 44.72000000000001 44.72000000000002
43 0.4043871270848015 1.775452261306531 44.69 44.68999999999999
44 0.40543634014564267 1.7754522613065298 44.68499999999997 44.68500000000002
45 0.4012184637068358 1.7752763819095485 44.719999999999985 44.72000000000001
46 0.4043079633544753 1.7752512562814078 44.730000000000004 44.730000000000004
47 0.40438959361052385 1.7754271356783904 44.689999999999976 44.68999999999997
48 0.4041456424712235 1.7753517587939727 44.71499999999998 44.714999999999996
49 0.4027817712003759 1.7754522613065276 44.68999999999999 44.69
50 0.4046207423067885 1.7753517587939607 44.71 44.710000000000036
51 0.40240838618745634 1.7751758793969863 44.740000000000016 44.74000000000001
52 0.4052782475922008 1.775251256281406 44.72500000000001 44.725
53 0.40805543810195005 1.7755276381909555 44.67500000000001 44.67499999999997
54 0.4047035470988959 1.7755276381909555 44.679999999999986 44.67999999999997
55 0.4049985905567302 1.7754271356783913 44.69000000000001 44.689999999999976
56 0.4079122621564482 1.775452261306536 44.70999999999998 44.71000000000002
57 0.4053652807141177 1.775201005025122 44.739999999999995 44.73999999999999
58 0.4048092553441391 1.7754522613065333 44.68999999999999 44.690000000000005
59 0.4057435987784823 1.775402010050251 44.69999999999998 44.69999999999998
60 0.40552677942212817 1.7754020100502512 44.69499999999998 44.69499999999998
61 0.40445290110406407 1.7754773869346778 44.68999999999999 44.69
62 0.4084857881136952 1.7754522613065282 44.690000000000005 44.68999999999998
63 0.4065930232558144 1.7752763819095514 44.719999999999985 44.720000000000006
64 0.4040973690392296 1.7753517587939727 44.70499999999999 44.705000000000005
65 0.4022610993657503 1.7755276381909488 44.67999999999998 44.67999999999998
66 0.40090310077519403 1.7754522613065338 44.685 44.684999999999945
67 0.40551233262861186 1.7753768844221165 44.69999999999998 44.69999999999999
68 0.40502901104063904 1.775603015075377 44.65999999999999 44.659999999999975
69 0.4052186986140476 1.7756030150753794 44.655 44.65499999999999
70 0.4070617805966642 1.7756030150753748 44.659999999999975 44.66
