# index clusteringCoefficient averagePathLength inDegreeMean outDegreeMean
1 0.9399329566884871 4.651157035020423 1.796747967479675 1.7967479674796751
2 0.8096682553579772 3.729536858631272 3.2050000000000005 3.2050000000000014
3 0.7370184187437198 3.662465717643988 5.514999999999997 5.514999999999998
4 0.6499868526076265 3.125208895744947 9.320000000000006 9.319999999999993
5 0.6069553589419308 2.7804693414080233 14.039999999999996 14.040000000000001
6 0.575869455182077 2.3620301766805754 19.830000000000002 19.83000000000001
7 0.5383049420918598 2.1262964499496193 24.76 24.760000000000005
8 0.484016355074448 1.9550355202674472 30.19 30.189999999999987
9 0.44279310356102103 1.8872536067219794 34.985 34.98500000000002
10 0.41119211948984385 1.8429013755646917 38.55500000000001 38.55499999999998
11 0.4084357732085633 1.8166082939952257 40.785 40.78500000000001
12 0.4028967374272165 1.8028332617863128 41.79499999999999 41.795000000000016
13 0.4077629178109299 1.7852460270897577 42.4 42.40000000000001
14 0.404595437708509 1.7916214237014254 42.84000000000001 42.84000000000001
15 0.40668092992279037 1.7911306532663294 43.149999999999984 43.15000000000001
16 0.40036293164200126 1.7855357187949752 43.249999999999986 43.25000000000001
17 0.402262659820799 1.7855609706825555 43.25999999999998 43.25999999999998
18 0.40437481123527613 1.7856114744577134 43.24499999999998 43.24500000000001
19 0.4008305647840535 1.7854347112446618 43.269999999999996 43.26999999999998
20 0.3978576462297391 1.7804600893916842 43.49499999999998 43.49499999999999
21 0.40093149098963055 1.7807378601550403 43.455000000000005 43.45499999999998
22 0.39801822208798954 1.7803843337289456 43.49500000000001 43.49500000000002
23 0.40186650558743586 1.780535845054417 43.48499999999999 43.484999999999985
24 0.4060845162589345 1.7804853412792585 43.49999999999999 43.5
25 0.40133116883116904 1.7855025125628103 43.485000000000035 43.48499999999999
26 0.40397714688412345 1.7855276381909555 43.469999999999985 43.46999999999999
27 0.3968448659867263 1.781155778894471 43.58000000000002 43.57999999999999
28 0.3998359005335749 1.7810301507537702 43.615 43.61499999999999
29 0.3948124937078422 1.7804773869346668 43.70499999999997 43.705000000000005
30 0.3965420819490587 1.7805276381909545 43.699999999999996 43.70000000000001
31 0.3976386791503069 1.7804522613065337 43.71000000000002 43.709999999999994
32 0.39649803684687407 1.7805778894472346 43.675000000000004 43.67499999999996
33 0.3965294976341486 1.7805025125628133 43.68999999999999 43.69000000000002
34 0.39541251384274645 1.7805276381909596 43.68500000000003 43.685
35 0.3969996660552531 1.780427135678387 43.694999999999986 43.694999999999965
36 0.39750604047115634 1.780477386934672 43.685000000000024 43.685
37 0.3966885633746098 1.7803768844221106 43.714999999999975 43.71500000000001
38 0.4001930433907179 1.780301507537691 43.73500000000001 43.73499999999999
39 0.39881455753548756 1.7805527638190943 43.70500000000001 43.705
40 0.3941631430584918 1.7803517587939683 43.72500000000001 43.725
41 0.3964169938588543 1.7804773869346755 43.71000000000002 43.71000000000002
42 0.4014995469646635 1.7804522613065357 43.69500000000001 43.695
43 0.39681918856337434 1.7804773869346764 43.69000000000002 43.69000000000001
44 0.40119123124937117 1.7802512562814041 43.74 43.74000000000001
45 0.3962108627806299 1.7806281407035154 43.65999999999998 43.66000000000001
46 0.3959725158562367 1.780502512562814 43.68500000000001 43.684999999999995
47 0.3961791503070571 1.7805025125628133 43.68 43.680000000000014
48 0.3972754958220073 1.7806532663316594 43.66000000000002 43.66
49 0.39814607872747393 1.7807537688442263 43.64499999999998 43.64500000000002
50 0.39452859156347514 1.7804271356783934 43.69999999999999 43.7
51 0.39700518473774293 1.780527638190957 43.69499999999997 43.695
52 0.39721760797342176 1.7805527638190937 43.67500000000001 43.675
53 0.4008585019631527 1.7806532663316577 43.65500000000001 43.654999999999994
54 0.39795882412161476 1.780502512562809 43.68 43.67999999999999
55 0.4004844961240308 1.7802763819095455 43.73000000000002 43.730000000000004
56 0.3983192389006342 1.7805778894472317 43.665000000000006 43.664999999999985
57 0.39824750830564765 1.7805778894472368 43.664999999999985 43.665
58 0.3972412664854524 1.7806783919597973 43.64999999999999 43.65
59 0.3973985704218262 1.780628140703521 43.66999999999998 43.66999999999998
60 0.39774086378737517 1.7805025125628082 43.68000000000003 43.67999999999999
61 0.39920945333736024 1.7804773869346744 43.694999999999986 43.69499999999997
62 0.39547879941952535 1.780326633165828 43.71999999999998 43.72000000000003
63 0.3954525319641599 1.7805778894472395 43.68000000000001 43.680000000000014
64 0.3950843149098962 1.7801758793969864 43.75 43.75000000000002
65 0.39919762408134524 1.7804020100502476 43.715 43.71499999999998
66 0.3970572838014699 1.7804271356783934 43.70000000000003 43.7
67 0.3967071881606763 1.7804773869346733 43.689999999999976 43.689999999999976
68 0.3945482230947347 1.7803266331658247 43.71499999999998 43.715
69 0.39536444175979063 1.7804522613065363 43.695 43.695
70 0.39979613409845954 1.7803517587939712 43.71999999999999 43.719999999999985
