# index clusteringCoefficient averagePathLength inDegreeMean outDegreeMean
1 0.9383206330321143 4.668917229307307 1.7235772357723576 1.723577235772358
2 0.8141772416394586 5.563784937282043 2.9549999999999987 2.9550000000000005
3 0.7442661445602627 3.6101083032491017 5.2299999999999995 5.230000000000001
4 0.676276720557336 3.761835305884314 8.359999999999992 8.360000000000003
5 0.6749217108455622 3.204535840952718 11.589999999999995 11.59
6 0.6337841247706844 2.577995228171894 16.654999999999976 16.655000000000015
7 0.598515827677314 2.268511761073381 22.08 22.079999999999995
8 0.5448156097896565 2.0580041469509256 28.264999999999993 28.26499999999999
9 0.46631862326622064 1.8973016828495903 33.345 33.345
10 0.41498061107082257 1.8324090707907004 36.66500000000001 36.665
11 0.39254835371513314 1.8102675680576068 38.315000000000005 38.315000000000026
12 0.38449542224332794 1.8051424635869742 39.34000000000002 39.33999999999996
13 0.38514664705213497 1.8017498660816782 39.825 39.824999999999996
14 0.38448717948717936 1.800923810974063 40.08500000000001 40.08500000000001
15 0.3867720450281425 1.8011268463529786 40.105 40.10499999999999
16 0.38190181363352094 1.8014313994213484 40.03000000000002 40.029999999999966
17 0.38219165996605 1.8020757051589635 40.184999999999995 40.18500000000002
18 0.381880657318719 1.8014949117446515 40.21499999999999 40.214999999999996
19 0.3806241400875545 1.8011161334309758 40.26999999999999 40.27000000000002
20 0.37933943089430905 1.8009393702179268 40.27499999999999 40.27500000000001
21 0.3759882739212007 1.80081311078003 40.28499999999999 40.28500000000003
22 0.38149218261413376 1.8007626070048737 40.310000000000024 40.30999999999999
23 0.3777754846779235 1.800577889447242 40.524999999999984 40.524999999999984
24 0.37711069418386495 1.8007035175879342 40.47500000000002 40.474999999999994
25 0.37589368355222014 1.7961306532663324 40.630000000000024 40.62999999999998
26 0.3793663227016883 1.7958291457286433 40.65999999999999 40.66000000000001
27 0.3750780175109442 1.7955778894472372 40.71000000000004 40.71
28 0.3741769856160099 1.7956030150753748 40.719999999999985 40.720000000000006
29 0.37680894308943075 1.7955778894472354 40.710000000000036 40.71
30 0.37377470293933684 1.7956281407035197 40.68999999999999 40.68999999999999
31 0.3757334271419638 1.7956783919598027 40.675 40.675000000000004
32 0.37193542839274557 1.7956281407035164 40.68000000000002 40.67999999999999
33 0.3713270794246405 1.7954271356783935 40.750000000000014 40.74999999999999
34 0.3748005003126954 1.79560301507538 40.715 40.71500000000001
35 0.37115243902439055 1.795427135678392 40.73000000000001 40.72999999999999
36 0.37268746091307065 1.795603015075374 40.69500000000002 40.694999999999986
37 0.3749706066291432 1.7956030150753728 40.699999999999996 40.70000000000001
38 0.37529690431519697 1.7958793969849254 40.65499999999996 40.65500000000001
39 0.37110115697310825 1.7958542713567789 40.65000000000001 40.649999999999984
40 0.37462726704190125 1.7958291457286424 40.67500000000001 40.67499999999999
41 0.37249874921826104 1.7956783919598005 40.68000000000003 40.68
42 0.3688960287679801 1.795603015075371 40.710000000000015 40.709999999999994
43 0.3713237796649223 1.7956030150753777 40.69000000000001 40.68999999999997
44 0.37487214871136554 1.7956030150753755 40.695 40.695
45 0.3706949656035022 1.7956030150753772 40.690000000000026 40.68999999999999
46 0.37253502188868026 1.795502512562817 40.72499999999998 40.725000000000016
47 0.37177986241400895 1.795527638190956 40.71000000000001 40.70999999999998
48 0.37332645403377124 1.7957035175879401 40.68 40.679999999999964
49 0.3753417761100688 1.7958542713567847 40.65999999999999 40.660000000000004
50 0.37130550343965013 1.795603015075371 40.70000000000001 40.7
51 0.3722420262664165 1.7955778894472398 40.70499999999999 40.70499999999999
52 0.3739192587472433 1.7954773869346778 40.71999999999999 40.71999999999997
53 0.37482348342714195 1.7956783919598027 40.70000000000004 40.69999999999998
54 0.3725626954346471 1.7953266331658295 40.73500000000001 40.735
55 0.3749860850531585 1.7954271356783942 40.75 40.75
56 0.3732387429643528 1.795527638190959 40.725 40.72499999999999
57 0.37479674796748014 1.7958793969849238 40.64499999999999 40.64499999999995
58 0.3743450594121326 1.7958040201005019 40.65 40.650000000000006
59 0.3683400562851784 1.7954773869346712 40.72499999999999 40.725
60 0.3735218886804253 1.7955025125628132 40.69499999999998 40.695
61 0.3736099124452783 1.7956030150753755 40.69000000000002 40.68999999999996
62 0.3734574734208879 1.7954020100502517 40.74 40.74000000000002
63 0.36923436522826786 1.7956783919598038 40.66999999999999 40.66999999999999
64 0.3730341002600314 1.7957286432160797 40.675 40.67499999999999
65 0.3736826141338336 1.795527638190952 40.70499999999999 40.705
66 0.3732048155096934 1.7957537688442256 40.685 40.68499999999999
67 0.3716221075672294 1.7955276381909555 40.70999999999997 40.710000000000015
68 0.3737664165103191 1.7956783919597983 40.684999999999974 40.685
69 0.37464540337711094 1.7957788944723625 40.675000000000004 40.67499999999999
70 0.37409208880550315 1.795879396984925 40.675000000000004 40.675000000000004
