# index clusteringCoefficient averagePathLength inDegreeMean outDegreeMean
1 0.9277491553914319 4.365578492558786 2.016260162601626 2.0162601626016254
2 0.7971067754709822 4.388895382817033 3.445 3.445
3 0.7032850231038313 2.806701512040322 5.779999999999999 5.779999999999998
4 0.6510321636796728 3.077408203307488 9.290000000000004 9.29
5 0.6454292516584242 2.9042300003173227 12.829999999999998 12.830000000000005
6 0.5827884507482363 2.4797317348210735 17.08 17.080000000000005
7 0.5005919579322323 2.160566937973655 22.5 22.49999999999999
8 0.43658669205875705 2.001143252153572 27.409999999999997 27.41
9 0.39906790983792123 1.9165586734019184 31.63 31.630000000000003
10 0.38581074135462756 1.8590333868294362 34.34499999999999 34.345
11 0.3857835847115038 1.851192788872485 35.90999999999998 35.91000000000004
12 0.3805304825835012 1.8310055146111388 37.09000000000002 37.08999999999998
13 0.38463059047886416 1.830115042216157 37.725 37.724999999999994
14 0.38316202475685224 1.8180436015049235 37.93999999999998 37.93999999999994
15 0.3816561812355826 1.8127371551635685 38.39999999999998 38.39999999999997
16 0.3788559379217274 1.8164171109353884 38.509999999999984 38.50999999999997
17 0.3768066801619434 1.8108818202688615 38.71999999999999 38.71999999999998
18 0.376828564394354 1.811187919291888 38.684999999999995 38.68500000000002
19 0.3740874001531894 1.811468510063009 38.66499999999997 38.664999999999985
20 0.37221114291032625 1.8109391176990437 39.06999999999999 39.07000000000001
21 0.3703726685042474 1.8062927703845864 39.22999999999998 39.23
22 0.3675406952643798 1.8012311557788974 39.629999999999995 39.63000000000001
23 0.36998717948717963 1.8008291457286432 39.669999999999995 39.67
24 0.3703674089068828 1.8007035175879411 39.71999999999998 39.71999999999998
25 0.36486740890688224 1.800829145728646 39.689999999999976 39.69
26 0.3699318488529013 1.8005527638190955 39.72499999999996 39.72500000000002
27 0.36842037786774634 1.8006532663316586 39.70500000000001 39.705
28 0.3687246963562751 1.8007537688442237 39.69999999999999 39.699999999999996
29 0.3684021592442647 1.8005276381909519 39.72999999999999 39.73000000000001
30 0.36528238866396756 1.8004522613065348 39.72499999999999 39.72500000000001
31 0.3694304993252359 1.8006030150753831 39.735 39.735
32 0.36746828609986504 1.8006532663316586 39.74499999999998 39.745000000000005
33 0.37065114709851554 1.800854271356786 39.709999999999994 39.70999999999998
34 0.37025775978407544 1.800979899497492 39.699999999999974 39.69999999999999
35 0.36914608636977064 1.8008040201004996 39.704999999999984 39.70500000000001
36 0.36730971659919043 1.800854271356786 39.68499999999998 39.68499999999999
37 0.36680060728744984 1.8006030150753776 39.70500000000002 39.70499999999998
38 0.3655006747638327 1.8009045226130669 39.67500000000001 39.675
39 0.3669247638326583 1.8006030150753776 39.735 39.735
40 0.3653674089068825 1.8007788944723582 39.69000000000005 39.68999999999999
41 0.365768218623482 1.8007788944723633 39.67999999999999 39.68000000000002
42 0.3656744264507422 1.8015075376884422 39.585 39.585
43 0.365308367071525 1.8010050251256289 39.689999999999976 39.69
44 0.363810728744939 1.8006030150753798 39.71000000000001 39.709999999999994
45 0.3687570850202429 1.8007286432160818 39.69500000000003 39.69500000000002
46 0.36705870445344113 1.8005778894472355 39.719999999999985 39.71999999999999
47 0.3686541835357624 1.8005276381909574 39.73999999999997 39.739999999999995
48 0.36920850202429123 1.8004522613065352 39.71999999999999 39.71999999999999
49 0.3696396761133603 1.8011055276381935 39.66000000000001 39.66000000000002
50 0.36680904183535756 1.8007035175879398 39.71000000000002 39.71
51 0.36727125506072866 1.8007788944723655 39.689999999999976 39.68999999999999
52 0.3690172064777327 1.8006783919598026 39.71500000000001 39.715
53 0.36894095816464256 1.8005276381909503 39.720000000000006 39.72
54 0.36478475033738184 1.8007286432160812 39.71500000000001 39.71499999999999
55 0.368492914979757 1.8008793969849275 39.665000000000035 39.66499999999999
56 0.36645006747638326 1.8008542713567774 39.685000000000024 39.68499999999999
57 0.3717665317139002 1.8006281407035212 39.73500000000001 39.73500000000001
58 0.369229419703104 1.8007286432160807 39.68499999999998 39.68499999999998
59 0.3676997300944669 1.8009296482412076 39.68999999999998 39.69
60 0.3656336032388665 1.8006532663316617 39.70499999999998 39.70499999999997
61 0.36619939271255064 1.8001758793969858 39.785 39.785
62 0.3648987854251014 1.8005025125628167 39.719999999999985 39.72
63 0.3636460863697706 1.8006030150753776 39.720000000000006 39.72
64 0.36758976182660386 1.8011055276381902 39.67499999999999 39.674999999999976
65 0.3662334682861001 1.8010301507537652 39.685 39.684999999999995
66 0.3674173414304993 1.801055276381915 39.685 39.685
67 0.3675101214574897 1.8008542713567826 39.695 39.695
68 0.36694298245614054 1.8006783919597962 39.714999999999975 39.71500000000002
69 0.36838630229419694 1.8004773869346742 39.75 39.75
70 0.36804560126928587 1.8009045226130609 39.67999999999999 39.67999999999999
