# index clusteringCoefficient averagePathLength inDegreeMean outDegreeMean
1 0.9334236504547692 4.417155699837679 1.7642276422764234 1.7642276422764231
2 0.818735646564594 3.947947695259251 3.069999999999999 3.070000000000002
3 0.7169838915419546 3.1400099297822583 5.1899999999999995 5.189999999999999
4 0.6216591622545135 3.350424594216912 8.764999999999997 8.765000000000002
5 0.5811645576635032 2.7248056865741 12.674999999999994 12.674999999999994
6 0.5261073942439427 2.314106395696373 17.83499999999999 17.834999999999997
7 0.46095404638119214 2.08134732377069 23.465000000000007 23.464999999999986
8 0.42136938829201137 1.9471025178873786 28.825000000000003 28.82499999999999
9 0.39800125911443907 1.8648765465449264 33.31500000000002 33.315
10 0.39445106368620564 1.8460945392672934 35.32000000000001 35.319999999999986
11 0.39252208405629463 1.8545821892970011 36.449999999999996 36.45000000000003
12 0.37978582547216855 1.8374012921751586 37.23500000000001 37.23499999999999
13 0.3824399099045198 1.8270690185621994 37.67999999999997 37.68000000000002
14 0.38558736529653037 1.818916008614501 38.10499999999998 38.105000000000004
15 0.38068536069193976 1.8224963199837616 38.39500000000001 38.394999999999946
16 0.3824185113839188 1.8225216994061266 38.444999999999986 38.44499999999999
17 0.38352867746288816 1.817411932760247 38.510000000000005 38.51000000000001
18 0.3750446693657223 1.811671422438824 39.044999999999995 39.04500000000001
19 0.37682860998650475 1.81162091866367 39.13500000000001 39.13500000000001
20 0.3745010496326283 1.8014949117446486 39.42999999999996 39.43000000000001
21 0.3674318488529015 1.8010301507537667 39.66000000000002 39.65999999999999
22 0.3657914979757086 1.8005778894472388 39.735000000000014 39.735
23 0.3678809041835358 1.8009296482412023 39.685000000000024 39.684999999999995
24 0.3648441295546558 1.8007286432160723 39.7 39.7
25 0.3643323211875844 1.8007286432160818 39.69999999999998 39.69999999999998
26 0.3627152496626181 1.8005778894472368 39.725000000000016 39.72499999999998
27 0.369508097165992 1.8005778894472335 39.74 39.74000000000001
28 0.362390350877193 1.8006783919598033 39.715 39.71500000000002
29 0.3657634952766532 1.8005025125628185 39.74499999999999 39.745
30 0.36653508771929827 1.8009296482412076 39.680000000000014 39.68000000000001
31 0.3696481106612687 1.8008793969849268 39.689999999999976 39.690000000000005
32 0.36350472334682843 1.8007537688442254 39.694999999999986 39.695000000000014
33 0.366908906882591 1.8006783919597997 39.70999999999997 39.709999999999965
34 0.3663340080971658 1.8008793969849246 39.67500000000002 39.674999999999976
35 0.36842037786774673 1.8008542713567854 39.72499999999999 39.72499999999998
36 0.36763056680161893 1.8009296482412067 39.69999999999998 39.69999999999999
37 0.3680064011379801 1.8006783919597953 39.69500000000001 39.69500000000002
38 0.3691535087719299 1.8007788944723626 39.690000000000005 39.689999999999976
39 0.36509784075573554 1.800778894472364 39.67500000000002 39.67500000000002
40 0.36350539811066135 1.800804020100504 39.68000000000001 39.68
41 0.36619770580296906 1.8006281407035187 39.70500000000003 39.70500000000002
42 0.36848144399460186 1.8006783919597997 39.699999999999996 39.699999999999996
43 0.36695647773279355 1.8006281407035212 39.724999999999994 39.724999999999994
44 0.36292678812415674 1.8008793969849228 39.69000000000001 39.69000000000002
45 0.3685755735492578 1.8006783919598013 39.70999999999999 39.71
46 0.3636082995951419 1.800753768844222 39.67 39.67
47 0.3642648448043185 1.8010552763819037 39.67999999999999 39.68
48 0.3680188933873143 1.8006783919598048 39.724999999999994 39.72499999999998
49 0.36861740890688294 1.8009296482412105 39.67000000000003 39.67
50 0.3664851551956818 1.8003768844221106 39.77000000000001 39.77
51 0.37031241565452083 1.8011055276381867 39.66 39.660000000000025
52 0.36756477732793497 1.8006532663316583 39.69999999999998 39.700000000000024
53 0.36484412955465584 1.8007788944723637 39.69500000000001 39.695000000000014
54 0.36733434547908234 1.800628140703516 39.71999999999999 39.71999999999999
55 0.36853205128205113 1.8006783919597986 39.73000000000003 39.73
56 0.3649369095816464 1.8008291457286472 39.7 39.699999999999996
57 0.36724291497975725 1.8007286432160818 39.69500000000001 39.69499999999997
58 0.3659362348178136 1.8007286432160818 39.705 39.70499999999999
59 0.3663758434547908 1.8008793969849297 39.66000000000002 39.66
60 0.3626102874129188 1.8009045226130698 39.67000000000001 39.670000000000016
61 0.36447941970310394 1.8006281407035198 39.709999999999994 39.71
62 0.36775809716599217 1.8006030150753791 39.72000000000001 39.72
63 0.36687989203778676 1.801180904522616 39.62499999999998 39.62499999999999
64 0.3667557354925777 1.8009296482412005 39.67499999999999 39.675
65 0.36799730094466954 1.8007035175879367 39.70999999999998 39.71
66 0.36749224021592447 1.800753768844216 39.71000000000003 39.71
67 0.366754048582996 1.8006030150753762 39.69999999999999 39.70000000000001
68 0.3659487179487179 1.8007035175879387 39.69000000000001 39.68999999999997
69 0.36694197031039133 1.8010050251256282 39.65999999999998 39.66000000000001
70 0.36776754385964944 1.8007537688442232 39.70499999999999 39.70499999999999
