# index clusteringCoefficient averagePathLength inDegreeMean outDegreeMean
1 0.9147215476483771 4.462105131726829 1.8617886178861796 1.861788617886179
2 0.8285076446413977 4.765616189461813 3.225 3.2250000000000005
3 0.7288248932684545 3.904220913840284 5.535000000000002 5.535000000000001
4 0.679678711074356 3.4725623934273777 9.624999999999998 9.624999999999995
5 0.6647223838827516 2.871616161616157 14.284999999999998 14.284999999999995
6 0.6091030287460796 2.445828430387724 19.85499999999999 19.854999999999993
7 0.5604281154335836 2.1739711384286347 25.914999999999985 25.915000000000003
8 0.5095260661203475 2.0162092513851317 31.439999999999994 31.440000000000015
9 0.45566198139622166 1.8663195793508942 36.67499999999995 36.675000000000004
10 0.4275589862267051 1.8264928704435874 39.86000000000001 39.860000000000014
11 0.41421215364642316 1.7938429521344101 42.55999999999998 42.56000000000002
12 0.410172436820016 1.7868128521394864 43.31999999999998 43.31999999999997
13 0.41165761434947484 1.7830313182071953 43.73499999999999 43.73499999999997
14 0.4110193866433843 1.7820257064215543 43.955 43.95500000000003
15 0.41234556470883665 1.781167142243883 44.12 44.120000000000005
16 0.40791167488841945 1.780577889447235 44.45999999999998 44.45999999999999
17 0.40797333803147756 1.7806532663316568 44.49500000000001 44.495000000000026
18 0.406520436927414 1.7802512562814063 44.515000000000036 44.51499999999999
19 0.4076711299036879 1.7806030150753775 44.480000000000004 44.48
20 0.41029915433403774 1.7805276381909598 44.48000000000002 44.48
21 0.411890063424947 1.7804773869346713 44.47499999999996 44.475
22 0.4082196382428942 1.7804020100502513 44.47499999999998 44.474999999999994
23 0.4075144467935166 1.7804522613065363 44.47500000000001 44.47500000000002
24 0.40889346957951633 1.7804271356783912 44.464999999999996 44.464999999999975
25 0.4041404502118213 1.7759296482412001 44.59500000000001 44.59500000000003
26 0.4015440451021848 1.7754773869346683 44.679999999999986 44.679999999999986
27 0.40116220342964526 1.7755276381909562 44.67 44.669999999999995
28 0.4061439981207422 1.7751005025125668 44.75500000000003 44.754999999999974
29 0.4055783415550859 1.7753768844221114 44.70000000000003 44.700000000000024
30 0.40319368099600694 1.7755527638190989 44.665000000000006 44.664999999999964
31 0.4034604181348366 1.775351758793972 44.70500000000004 44.705000000000005
32 0.40618569415081063 1.775628140703518 44.66499999999999 44.664999999999985
33 0.4048313366220346 1.7754773869346738 44.69000000000003 44.69
34 0.4045097822074568 1.7754020100502477 44.705000000000005 44.704999999999984
35 0.4098434343434342 1.775603015075382 44.68000000000001 44.68
36 0.407403688043223 1.775603015075376 44.66 44.66
37 0.4070648343904159 1.775603015075376 44.65999999999999 44.660000000000004
38 0.4048852478271083 1.7753768844221114 44.69999999999999 44.69999999999998
39 0.4055716466995538 1.7754773869346718 44.68000000000001 44.67999999999999
40 0.4069836739487902 1.7755778894472476 44.65999999999999 44.65999999999999
41 0.40768804322292707 1.7755276381909533 44.67500000000002 44.67499999999998
42 0.40405285412262193 1.7755025125628148 44.67500000000001 44.67499999999999
43 0.40081360112755454 1.7754773869346767 44.67999999999997 44.679999999999986
44 0.4083052619215406 1.7755025125628112 44.68999999999999 44.68999999999998
45 0.4059077989194267 1.77532663316583 44.71499999999999 44.71500000000001
46 0.40498625792811843 1.7752512562814011 44.725000000000016 44.724999999999994
47 0.4060738783180644 1.775477386934677 44.695000000000014 44.69499999999999
48 0.402972515856237 1.7754020100502512 44.705000000000005 44.705
49 0.40403934695795124 1.7752763819095485 44.720000000000006 44.72000000000001
50 0.40646276720695323 1.7753768844221143 44.705000000000005 44.70499999999999
51 0.40771658444914244 1.7752763819095463 44.71999999999998 44.720000000000006
52 0.4047143528306322 1.7756783919597998 44.64500000000002 44.644999999999975
53 0.4061143998120738 1.7755527638190984 44.66500000000001 44.665000000000006
54 0.407198496593845 1.7754020100502477 44.695000000000036 44.69499999999999
55 0.4010196147521728 1.7757537688442189 44.629999999999995 44.62999999999999
56 0.40375616631430566 1.775452261306532 44.68499999999998 44.684999999999995
57 0.4068389711064128 1.7753015075376821 44.71499999999999 44.71499999999997
58 0.40893716232088323 1.7756532663316633 44.64999999999997 44.64999999999999
59 0.40258550622504125 1.7755778894472354 44.66000000000001 44.66000000000001
60 0.4060549850666129 1.7755025125628114 44.68 44.679999999999986
61 0.4071293164200141 1.7755527638190947 44.67499999999999 44.675
62 0.40385377026074715 1.7753517587939713 44.72500000000002 44.725
63 0.4078883016208598 1.7753266331658306 44.71999999999999 44.720000000000006
64 0.4063512366186788 1.775427135678389 44.699999999999996 44.69999999999999
65 0.40436645525017645 1.7756532663316626 44.66 44.66
66 0.40504933051444686 1.7752512562814056 44.725 44.724999999999966
67 0.4040796335447498 1.7753768844221114 44.700000000000024 44.70000000000002
68 0.4027709654686401 1.7755276381909533 44.68500000000001 44.68499999999998
69 0.4006522198731502 1.775201005025123 44.73499999999999 44.73499999999999
70 0.403032417195208 1.7754271356783948 44.68999999999997 44.69
