# index clusteringCoefficient averagePathLength inDegreeMean outDegreeMean
1 0.9339202336848893 4.550127551020406 1.7479674796747964 1.7479674796747962
2 0.8254845767309175 4.283605376860308 3.0850000000000026 3.085
3 0.7494516315607248 3.0904100188711654 4.974999999999998 4.975
4 0.6653592841603613 3.4001104690686557 8.38 8.380000000000003
5 0.6517506778462833 3.0536295225263674 11.529999999999998 11.529999999999998
6 0.6149783839479299 2.5338189386056285 15.850000000000001 15.85
7 0.5526251675213547 2.298530504888787 20.605000000000004 20.605000000000004
8 0.47576144000593246 2.041826290811371 25.625000000000007 25.625000000000004
9 0.4419865277722178 1.9890011280894266 29.834999999999997 29.835
10 0.41044781094550176 1.928750897343862 32.195000000000014 32.19499999999997
11 0.3675682397788595 1.8620258653674486 34.14999999999997 34.15000000000002
12 0.3576417262100419 1.8262778539160471 35.89499999999999 35.89500000000001
13 0.3576244283442449 1.8139688340693358 37.03000000000003 37.02999999999998
14 0.3557755522925304 1.8115577889447236 37.29 37.29000000000001
15 0.35145932398563984 1.811772429989141 37.420000000000016 37.419999999999995
16 0.3518057531215426 1.8117219262139925 37.47 37.47000000000001
17 0.3548905484431802 1.811267392237569 37.49500000000004 37.49500000000004
18 0.3527426110320849 1.8115451630009358 37.495 37.495000000000026
19 0.3528753753753754 1.8112926441251487 37.510000000000005 37.50999999999999
20 0.34948316737790414 1.8111916365748362 37.49000000000001 37.490000000000016
21 0.35236367946894265 1.8112421403499919 37.504999999999995 37.504999999999995
22 0.3481105302157934 1.8115326633165834 37.61 37.61000000000001
23 0.3483337284653075 1.811130653266331 37.684999999999995 37.684999999999974
24 0.345080211790738 1.810979899497491 37.71 37.70999999999997
25 0.3477394499762923 1.8115326633165807 37.67 37.66999999999999
26 0.3486632685316897 1.81125628140703 37.705 37.705
27 0.34906077129761337 1.8110804020100495 37.69499999999999 37.695
28 0.34919551130077425 1.811180904522613 37.69 37.689999999999976
29 0.34622293345977545 1.8110552763819074 37.65500000000002 37.65499999999999
30 0.3466318950529477 1.811407035175882 37.634999999999955 37.635
31 0.3483429181060761 1.811281407035176 37.675 37.67500000000001
32 0.35043069385174674 1.8111306532663332 37.67000000000001 37.67000000000001
33 0.34679864074600913 1.810829145728641 37.72999999999998 37.72999999999998
34 0.34839971550497884 1.8108542713567877 37.745000000000005 37.745000000000005
35 0.3490963331752805 1.8109296482412085 37.699999999999996 37.699999999999974
36 0.3483084400189662 1.8106783919597957 37.74000000000001 37.74000000000001
37 0.34683696854749463 1.8110301507537663 37.695 37.695
38 0.34902837047573887 1.8108040201005025 37.739999999999995 37.739999999999974
39 0.34785482851272326 1.8111306532663338 37.67999999999999 37.68
40 0.34598229808756115 1.8108542713567817 37.72000000000004 37.72000000000001
41 0.3466145092460882 1.8108542713567894 37.71499999999999 37.715
42 0.34736881618460563 1.8111055276381918 37.675 37.67499999999998
43 0.3493033823296981 1.811155778894472 37.669999999999995 37.66999999999999
44 0.35063221115852705 1.8107788944723575 37.72999999999999 37.730000000000004
45 0.34909949423107295 1.810778894472364 37.72999999999999 37.73
46 0.3498921289710764 1.8111055276381918 37.68999999999998 37.68999999999998
47 0.3495467836257308 1.8113316582914603 37.675 37.675
48 0.3435218112849693 1.8112562814070314 37.64999999999998 37.65
49 0.35008890469416803 1.811030150753769 37.695 37.694999999999986
50 0.3506009957325744 1.8113819095477384 37.639999999999986 37.64000000000001
51 0.35134226331594753 1.811005025125626 37.699999999999996 37.699999999999996
52 0.3502825193614666 1.8110804020100495 37.68499999999999 37.684999999999995
53 0.34843962383436056 1.8108040201005047 37.724999999999994 37.72500000000005
54 0.3496657183499285 1.8110552763819066 37.70500000000001 37.704999999999984
55 0.3465212581002055 1.811281407035175 37.68999999999999 37.690000000000005
56 0.34722143195827393 1.810904522613066 37.724999999999994 37.72499999999998
57 0.3490050576892682 1.811557788944719 37.67000000000001 37.67000000000001
58 0.3487004109372528 1.8111306532663303 37.725 37.725
59 0.35195550813971865 1.8109798994974893 37.70500000000001 37.704999999999984
60 0.3513055160423581 1.8107788944723604 37.73000000000003 37.729999999999976
61 0.34799747115536583 1.81100502512563 37.715000000000025 37.715
62 0.3466820768136557 1.8109798994974855 37.70999999999998 37.70999999999999
63 0.350602576260471 1.8110050251256267 37.705000000000005 37.70500000000002
64 0.3504540066382172 1.8110552763819094 37.70500000000001 37.70499999999999
65 0.3497198514303777 1.8111306532663325 37.67500000000003 37.67500000000001
66 0.347182709024814 1.810879396984921 37.74 37.74000000000002
67 0.3496961435119328 1.8109798994974875 37.72500000000002 37.72500000000001
68 0.3475948316737789 1.8109045226130678 37.71500000000002 37.715
69 0.34643630472577847 1.8109798994974864 37.739999999999995 37.74
70 0.34757902639481614 1.811281407035176 37.664999999999985 37.665
