# index clusteringCoefficient averagePathLength inDegreeMean outDegreeMean
1 0.9336544270002615 4.619607352757284 1.8617886178861798 1.8617886178861796
2 0.8099144369546204 4.411797792308222 3.0800000000000005 3.080000000000001
3 0.7161995251341772 3.5122797994085104 5.345000000000004 5.345000000000001
4 0.6357659882737806 3.192503312390476 8.695000000000002 8.695000000000002
5 0.5839074406230852 2.9375167875369326 12.62 12.620000000000003
6 0.5576967787321417 2.382801229379662 17.590000000000003 17.59
7 0.5146124222641707 2.1393473206853963 23.279999999999998 23.279999999999987
8 0.4642307124739295 2.0245606492180523 28.210000000000004 28.21
9 0.4264712638596109 1.8983501719690432 32.16500000000001 32.165000000000006
10 0.3947176798078996 1.848988458216653 35.230000000000004 35.23000000000001
11 0.38732378674732154 1.828634747204042 37.44499999999998 37.445
12 0.38769681915762644 1.8133278359016662 38.374999999999986 38.37500000000001
13 0.38708491063639555 1.8067121320890196 39.14499999999999 39.14499999999998
14 0.3873082915122447 1.803174033432464 39.525000000000006 39.52500000000002
15 0.3889784240150091 1.801379345708134 39.66000000000003 39.660000000000004
16 0.3807054002907661 1.802004948600872 39.775000000000006 39.77500000000004
17 0.38011075536340655 1.7970308394765695 39.97000000000001 39.97
18 0.3827141963727332 1.7960870341555502 40.085000000000015 40.084999999999994
19 0.37825750469043135 1.7957627332643151 40.535 40.535000000000004
20 0.3777407754846781 1.7963182747910396 40.484999999999964 40.484999999999985
21 0.3760068100863437 1.7965075376884423 40.59000000000001 40.59000000000001
22 0.3754976794707219 1.7960301507537682 40.675 40.67500000000001
23 0.3716141338336461 1.7959045226130663 40.66000000000001 40.659999999999975
24 0.3751124140087553 1.796055276381908 40.69500000000001 40.694999999999965
25 0.3761815196998123 1.7958793969849267 40.67 40.67
26 0.3753438086303938 1.7960552763819095 40.66 40.659999999999975
27 0.37279362101313324 1.796130653266328 40.66999999999999 40.669999999999995
28 0.37583974358974337 1.7957035175879352 40.7 40.699999999999974
29 0.37387054409005643 1.7958542713567824 40.72 40.72
30 0.3753864915572233 1.795954773869346 40.68000000000003 40.68000000000002
31 0.3739774859287056 1.7959798994974867 40.66 40.66
32 0.37324405878674144 1.7958291457286462 40.67000000000001 40.66999999999999
33 0.37353580362726696 1.7956783919597983 40.66999999999999 40.66999999999999
34 0.3748853971232022 1.7958793969849258 40.649999999999984 40.65000000000002
35 0.37340978736710473 1.7958040201005059 40.66499999999998 40.66499999999998
36 0.37408340739277823 1.7958793969849238 40.66999999999997 40.66999999999998
37 0.37089165103189503 1.795703517587935 40.68500000000003 40.68500000000001
38 0.3734008755472169 1.7956030150753726 40.68499999999998 40.68499999999999
39 0.3762124765478427 1.7956532663316611 40.695 40.69499999999998
40 0.37383317698561597 1.7955025125628103 40.71500000000002 40.715
41 0.3724856160100064 1.7957537688442196 40.675 40.67499999999999
42 0.37710678549093196 1.7955778894472414 40.71499999999999 40.715
43 0.36961397748592867 1.795753768844224 40.67000000000001 40.66999999999998
44 0.3706516572858034 1.7955025125628141 40.7 40.69999999999998
45 0.3731616635397124 1.7957286432160782 40.68999999999999 40.69000000000002
46 0.37411632270168865 1.7956281407035164 40.719999999999985 40.720000000000006
47 0.37253721075672286 1.7957286432160788 40.69000000000001 40.689999999999976
48 0.3736758911819889 1.795502512562817 40.73000000000001 40.72999999999999
49 0.3727714196372732 1.795577889447237 40.699999999999974 40.70000000000002
50 0.3739706066291432 1.7956030150753726 40.70500000000002 40.705000000000005
51 0.3719355847404625 1.7956281407035164 40.699999999999996 40.69999999999999
52 0.37074562226391466 1.7955778894472432 40.72 40.720000000000034
53 0.37163508442776755 1.795728643216082 40.67000000000001 40.66999999999998
54 0.3704837398373981 1.7955778894472347 40.67999999999998 40.67999999999998
55 0.374704033771107 1.7956783919597976 40.684999999999995 40.68499999999999
56 0.371172451532208 1.7956532663316598 40.684999999999995 40.684999999999974
57 0.37475656660412754 1.7959296482412068 40.67499999999997 40.67499999999999
58 0.371368042526579 1.7958793969849232 40.66 40.65999999999999
59 0.3728635084427767 1.7957788944723612 40.694999999999986 40.695
60 0.3751482176360225 1.7956783919597967 40.69000000000001 40.68999999999998
61 0.37530847404627876 1.7957537688442216 40.68999999999999 40.690000000000005
62 0.37321419637273273 1.7958793969849247 40.64999999999999 40.64999999999998
63 0.3726934021263286 1.795653266331662 40.675000000000004 40.67499999999997
64 0.37431696619597765 1.795728643216082 40.684999999999995 40.68499999999997
65 0.37437824627234123 1.795527638190961 40.70499999999996 40.70499999999997
66 0.37254455909943746 1.795552763819097 40.699999999999996 40.69999999999999
67 0.37375625390869266 1.79560301507538 40.70499999999999 40.70499999999999
68 0.37352470293933704 1.7955276381909548 40.71999999999998 40.71999999999998
69 0.37333614759224526 1.7955778894472376 40.695 40.694999999999986
70 0.3737154471544716 1.7953517587939691 40.735000000000014 40.73500000000003
