# index clusteringCoefficient averagePathLength inDegreeMean outDegreeMean
1 0.9102805655651186 4.223127621330121 1.8536585365853653 1.8536585365853657
2 0.8401337649679758 4.847010164121958 3.02 3.02
3 0.7258695306161975 3.698975768173867 5.200000000000003 5.199999999999999
4 0.6700660596748818 3.3252710592160133 8.114999999999995 8.115000000000004
5 0.643279369796817 3.362051455653353 11.884999999999998 11.885000000000002
6 0.6155392765364618 2.7274673823050697 15.735000000000005 15.734999999999994
7 0.5929428354394762 2.327183970028956 20.125 20.125
8 0.4970239815827992 2.117119991491826 24.900000000000002 24.900000000000016
9 0.4272023269669423 1.9273066905206655 30.045000000000016 30.045
10 0.37785416126492705 1.8579306790362096 33.94499999999998 33.945
11 0.37031392562090476 1.827728385517328 36.11500000000001 36.11499999999998
12 0.3651128100744636 1.816187536668111 37.22500000000001 37.225000000000016
13 0.3666633594265172 1.812166895081467 37.995000000000005 37.995
14 0.36407958565853316 1.8113936516754632 38.29000000000002 38.289999999999964
15 0.3643429259218732 1.8112926441251502 38.26499999999998 38.26499999999998
16 0.3630131982763563 1.8121608040201012 38.33999999999998 38.34000000000003
17 0.36194404931247026 1.8113567839195932 38.48000000000002 38.48
18 0.36163785242732627 1.8110804020100557 38.52500000000001 38.525000000000006
19 0.35884660976766236 1.8114070351758793 38.435 38.43499999999996
20 0.35990334464018664 1.8109798994974846 38.47000000000002 38.47
21 0.3589986139986142 1.811281407035177 38.455000000000005 38.454999999999984
22 0.3608719042929568 1.8110301507537703 38.48500000000001 38.48499999999999
23 0.35975945581208746 1.8109798994974875 38.540000000000006 38.540000000000006
24 0.35802447228076495 1.8069095477386978 38.59 38.58999999999997
25 0.3579642192800088 1.8056030150753772 38.72999999999998 38.73000000000001
26 0.3569867235656712 1.8060050251256285 38.69000000000002 38.690000000000005
27 0.3592349637086479 1.8057788944723632 38.69 38.69
28 0.3571805813911075 1.8059798994974918 38.684999999999995 38.68499999999999
29 0.3568860560965822 1.8056030150753761 38.71 38.709999999999994
30 0.35687693766641115 1.8057537688442236 38.709999999999994 38.71000000000002
31 0.35816537184958236 1.805603015075379 38.725000000000016 38.72500000000002
32 0.3586326002115474 1.8060301507537637 38.67999999999999 38.679999999999986
33 0.35894445052339785 1.8059798994974863 38.67 38.66999999999999
34 0.3575573853205431 1.806130653266333 38.64000000000002 38.639999999999965
35 0.35449061409587723 1.8059045226130646 38.680000000000014 38.67999999999999
36 0.353563482510851 1.8059547738693507 38.695000000000014 38.694999999999965
37 0.35598643177590567 1.8057788944723603 38.694999999999986 38.69499999999999
38 0.3578555275923694 1.8058793969849187 38.724999999999994 38.72499999999999
39 0.3587248787248787 1.806005025125628 38.67999999999998 38.67999999999998
40 0.3575327351643141 1.8058793969849256 38.690000000000005 38.689999999999976
41 0.35523416128679275 1.8057286432160822 38.705 38.704999999999984
42 0.35672994857205376 1.8058542713567831 38.684999999999995 38.684999999999974
43 0.3572938322938323 1.8061055276381985 38.670000000000016 38.669999999999966
44 0.35906536090746594 1.805804020100504 38.70000000000001 38.69999999999997
45 0.3580683517525623 1.8060301507537704 38.68499999999999 38.68499999999999
46 0.3571639858481962 1.8060301507537682 38.665 38.665
47 0.3584952766531713 1.8057537688442185 38.735000000000014 38.735000000000014
48 0.3558027865922602 1.8059045226130632 38.705000000000005 38.70499999999999
49 0.3571648976912134 1.8056783919598027 38.74500000000001 38.74499999999996
50 0.35994182441550854 1.805804020100507 38.68499999999996 38.684999999999995
51 0.3574873253820619 1.8059296482412086 38.71 38.709999999999994
52 0.3568984571616148 1.8059547738693487 38.69999999999998 38.699999999999996
53 0.3601037677353466 1.805929648241211 38.670000000000016 38.67
54 0.3574805777437357 1.806055276381914 38.650000000000006 38.64999999999998
55 0.35854561038771565 1.806155778894473 38.65499999999998 38.65499999999999
56 0.3605494766021081 1.806080402010051 38.66999999999997 38.669999999999995
57 0.3588293759346391 1.8059547738693489 38.68999999999998 38.689999999999976
58 0.3583191085822665 1.8060804020100456 38.66499999999999 38.664999999999985
59 0.35971641682167993 1.805979899497485 38.72 38.719999999999985
60 0.35873709742130805 1.8061809045226087 38.694999999999986 38.694999999999986
61 0.35925821570558397 1.8059045226130668 38.68500000000002 38.684999999999995
62 0.3602726410621146 1.8060804020100496 38.700000000000024 38.7
63 0.36137961848488176 1.805929648241207 38.71999999999999 38.71999999999997
64 0.3565942663311087 1.8059296482412048 38.705 38.705
65 0.36029744319218 1.8057788944723618 38.68999999999998 38.690000000000005
66 0.3613393150235257 1.806105527638188 38.66499999999999 38.665
67 0.357864828391144 1.805954773869346 38.690000000000005 38.689999999999976
68 0.35809148217042946 1.8057035175879386 38.72999999999999 38.730000000000004
69 0.35822281795965993 1.805854271356782 38.69500000000002 38.695
70 0.35913083123609474 1.8059547738693482 38.69000000000002 38.68999999999999
