# index clusteringCoefficient averagePathLength inDegreeMean outDegreeMean
1 0.931977842033469 3.9198549637409346 1.8292682926829273 1.8292682926829273
2 0.8098369454121039 4.013567552127976 3.2349999999999977 3.235
3 0.6977606011873574 2.863430686960103 4.970000000000002 4.969999999999994
4 0.6350542424221658 3.5709972322402055 7.975000000000003 7.974999999999998
5 0.6389195004284197 2.984911567798007 11.124999999999998 11.124999999999998
6 0.5834125388863036 2.5335314762702708 15.410000000000004 15.41
7 0.5096572112418589 2.372678083337981 20.665000000000003 20.66500000000001
8 0.4662646454625522 2.0974191681355445 25.490000000000002 25.490000000000006
9 0.4022243864080825 1.9280715601157585 29.945000000000025 29.944999999999997
10 0.36937893204818645 1.8548771231908725 33.32999999999998 33.33000000000002
11 0.3716772602743508 1.8357470494253496 35.34 35.340000000000025
12 0.36698050560868906 1.8191212472619531 36.315000000000005 36.315
13 0.3626066856330014 1.817634088811404 36.61 36.61000000000001
14 0.36238848391172246 1.8176159987756018 36.83500000000002 36.83499999999999
15 0.35906906906906877 1.8165956686988252 36.93999999999998 36.93999999999998
16 0.35843883357041245 1.8165191439430686 36.919999999999995 36.919999999999995
17 0.3573123123123125 1.8163660944315505 36.935 36.934999999999995
18 0.3539225726067828 1.81663367341759 37.06499999999998 37.065000000000026
19 0.35681168010115366 1.8160905027650824 37.32499999999999 37.32500000000003
20 0.3538446341077919 1.816065250877502 37.370000000000005 37.370000000000026
21 0.35650742848111294 1.8163430216408676 37.309999999999995 37.31
22 0.35250079026394815 1.8163682735284419 37.330000000000005 37.32999999999997
23 0.34967166072429207 1.8114321608040187 37.61499999999999 37.61500000000001
24 0.3478137686558738 1.8109296482412038 37.70500000000001 37.70500000000001
25 0.34960565828986895 1.811155778894471 37.675000000000004 37.675
26 0.35053935514461865 1.8111557788944666 37.68999999999999 37.690000000000005
27 0.3491433538801961 1.8110552763819088 37.69499999999994 37.695
28 0.35097004899636475 1.810954773869349 37.705 37.705000000000005
29 0.3539544807965861 1.8114321608040178 37.67999999999998 37.679999999999964
30 0.3495406985933305 1.8111557788944723 37.67999999999999 37.67999999999999
31 0.3467322585743639 1.8113567839195936 37.66500000000002 37.66500000000001
32 0.3478714240556347 1.8112562814070359 37.684999999999995 37.685000000000024
33 0.3491694325904853 1.8117336683417054 37.67000000000001 37.67000000000003
34 0.351724751066856 1.8114070351758793 37.69999999999999 37.699999999999996
35 0.34780148569622255 1.811206030150756 37.68500000000002 37.685000000000024
36 0.34859372530425203 1.8106783919597975 37.73999999999998 37.74
37 0.3455365892207995 1.8110804020100524 37.67499999999998 37.675
38 0.3477987197724039 1.811231155778893 37.670000000000016 37.66999999999999
39 0.34522522522522514 1.810678391959799 37.73999999999999 37.73999999999999
40 0.3495554765291606 1.8112562814070345 37.67500000000003 37.674999999999976
41 0.35158843053579886 1.810929648241206 37.715 37.71500000000003
42 0.3497439544807963 1.8115326633165825 37.63 37.63000000000001
43 0.35367551762288585 1.8111557788944752 37.695000000000014 37.695
44 0.3520641694325903 1.8109296482412054 37.705 37.70499999999999
45 0.3510668563300143 1.8110301507537658 37.699999999999996 37.700000000000024
46 0.34860241820768145 1.811080402010045 37.674999999999976 37.67500000000001
47 0.3478801169590642 1.8108793969849213 37.73000000000001 37.73000000000002
48 0.3501655602971394 1.8111055276381895 37.70000000000001 37.69999999999998
49 0.34997668721352926 1.8110804020100473 37.68 37.68000000000002
50 0.3484016911648486 1.8110050251256296 37.684999999999995 37.685
51 0.35116919551130055 1.8111306532663287 37.695000000000014 37.69499999999999
52 0.35016872135293187 1.811432160804021 37.69000000000002 37.69
53 0.3484996838944208 1.8111557788944768 37.739999999999995 37.73999999999999
54 0.3500600600600599 1.8108542713567854 37.74500000000001 37.74500000000001
55 0.34975146198830415 1.8110050251256251 37.65999999999998 37.660000000000004
56 0.3464481586850007 1.8108793969849304 37.68999999999999 37.68999999999996
57 0.35339378852536724 1.81145728643216 37.629999999999995 37.62999999999999
58 0.34922198514303765 1.8112060301507573 37.64999999999996 37.65
59 0.35188952110004734 1.8109798994974866 37.69500000000001 37.695
60 0.35170776039197077 1.8112814070351761 37.67500000000001 37.67499999999999
61 0.35154417575470204 1.8107788944723648 37.709999999999994 37.71
62 0.3504097518571202 1.8109798994974837 37.68500000000002 37.684999999999974
63 0.3493259838786157 1.8110050251256362 37.68500000000003 37.68499999999999
64 0.34799865655128814 1.8108040201005033 37.71500000000002 37.71499999999999
65 0.346688794057215 1.8113065326633144 37.66500000000001 37.66499999999997
66 0.34902362889205 1.8108793969849282 37.73499999999999 37.73499999999999
67 0.34658566461198026 1.8109547738693423 37.71499999999998 37.71500000000002
68 0.35238225067172446 1.8108542713567832 37.74499999999999 37.74499999999999
69 0.3497886043938674 1.810753768844218 37.725000000000016 37.72499999999997
70 0.3492642642642644 1.8109045226130704 37.719999999999956 37.72000000000001
