# index clusteringCoefficient averagePathLength inDegreeMean outDegreeMean
1 0.9382431319882146 4.257506053268784 1.764227642276422 1.7642276422764238
2 0.8084177439694141 4.435963030202957 2.9750000000000014 2.9750000000000014
3 0.7237842145620277 3.7763299170327005 5.59 5.590000000000006
4 0.6778315918090005 3.4740800792685684 8.510000000000007 8.510000000000007
5 0.6298769423459555 2.6909586056644716 12.62000000000001 12.62
6 0.5661613912215866 2.359274193548391 16.945 16.945
7 0.525702634260361 2.1618862275449273 21.72500000000001 21.725000000000005
8 0.46600012279181136 2.071519657052921 26.075 26.075000000000006
9 0.431092296610377 1.9681568464082069 30.26 30.26000000000001
10 0.3965064574505756 1.871496658550485 33.800000000000004 33.8
11 0.3810046630747653 1.8233435217323761 36.32499999999999 36.32500000000001
12 0.3822845462593647 1.8217105937852505 37.649999999999984 37.65000000000001
13 0.37247397339502614 1.8138165575351513 38.55499999999998 38.555000000000014
14 0.3761900209926528 1.8120907568143727 38.84000000000002 38.839999999999954
15 0.3706675063727694 1.812361809045224 39.17500000000001 39.17500000000001
16 0.3720526315789474 1.8083129213908722 39.3 39.29999999999999
17 0.36981005398110633 1.8026312466856915 39.495 39.495
18 0.37063529014844826 1.8025049872477967 39.46500000000002 39.46500000000001
19 0.36781005398110667 1.8012171409812865 39.45999999999997 39.46
20 0.36854995076047736 1.8015577889447283 39.62999999999998 39.63000000000002
21 0.3700148448043186 1.8013819095477377 39.65500000000001 39.654999999999994
22 0.3675674763832659 1.800954773869345 39.65999999999999 39.66
23 0.36733434547908206 1.8008291457286418 39.68000000000002 39.68
24 0.3671636302294198 1.8008542713567837 39.669999999999995 39.66999999999997
25 0.36591801619433206 1.8009296482412043 39.68499999999998 39.68499999999999
26 0.3644105937921724 1.8008542713567826 39.67000000000002 39.669999999999995
27 0.36483805668016195 1.800879396984923 39.669999999999995 39.67000000000001
28 0.3654355600539811 1.8007788944723644 39.67499999999998 39.67500000000001
29 0.3637145748987853 1.8008542713567854 39.65 39.64999999999998
30 0.3618384396542292 1.8008291457286505 39.66499999999998 39.66499999999999
31 0.36500404858299595 1.8004773869346773 39.745000000000005 39.745000000000005
32 0.3630630904183536 1.8010050251256295 39.66499999999999 39.66499999999998
33 0.366691632928475 1.8007537688442197 39.69999999999999 39.699999999999996
34 0.3662149122807021 1.8008040201005058 39.68499999999998 39.684999999999995
35 0.3615229419703107 1.8005276381909607 39.720000000000006 39.72
36 0.3661254513622933 1.8007537688442248 39.725 39.725000000000016
37 0.36800809716599203 1.8008291457286483 39.68000000000003 39.680000000000014
38 0.36371390013495314 1.800879396984923 39.68999999999998 39.68999999999999
39 0.3648144399460192 1.8006532663316583 39.705000000000005 39.705
40 0.36636167341430487 1.8010050251256295 39.67499999999997 39.67500000000002
41 0.3645715249662619 1.8008542713567877 39.704999999999984 39.705000000000005
42 0.366082995951417 1.8006783919597997 39.69999999999999 39.69999999999999
43 0.36952901484480405 1.800829145728646 39.674999999999976 39.675000000000004
44 0.36719466936572226 1.8006281407035147 39.73000000000002 39.73
45 0.3671120107962214 1.800728643216079 39.70499999999999 39.704999999999984
46 0.36669365721997305 1.8009296482412016 39.679999999999986 39.679999999999964
47 0.3670509446693657 1.8006783919597997 39.73000000000002 39.73000000000002
48 0.36634412955465584 1.8009547738693474 39.65000000000001 39.64999999999998
49 0.36226754385964915 1.8008542713567832 39.68 39.68000000000002
50 0.3698370445344132 1.8007035175879376 39.69500000000003 39.69499999999999
51 0.3665290148448044 1.800552763819096 39.72500000000001 39.725
52 0.36553677462888023 1.800829145728644 39.70000000000001 39.69999999999999
53 0.363207489878543 1.8009798994974888 39.665000000000006 39.665
54 0.36566835357624844 1.8008793969849262 39.69500000000002 39.69499999999999
55 0.3653181511470986 1.800954773869344 39.705000000000005 39.70499999999999
56 0.3637398785425101 1.8007788944723606 39.685 39.68500000000002
57 0.36532726045883956 1.8007035175879456 39.73499999999999 39.73499999999999
58 0.36618690958164657 1.8006281407035212 39.71499999999999 39.71500000000001
59 0.3650195681511472 1.800502512562815 39.719999999999985 39.72
60 0.3657604588394062 1.8005276381909563 39.72 39.72000000000003
61 0.36761774628879906 1.8005527638190926 39.720000000000006 39.72
62 0.3621322537112011 1.8006783919597982 39.72000000000002 39.72
63 0.3639193657219971 1.8009045226130653 39.675 39.67499999999999
64 0.3647813765182184 1.8006783919597982 39.72000000000001 39.71999999999999
65 0.3667324561403508 1.800804020100499 39.73500000000002 39.73500000000001
66 0.36928340080971667 1.8007035175879462 39.709999999999994 39.71000000000001
67 0.3664885290148447 1.8008040201005024 39.669999999999995 39.66999999999998
68 0.3700334008097166 1.801030150753769 39.64500000000002 39.64499999999996
69 0.3665897435897436 1.8009296482412096 39.69000000000001 39.690000000000026
70 0.36660593792172746 1.800728643216083 39.68000000000003 39.680000000000014
