# index clusteringCoefficient averagePathLength inDegreeMean outDegreeMean
1 0.9350565855054677 4.718064911206371 1.8048780487804885 1.8048780487804879
2 0.8052726601106532 4.863420482316572 3.2150000000000003 3.215
3 0.7170900836190583 3.6931403551447333 5.254999999999997 5.254999999999997
4 0.6555573685619325 3.629911496857501 8.554999999999996 8.554999999999998
5 0.6083928919429346 3.0639193422083024 13.040000000000001 13.039999999999997
6 0.5497432155557369 2.465118143911041 19.029999999999998 19.030000000000015
7 0.5096726531074772 2.1460701330108636 25.23500000000001 25.235000000000003
8 0.4530454435850679 1.9542476781814837 31.03 31.030000000000005
9 0.42191601806277523 1.8710394075641366 35.625000000000014 35.62499999999998
10 0.41063021008462863 1.8468020409215067 38.67999999999997 38.68000000000001
11 0.4146629429078916 1.8209509083880906 40.305 40.30499999999997
12 0.41375269167779855 1.8226411244037442 41.05000000000002 41.05000000000004
13 0.4076561116776834 1.8085068198133585 41.26000000000003 41.26000000000003
14 0.4041180231388384 1.809373500669176 42.02499999999999 42.02500000000003
15 0.39997676096513307 1.7971010833059808 42.649999999999984 42.65
16 0.4038726526551422 1.7964697861165129 42.68 42.680000000000014
17 0.40539122118191867 1.7956869776015736 42.79500000000001 42.79500000000001
18 0.40683655491795045 1.7957374813767326 42.81999999999999 42.81999999999998
19 0.4040257223396757 1.7955276381909526 43.045 43.044999999999995
20 0.4030894493103794 1.7906030150753791 43.26 43.260000000000005
21 0.3994556025369981 1.7905778894472435 43.24 43.23999999999998
22 0.40416540823517566 1.7904271356783927 43.269999999999996 43.26999999999998
23 0.40323593073593067 1.7905527638191 43.249999999999986 43.24999999999997
24 0.40394392429276144 1.7905276381909587 43.23999999999999 43.23999999999998
25 0.4014997986509613 1.7904020100502482 43.27499999999999 43.275
26 0.3999378334843449 1.7903517587939735 43.27000000000001 43.269999999999996
27 0.3980431737468625 1.7858793969849283 43.4 43.400000000000006
28 0.39443999798650986 1.7802512562814063 43.734999999999964 43.735
29 0.3980932246048525 1.7803266331658265 43.72000000000002 43.719999999999985
30 0.400110238598611 1.7804522613065357 43.71 43.710000000000015
31 0.39596270009060697 1.7804020100502476 43.70499999999998 43.70500000000002
32 0.39675450518473737 1.7804773869346784 43.695 43.69499999999998
33 0.3964494613913219 1.7804522613065275 43.7 43.69999999999998
34 0.3992237994563574 1.780376884422109 43.709999999999965 43.71
35 0.4004595791805093 1.7805276381909576 43.69000000000003 43.690000000000005
36 0.3982668881506088 1.7802763819095477 43.72500000000002 43.72499999999999
37 0.39460862780630207 1.7804522613065297 43.69999999999999 43.69999999999997
38 0.3984609382865195 1.7803768844221135 43.709999999999994 43.710000000000015
39 0.39940300010067453 1.780402010050244 43.699999999999974 43.70000000000001
40 0.3964683378636864 1.7804020100502498 43.705 43.70499999999998
41 0.398879492600423 1.7805025125628127 43.690000000000005 43.68999999999998
42 0.4006692154508379 1.7805527638190926 43.67999999999998 43.67999999999999
43 0.4005798852310478 1.780452261306529 43.699999999999996 43.70000000000001
44 0.39434335044800173 1.7805025125628156 43.70000000000004 43.699999999999996
45 0.3967504782039664 1.7803517587939734 43.72500000000001 43.725
46 0.3960852713178298 1.7805025125628111 43.68499999999996 43.68500000000001
47 0.39800362428269387 1.780552763819094 43.67499999999999 43.675
48 0.39786645525017617 1.7805276381909536 43.680000000000014 43.67999999999997
49 0.39955627705627683 1.780226130653264 43.740000000000016 43.739999999999974
50 0.39884148796939484 1.7805778894472373 43.675 43.67499999999999
51 0.40178722440350334 1.7803015075376851 43.72999999999997 43.73
52 0.39940904057183096 1.7804773869346713 43.70499999999998 43.70499999999998
53 0.4009624484043088 1.7805276381909563 43.68499999999998 43.68499999999999
54 0.39854072284304864 1.7803517587939688 43.71500000000003 43.715
55 0.39472264169938565 1.780427135678387 43.70499999999998 43.705
56 0.39664376321353073 1.780301507537692 43.72000000000003 43.72
57 0.39473522601429595 1.7803517587939683 43.714999999999996 43.71500000000002
58 0.3975795328702303 1.78050251256281 43.68500000000001 43.684999999999995
59 0.39803911205073994 1.7804020100502553 43.70000000000002 43.70000000000002
60 0.3966898218061008 1.7804773869346793 43.690000000000005 43.690000000000005
61 0.3949423638377128 1.7805527638190908 43.68499999999998 43.68500000000001
62 0.40044447800261773 1.7806030150753742 43.70000000000002 43.69999999999998
63 0.3970092117185139 1.7803768844221113 43.72499999999998 43.72500000000001
64 0.39760168126447176 1.7802261306532685 43.744999999999976 43.74500000000001
65 0.3968380650357397 1.7805527638190977 43.68499999999998 43.684999999999995
66 0.3987433303130976 1.7805527638190966 43.675000000000004 43.67499999999999
67 0.39687078425450517 1.7804271356783905 43.69999999999997 43.69999999999999
68 0.3973857344206185 1.7804271356783934 43.71000000000001 43.71000000000001
69 0.4001603241719521 1.7805276381909496 43.69 43.68999999999999
70 0.3993697775093124 1.7806281407035198 43.66000000000001 43.65999999999999
