# index clusteringCoefficient averagePathLength inDegreeMean outDegreeMean
1 0.9376704803378544 4.369109598184495 1.7967479674796742 1.7967479674796751
2 0.7945746439940953 4.075696513054145 3.0849999999999995 3.0850000000000004
3 0.7163048621426037 2.9719421723416386 5.465000000000002 5.465000000000002
4 0.6605445350872834 3.2443939458903315 9.009999999999998 9.010000000000002
5 0.6153830983155307 2.8579673072123883 13.955000000000002 13.955000000000005
6 0.578305648488217 2.348704990524338 19.160000000000007 19.160000000000007
7 0.4857149308434769 2.1099249279251033 24.36999999999999 24.369999999999987
8 0.4538162259561689 1.9378963910871636 30.005000000000003 30.005000000000003
9 0.4302313177273502 1.8668985315225808 33.60999999999998 33.61
10 0.4164397102208515 1.8352170352170367 36.42000000000001 36.41999999999998
11 0.40611829827204465 1.8221199619168513 38.710000000000015 38.71000000000002
12 0.4037403081508259 1.8120856571608965 39.47 39.47000000000003
13 0.39668478482190905 1.8086875437096923 39.92499999999998 39.92499999999999
14 0.39463408759114416 1.7929650063460074 40.52500000000002 40.525000000000006
15 0.3894575301814738 1.7990964925638329 41.294999999999995 41.295
16 0.39133425664816107 1.795207191737577 41.89000000000001 41.89000000000001
17 0.39426643572914083 1.7925557435418276 42.08500000000001 42.08499999999999
18 0.39136360505631623 1.7924042322163567 42.13500000000002 42.135000000000005
19 0.3940140465756681 1.792075957677841 42.22 42.22
20 0.39459201037193076 1.791394156713215 42.25499999999999 42.254999999999995
21 0.3933203684196308 1.790990126511959 42.20500000000001 42.20500000000001
22 0.39424830510763537 1.7955025125628112 42.28499999999998 42.285000000000004
23 0.3954984739216162 1.7856200192883631 42.25500000000001 42.25499999999998
24 0.39368217054263555 1.790636600085859 42.260000000000026 42.25999999999999
25 0.3919430698717571 1.790954773869349 42.405000000000015 42.404999999999994
26 0.39305850417308164 1.7854347112446685 42.485000000000014 42.48499999999998
27 0.39615765875266745 1.790452261306532 42.514999999999986 42.51499999999999
28 0.3917206871404262 1.7904271356783854 42.48500000000001 42.484999999999964
29 0.3919220484563648 1.785603015075371 42.675000000000004 42.675
30 0.3910664992031976 1.7855276381909548 42.69500000000001 42.69499999999999
31 0.3912300461875049 1.7857788944723596 42.65000000000001 42.65000000000002
32 0.39102017664694927 1.7853517587939687 42.72500000000002 42.725
33 0.3902114901547685 1.7856281407035144 42.67000000000003 42.670000000000016
34 0.39078022445506816 1.7856281407035122 42.675000000000004 42.67499999999999
35 0.3900098587364609 1.7855527638190998 42.68000000000001 42.68000000000001
36 0.38906558085514403 1.785804020100508 42.66500000000004 42.66499999999999
37 0.39062001998757523 1.7855025125628134 42.68999999999999 42.68999999999998
38 0.39265578154120384 1.7855276381909555 42.69000000000003 42.68999999999997
39 0.3883485941171706 1.785603015075382 42.67 42.66999999999999
40 0.3893725521972826 1.7856030150753754 42.68499999999998 42.68499999999998
41 0.3932058450152606 1.7857537688442247 42.639999999999986 42.64
42 0.39040867838910903 1.7857035175879374 42.650000000000006 42.65
43 0.3916778759149717 1.7856281407035195 42.67500000000001 42.67499999999999
44 0.3901384274640086 1.7854020100502528 42.71499999999999 42.714999999999996
45 0.39310779785538696 1.7857286432160837 42.66500000000001 42.665000000000006
46 0.39175647570429184 1.7855025125628101 42.68500000000001 42.68499999999995
47 0.39053520784377255 1.7856532663316536 42.659999999999975 42.65999999999999
48 0.39200740080490504 1.7857035175879385 42.65499999999999 42.654999999999994
49 0.3934117980714691 1.7855276381909562 42.679999999999986 42.68000000000002
50 0.3915393133997783 1.7856532663316593 42.66999999999998 42.66999999999999
51 0.3933638549010074 1.7856281407035164 42.675 42.67499999999997
52 0.3904435080895656 1.785603015075374 42.69000000000001 42.689999999999976
53 0.39049577289792814 1.785452261306536 42.71 42.70999999999997
54 0.3882435242957081 1.7854522613065316 42.70000000000002 42.699999999999996
55 0.39064905599222094 1.7854773869346745 42.69999999999998 42.69999999999998
56 0.38956770115873923 1.785653266331655 42.68500000000002 42.68499999999998
57 0.38990938065526826 1.7856030150753748 42.66499999999999 42.664999999999985
58 0.39168354806471617 1.7855025125628163 42.7 42.699999999999974
59 0.3922933514301919 1.7855527638190998 42.68499999999998 42.68499999999999
60 0.3866085946573752 1.7857035175879352 42.67 42.66999999999999
61 0.38898117386489467 1.7856030150753737 42.68 42.679999999999986
62 0.38805620830294657 1.7855276381909588 42.69 42.68999999999997
63 0.3905496583205032 1.7857286432160768 42.67499999999999 42.674999999999976
64 0.38881951759716915 1.7853517587939687 42.71500000000001 42.715
65 0.38916686924344307 1.7855778894472347 42.684999999999995 42.68499999999999
66 0.3902078437727895 1.7857286432160782 42.654999999999994 42.655
67 0.38854955027955584 1.7857537688442167 42.65000000000002 42.649999999999956
68 0.38780919968668115 1.7856030150753754 42.675 42.67499999999998
69 0.39221727034546094 1.785552763819094 42.694999999999986 42.695
70 0.3883446776328226 1.7855276381909504 42.68499999999999 42.68499999999997
