# index clusteringCoefficient averagePathLength inDegreeMean outDegreeMean
1 0.9320382243293036 4.398094295260478 1.8455284552845526 1.8455284552845517
2 0.8176325431750031 4.4077583522398545 3.0350000000000006 3.035
3 0.7132980160920142 4.062102754237295 5.535000000000002 5.534999999999999
4 0.6501039943195144 3.1985276073619615 8.694999999999993 8.694999999999999
5 0.581049737718923 2.868598488412198 12.704999999999997 12.704999999999997
6 0.5220433740329556 2.456533428929894 18.04500000000001 18.045
7 0.4550362086261604 2.1795140806184468 23.154999999999983 23.154999999999998
8 0.44934442612537806 1.9867689511386712 28.355000000000004 28.354999999999993
9 0.40816106582808565 1.9050198911222773 32.634999999999984 32.635000000000026
10 0.3957719887998553 1.8520205192629793 35.73499999999999 35.73500000000003
11 0.39626053720474547 1.8506307045431227 37.384999999999984 37.385000000000005
12 0.3871970847419228 1.8282483847810502 38.42499999999999 38.424999999999976
13 0.3854346685976979 1.8136857758178642 39.08 39.08000000000002
14 0.38879505174335494 1.8078914983078684 39.28499999999999 39.284999999999975
15 0.3853162393162388 1.8038662701261445 39.51999999999998 39.51999999999996
16 0.38532285497063085 1.8024561583427356 39.584999999999965 39.58500000000001
17 0.38353810849522857 1.7962773048918044 39.81500000000004 39.815000000000005
18 0.3772933083176986 1.8011121597836903 39.86000000000002 39.86
19 0.381631488430269 1.799401045632202 40.11499999999998 40.115000000000016
20 0.38246513445903707 1.7986650423836354 40.105000000000004 40.105000000000004
21 0.37681488430268895 1.7986396629612684 40.11999999999998 40.12
22 0.37505544172344574 1.7964950380040907 40.36499999999998 40.36500000000001
23 0.3772424059680157 1.796596045554407 40.460000000000015 40.459999999999994
24 0.3746651031894934 1.7961306532663324 40.70499999999999 40.705
25 0.370058005003127 1.7958291457286424 40.689999999999976 40.69000000000001
26 0.37545934959349575 1.7963567839196002 40.660000000000004 40.65999999999999
27 0.37141682301438395 1.796381909547738 40.620000000000026 40.62
28 0.3726035021888681 1.7961306532663228 40.65999999999997 40.659999999999954
29 0.37720106316447805 1.7957286432160804 40.70499999999998 40.70500000000001
30 0.3732328017510945 1.7956783919597976 40.70499999999999 40.705
31 0.3713866479049404 1.7957035175879357 40.68500000000002 40.685
32 0.37364587242026254 1.7959045226130657 40.64999999999998 40.65000000000002
33 0.37196607254534086 1.7956783919597936 40.68500000000002 40.68499999999999
34 0.3729343339587241 1.7957035175879401 40.66999999999999 40.66999999999999
35 0.3734005628517824 1.7954773869346736 40.72999999999999 40.73000000000002
36 0.37612476547842405 1.7955276381909573 40.71500000000002 40.715
37 0.3776561913696061 1.7955778894472383 40.7 40.69999999999999
38 0.374522826766729 1.7957286432160848 40.67999999999999 40.68
39 0.3720519074421516 1.7955778894472392 40.69500000000002 40.695
40 0.37462773608505295 1.7955527638190985 40.689999999999976 40.68999999999999
41 0.3753760162601629 1.7955276381909573 40.705 40.704999999999984
42 0.3728272357723577 1.7955276381909613 40.719999999999985 40.71999999999998
43 0.3709101000625393 1.7957788944723643 40.680000000000014 40.67999999999997
44 0.37315978736710437 1.795904522613066 40.634999999999955 40.63499999999999
45 0.3762365540963101 1.7956783919597978 40.675 40.67499999999998
46 0.3744932770481551 1.7957035175879386 40.67000000000001 40.67
47 0.37428252032520304 1.7955527638190967 40.70999999999999 40.709999999999994
48 0.37152876797998724 1.7956030150753821 40.71999999999996 40.720000000000006
49 0.37058427141963723 1.7954522613065371 40.71500000000001 40.715
50 0.3702714196372735 1.7956281407035146 40.679999999999986 40.67999999999998
51 0.37281191369606026 1.7956281407035215 40.69000000000001 40.689999999999976
52 0.37365806754221365 1.7957035175879412 40.68499999999999 40.685
53 0.3701108505315824 1.795477386934674 40.715 40.715
54 0.37085944340212634 1.7955527638190985 40.699999999999996 40.699999999999996
55 0.3746238273921201 1.7955025125628126 40.71499999999998 40.715
56 0.37281707317073176 1.7954773869346696 40.71999999999999 40.719999999999985
57 0.3733888367729829 1.7958542713567869 40.664999999999985 40.66499999999998
58 0.3721971544715448 1.7956281407035153 40.69 40.689999999999976
59 0.3713311444652907 1.7957537688442244 40.66000000000001 40.66
60 0.37102485928705436 1.7955778894472376 40.68999999999998 40.689999999999976
61 0.3734363664790495 1.795854271356788 40.65000000000001 40.65
62 0.3724940587867417 1.79552763819096 40.71000000000002 40.71
63 0.37383989993746114 1.795527638190954 40.735000000000014 40.735
64 0.37207707942464047 1.7957286432160788 40.68 40.67999999999999
65 0.37429377736085073 1.7957035175879403 40.67499999999998 40.675
66 0.3737548467792371 1.7955778894472372 40.68999999999999 40.69000000000001
67 0.3719276110068793 1.7956030150753794 40.694999999999986 40.695000000000014
68 0.3708714821763603 1.7955778894472392 40.70000000000002 40.69999999999998
69 0.37386366479049427 1.795527638190955 40.71999999999999 40.71999999999998
70 0.3730761413383364 1.7954522613065333 40.725 40.72499999999998
