# index clusteringCoefficient averagePathLength inDegreeMean outDegreeMean
1 0.9313303985157083 4.547819623389489 1.9674796747967485 1.967479674796748
2 0.8216439710385104 4.592999766917889 3.2500000000000004 3.250000000000001
3 0.7202867962948577 3.1435263710524213 5.989999999999998 5.990000000000003
4 0.6590553938628088 3.00595459620394 9.745000000000001 9.744999999999992
5 0.5997008470148506 2.700759144237406 13.990000000000004 13.989999999999997
6 0.573242572484094 2.490348063673088 18.170000000000012 18.17
7 0.4935857013740182 2.12733413347475 24.515 24.514999999999993
8 0.48194181391418306 1.9345761036679112 31.190000000000015 31.189999999999984
9 0.44227811664859346 1.8610431838336081 35.96999999999999 35.96999999999998
10 0.429408838322675 1.819254165564666 39.359999999999985 39.36000000000003
11 0.4231464471624599 1.7922771753504352 41.18000000000003 41.18000000000002
12 0.42291447994203296 1.787575044299278 41.59499999999999 41.59500000000003
13 0.4137387834787292 1.78462995606304 41.94999999999998 41.95000000000002
14 0.41598504187828556 1.7808312395309867 42.41500000000001 42.41499999999999
15 0.41727002583979345 1.7782401591289814 42.58000000000001 42.57999999999997
16 0.41279244517325914 1.778039682950833 42.97999999999998 42.97999999999999
17 0.41281410395888996 1.7764855203854313 43.235000000000014 43.23500000000002
18 0.41173420249001647 1.7755271201367686 43.34999999999997 43.34999999999999
19 0.40777613342729624 1.7755018748565212 44.035000000000025 44.035000000000004
20 0.4079649446161071 1.7807883639302038 44.195 44.19500000000001
21 0.410802443035001 1.7754936297649826 44.23500000000002 44.23500000000001
22 0.40821092559464645 1.77594000151511 44.38999999999998 44.38999999999998
23 0.4069086882110139 1.7755864750890145 44.46999999999998 44.47000000000001
24 0.405221954789397 1.7767839195979922 44.59000000000004 44.590000000000025
25 0.40278400281888677 1.7755778894472392 44.695 44.69499999999997
26 0.40174406859290585 1.775502512562817 44.69499999999999 44.695
27 0.4027176415315953 1.7756281407035166 44.66499999999998 44.66499999999998
28 0.4054169603006811 1.7754522613065298 44.68999999999999 44.68999999999998
29 0.40578787878787864 1.7754773869346723 44.68500000000001 44.684999999999995
30 0.4054032182287996 1.7754020100502494 44.70499999999998 44.70499999999998
31 0.40457763683345044 1.775527638190957 44.67499999999998 44.675
32 0.40500951374207167 1.7752512562814067 44.72500000000001 44.72499999999999
33 0.4084911909795631 1.7755276381909573 44.669999999999995 44.669999999999995
34 0.40759548978153626 1.7755276381909584 44.67500000000001 44.675000000000004
35 0.40554733380314806 1.7755778894472392 44.66499999999999 44.66499999999999
36 0.4052857646229739 1.7752512562814045 44.725000000000016 44.72499999999999
37 0.40346817007282104 1.775402010050255 44.69500000000001 44.694999999999986
38 0.40414059196617336 1.7752763819095445 44.725000000000016 44.725000000000016
39 0.405638830162086 1.7753015075376883 44.72500000000004 44.725
40 0.4009391254740091 1.7754773869346758 44.67999999999997 44.679999999999986
41 0.40365351186281395 1.775301507537686 44.71499999999999 44.71500000000001
42 0.4021188630490955 1.7756532663316575 44.65500000000001 44.654999999999966
43 0.4038097251585627 1.775477386934675 44.69000000000003 44.690000000000005
44 0.40535189100305385 1.7753768844221076 44.70000000000002 44.699999999999996
45 0.40399342259807397 1.775326633165825 44.710000000000015 44.71000000000001
46 0.4019935400516797 1.7753768844221105 44.70499999999999 44.705000000000005
47 0.4067248062015505 1.7753266331658262 44.71499999999998 44.71499999999997
48 0.4058577636833452 1.7753015075376892 44.714999999999975 44.71500000000001
49 0.40190498003288716 1.7757537688442182 44.63499999999999 44.63499999999999
50 0.40658045571999035 1.7755527638190927 44.674999999999976 44.675000000000026
51 0.403824171952079 1.775527638190954 44.685 44.68499999999996
52 0.4065536762978622 1.7753517587939676 44.705000000000005 44.705000000000005
53 0.4029288231148697 1.7753517587939662 44.704999999999984 44.704999999999984
54 0.40774794456189795 1.7753517587939713 44.705 44.70499999999997
55 0.4052090674183698 1.7751507537688453 44.745000000000005 44.74499999999999
56 0.4012394879022786 1.7755025125628148 44.685 44.684999999999974
57 0.4005628376791166 1.7754271356783948 44.699999999999996 44.69999999999998
58 0.4005214940098664 1.7753266331658328 44.720000000000006 44.72000000000003
59 0.40224324641766496 1.775477386934679 44.68000000000001 44.67999999999998
60 0.39997686163965235 1.7755778894472383 44.65999999999998 44.660000000000004
61 0.4037455954897817 1.7754020100502568 44.70000000000001 44.69999999999998
62 0.40001374207188184 1.7754522613065298 44.69000000000002 44.690000000000005
63 0.40397780126849875 1.7755025125628185 44.68000000000001 44.68000000000001
64 0.4036039464411557 1.7756783919598018 44.64999999999999 44.65000000000001
65 0.4040815128024431 1.7754773869346763 44.684999999999995 44.684999999999974
66 0.40392870566126393 1.775226130653267 44.740000000000016 44.73999999999999
67 0.4026147521728917 1.7753517587939684 44.705000000000005 44.705
68 0.4039325816302562 1.7755276381909577 44.67999999999999 44.68
69 0.40813636363636374 1.7752261306532637 44.74 44.73999999999998
70 0.4070825698848952 1.7753015075376888 44.71499999999998 44.715
