# index clusteringCoefficient averagePathLength inDegreeMean outDegreeMean
1 0.9398803916737921 4.501939864209518 1.8943089430894313 1.8943089430894309
2 0.8027292162287516 4.738681910769435 3.209999999999999 3.210000000000001
3 0.7389374591412151 3.636237445905117 5.889999999999997 5.89
4 0.715793689730168 4.064355455864891 9.19 9.190000000000005
5 0.6558008276850055 2.858250753985342 13.750000000000007 13.75000000000001
6 0.6273955266691336 2.4027966870887183 20.470000000000006 20.469999999999988
7 0.5328280414256296 2.0571290374590214 27.52500000000001 27.52499999999999
8 0.46965738342763785 1.8801599621142362 34.904999999999994 34.90500000000001
9 0.43677309428867067 1.817917713567843 39.075 39.07499999999999
10 0.43305682007946417 1.8048532819538134 41.125 41.125
11 0.4266391768757263 1.7980055719009551 41.865 41.864999999999974
12 0.418829671878509 1.7940475573744983 42.325 42.325
13 0.4144388066713649 1.7874682691809514 42.709999999999965 42.71
14 0.41186731024333645 1.7818580079886612 43.115000000000016 43.11500000000002
15 0.4128358491137935 1.775993368906386 43.26499999999998 43.26500000000001
16 0.41387796570354707 1.7752221099800563 43.39499999999999 43.39500000000001
17 0.4118278106458432 1.7913050098979806 43.66499999999999 43.66499999999999
18 0.40589382194033347 1.7853589555819311 44.03499999999999 44.03499999999999
19 0.40962097721400026 1.7788183340947168 44.040000000000006 44.040000000000006
20 0.4064812242021546 1.7827135678391979 44.254999999999995 44.254999999999995
21 0.4081688376223259 1.7820100502512577 44.284999999999975 44.28500000000002
22 0.41040286586798236 1.7809547738693512 44.46500000000002 44.465
23 0.4088669250645993 1.780804020100504 44.44500000000002 44.44500000000001
24 0.40948661028893596 1.7756783919597954 44.660000000000004 44.65999999999999
25 0.40729727507634483 1.775527638190957 44.66999999999999 44.67
26 0.4048609013725297 1.7755527638190995 44.665000000000006 44.665000000000006
27 0.4033726802912849 1.775276381909547 44.72500000000001 44.72500000000002
28 0.40728224101479904 1.77532663316583 44.71 44.70999999999999
29 0.40620754052149394 1.7753266331658284 44.71499999999998 44.71500000000003
30 0.4048659854357529 1.7755276381909606 44.679999999999986 44.68000000000001
31 0.4032430115104534 1.7755276381909555 44.679999999999964 44.67999999999998
32 0.4062087150575522 1.7757788944723614 44.625000000000014 44.625
33 0.40298437867042525 1.7752261306532666 44.73000000000002 44.72999999999999
34 0.40853100775193796 1.7752512562814062 44.734999999999985 44.73500000000002
35 0.4054299976509281 1.7755276381909555 44.67999999999999 44.67999999999999
36 0.4053362696734789 1.7753768844221105 44.69999999999999 44.700000000000024
37 0.40567312661498733 1.7754522613065322 44.68500000000001 44.68499999999999
38 0.40926286116983784 1.7755276381909533 44.674999999999976 44.67499999999998
39 0.4043402630960769 1.7753517587939698 44.705000000000005 44.70499999999999
40 0.40353112520554385 1.775376884422112 44.705000000000005 44.705000000000005
41 0.4062647404275308 1.7754020100502519 44.69500000000001 44.695000000000014
42 0.4046443504815601 1.7753517587939713 44.71000000000002 44.71000000000002
43 0.4069283533004465 1.7755778894472354 44.66500000000001 44.66499999999998
44 0.4037169368099604 1.7752010050251263 44.745 44.745000000000005
45 0.41063988724453826 1.7753015075376863 44.72499999999999 44.725000000000016
46 0.4055939628846603 1.775452261306531 44.68999999999999 44.690000000000005
47 0.4035189100305378 1.7755025125628126 44.67999999999999 44.680000000000014
48 0.40510347662673246 1.7754020100502552 44.695000000000014 44.69500000000001
49 0.404221634954193 1.7754020100502468 44.699999999999996 44.69999999999999
50 0.4059588912379614 1.7755276381909537 44.675000000000026 44.67499999999999
51 0.4042188160676535 1.7753768844221178 44.705000000000005 44.70499999999999
52 0.4056389476156918 1.7754522613065247 44.68999999999998 44.68999999999998
53 0.40774794456189795 1.7754020100502512 44.71499999999998 44.715000000000025
54 0.40462144702842395 1.775477386934677 44.694999999999986 44.695000000000014
55 0.40489194268264017 1.7755527638190967 44.665 44.665000000000006
56 0.4059712238665727 1.7754271356783913 44.69999999999999 44.69999999999999
57 0.40588583509513804 1.7753517587939749 44.73000000000001 44.73000000000001
58 0.4111219168428471 1.7753266331658335 44.715 44.714999999999996
59 0.4091120507399577 1.775201005025127 44.73999999999998 44.74
60 0.40853406154568944 1.7754773869346727 44.68999999999999 44.68999999999998
61 0.40460876203899443 1.7755276381909573 44.67499999999999 44.67500000000002
62 0.40528670425182073 1.7754773869346763 44.684999999999995 44.68499999999999
63 0.40250140944326995 1.7755025125628119 44.68 44.67999999999999
64 0.4061677237491193 1.7754773869346727 44.679999999999986 44.68
65 0.40885623678646943 1.7755025125628165 44.68000000000003 44.68000000000001
66 0.40860946676062954 1.7753768844221103 44.71000000000002 44.71000000000002
67 0.40821223866572715 1.7754271356783875 44.694999999999986 44.69499999999999
68 0.40772832980972523 1.7756030150753794 44.65499999999999 44.654999999999994
69 0.40534836739487895 1.775326633165825 44.710000000000015 44.710000000000036
70 0.40686903922950457 1.775427135678392 44.68999999999999 44.69
