# index clusteringCoefficient averagePathLength inDegreeMean outDegreeMean
1 0.9160269796508966 4.7681340670334915 1.9918699186991877 1.9918699186991873
2 0.8102141992189771 4.1347419785480515 3.3599999999999985 3.3600000000000017
3 0.7108143145343501 3.6064326474148345 5.5 5.5000000000000036
4 0.6575485909698794 3.511850069277339 8.63999999999999 8.640000000000004
5 0.5938005000862072 2.7113056562478746 13.175 13.174999999999995
6 0.5414076613195591 2.308011869436209 17.75999999999999 17.759999999999994
7 0.49863302680898763 2.077793412399828 24.67500000000001 24.67499999999999
8 0.4472722180859985 1.9975532754538279 30.905 30.90500000000001
9 0.4487557293356905 1.8998906477817121 35.54999999999999 35.550000000000004
10 0.433568951042932 1.8396897387001996 38.56000000000001 38.56000000000001
11 0.4158046835118288 1.806019895395341 40.650000000000034 40.650000000000006
12 0.4128205903234344 1.7941994235135044 42.01 42.01
13 0.40795000569073187 1.791355768742702 42.695 42.695000000000014
14 0.4067995570321152 1.7856707781330872 43.06500000000001 43.06499999999999
15 0.40387823416893154 1.785899192934374 43.00999999999998 43.00999999999999
16 0.40434838417396535 1.7856200192883684 43.04000000000002 43.04000000000001
17 0.40550890969495623 1.785416983909444 43.070000000000036 43.070000000000036
18 0.4031692338669081 1.7855609706825588 43.26500000000001 43.265
19 0.40268977146884116 1.7855104669073998 43.245 43.245
20 0.4033388704318937 1.785459963132247 43.264999999999986 43.26499999999998
21 0.40089373804490086 1.785326633165831 43.50499999999999 43.50499999999998
22 0.4026603241719521 1.7854522613065362 43.47499999999999 43.47500000000001
23 0.3994566092821907 1.7854271356783957 43.470000000000006 43.470000000000006
24 0.3982585825027687 1.7854773869346756 43.47000000000003 43.47
25 0.39670064431692337 1.785452261306535 43.47000000000001 43.46999999999999
26 0.39638855330715805 1.7804271356783916 43.70000000000001 43.70000000000002
27 0.3969292061691378 1.780477386934669 43.694999999999986 43.69499999999999
28 0.39410299003322236 1.7805778894472368 43.67500000000001 43.67499999999999
29 0.39628762710158044 1.7804271356783945 43.695000000000014 43.69500000000001
30 0.3971415987113663 1.7802512562814092 43.73499999999998 43.73500000000002
31 0.39749421121514156 1.780276381909547 43.72500000000002 43.724999999999994
32 0.39653226618342907 1.7804522613065341 43.69499999999999 43.69499999999999
33 0.3942182623577971 1.7804773869346713 43.685 43.68499999999998
34 0.39403453136011246 1.780427135678392 43.70000000000002 43.69999999999998
35 0.39707188160676515 1.7802763819095506 43.72999999999999 43.730000000000004
36 0.39386288130474156 1.780301507537687 43.725 43.725
37 0.39638653981677224 1.7803015075376885 43.71999999999998 43.71999999999999
38 0.3959246954595789 1.7805276381909558 43.684999999999995 43.68499999999999
39 0.39629391925903557 1.7803517587939695 43.714999999999996 43.71500000000001
40 0.39523129970804377 1.7805778894472406 43.675 43.674999999999976
41 0.40067930131883595 1.7804522613065334 43.70499999999998 43.70500000000002
42 0.3947576260948352 1.780552763819094 43.67499999999999 43.675000000000004
43 0.3965909090909092 1.7806532663316554 43.65500000000001 43.65499999999997
44 0.39698580489278135 1.7805276381909547 43.67499999999998 43.67499999999998
45 0.396238548273432 1.78035175879397 43.72000000000002 43.71999999999999
46 0.3958844256518673 1.7802763819095477 43.73000000000003 43.730000000000004
47 0.39452078928823087 1.7804020100502531 43.70500000000004 43.705
48 0.39701021846370693 1.7803768844221084 43.705000000000005 43.70500000000001
49 0.39172077922077925 1.7803517587939712 43.73500000000002 43.734999999999985
50 0.39582251082251085 1.7805025125628111 43.67999999999995 43.68
51 0.3957832477599918 1.7803266331658305 43.72000000000002 43.72
52 0.3942094533373603 1.78035175879397 43.715000000000025 43.715
53 0.39577393536695865 1.7803517587939683 43.71999999999998 43.720000000000006
54 0.3930615612408014 1.7803266331658258 43.724999999999994 43.725
55 0.39735830061411453 1.7803517587939712 43.70999999999999 43.71
56 0.39805471660122826 1.7804271356783927 43.70000000000002 43.69999999999999
57 0.3977730796335447 1.7803015075376847 43.73500000000001 43.735000000000014
58 0.3970857243531664 1.7802261306532667 43.73999999999999 43.739999999999995
59 0.3988042383972617 1.7803015075376936 43.72500000000001 43.725000000000016
60 0.400789791603745 1.7803266331658287 43.72999999999999 43.73
61 0.39589751333937406 1.7803517587939721 43.714999999999996 43.714999999999996
62 0.3972827947246549 1.7804020100502462 43.714999999999996 43.71499999999999
63 0.39586781435618634 1.7803768844221106 43.72000000000002 43.71999999999999
64 0.3938354474982383 1.7806281407035154 43.66000000000001 43.65999999999999
65 0.39429628511023823 1.7805527638190952 43.68000000000001 43.68
66 0.398669586227726 1.7806532663316583 43.66500000000001 43.66499999999999
67 0.4014615423336356 1.780376884422109 43.71499999999998 43.71500000000001
68 0.39812846068660024 1.7805527638190926 43.685000000000024 43.68500000000001
69 0.3962976945535088 1.7804020100502527 43.70499999999998 43.705000000000005
70 0.3987964361220171 1.780376884422108 43.71500000000001 43.715
