# index clusteringCoefficient averagePathLength inDegreeMean outDegreeMean
1 0.9326592905026794 4.416614063880822 1.7723577235772359 1.772357723577236
2 0.8134314421605378 5.0809320593678144 3.1299999999999994 3.130000000000001
3 0.733874003757434 4.069747166521363 5.419999999999999 5.419999999999998
4 0.6610625193333943 3.366110509209094 8.535000000000002 8.535000000000002
5 0.6283917401205832 3.183604381015597 12.24 12.239999999999995
6 0.5728366013065059 2.445161488583638 16.355000000000008 16.355000000000004
7 0.5235073389916084 2.2174187440832744 20.70000000000001 20.700000000000003
8 0.44085504931853775 2.0246177696995544 26.430000000000003 26.430000000000007
9 0.392472328954249 1.9020230687114312 31.430000000000003 31.430000000000003
10 0.38682176478850894 1.8482307912620104 34.84000000000001 34.839999999999996
11 0.3800948168316587 1.824458402768878 36.68499999999998 36.68499999999998
12 0.3688531311189208 1.8153647022993737 37.71999999999999 37.71999999999998
13 0.3648801625117414 1.8173618090452233 38.175000000000026 38.17499999999999
14 0.36649286938760617 1.8070402517638684 38.28000000000001 38.279999999999994
15 0.36920706131232445 1.808106187503176 38.335 38.33499999999995
16 0.36526133420870255 1.8089183290188338 38.27499999999999 38.275000000000034
17 0.3609957799431484 1.8080098987399316 38.42500000000003 38.425000000000004
18 0.3620130454340981 1.80667154869826 38.510000000000005 38.51000000000001
19 0.3597972061129954 1.811482412060306 38.51500000000001 38.51499999999999
20 0.3572934675566254 1.8064442817100559 38.44999999999998 38.45
21 0.36190520479994154 1.8057624807454349 38.519999999999996 38.519999999999996
22 0.3604686873107925 1.805964495846063 38.470000000000006 38.470000000000006
23 0.35855947040157543 1.8060149996212203 38.489999999999995 38.49000000000001
24 0.3558396250501511 1.8060149996212185 38.48500000000001 38.48499999999999
25 0.35832147937411096 1.8061412590591106 38.47000000000003 38.469999999999956
26 0.35852536747273595 1.80588874018333 38.48999999999998 38.48999999999999
27 0.35787731282468144 1.806457286432158 38.610000000000014 38.60999999999997
28 0.35823631323631333 1.8059547738693507 38.71999999999997 38.71999999999997
29 0.355813181602655 1.805804020100504 38.699999999999974 38.7
30 0.359001714264872 1.806005025125633 38.680000000000014 38.679999999999986
31 0.35593919830761905 1.8062060301507545 38.644999999999996 38.64500000000002
32 0.35917204654046747 1.8061306532663324 38.635 38.635000000000005
33 0.3573098807309333 1.8059296482412075 38.69000000000001 38.69
34 0.35908706277127317 1.8061809045226145 38.63499999999998 38.63499999999999
35 0.3592778203304519 1.8059296482412082 38.69499999999998 38.69500000000001
36 0.35798756246124674 1.8060552763819073 38.65000000000003 38.649999999999984
37 0.35743881533355193 1.805804020100501 38.69499999999997 38.69499999999999
38 0.3563070357807197 1.8057286432160748 38.705000000000005 38.704999999999984
39 0.3576997848050479 1.8057286432160788 38.71 38.709999999999965
40 0.35834430584430593 1.8058793969849238 38.67499999999999 38.675000000000004
41 0.35527884159463136 1.805678391959799 38.72000000000003 38.71999999999998
42 0.3536247583616007 1.8056783919598005 38.72 38.72
43 0.35705182915709216 1.8057286432160862 38.71000000000003 38.709999999999994
44 0.35547288178867126 1.8057537688442218 38.68999999999999 38.69
45 0.35426195426195434 1.8056030150753812 38.71499999999996 38.714999999999996
46 0.35740051792683336 1.805879396984926 38.669999999999966 38.669999999999995
47 0.35533957033957025 1.805829145728644 38.68500000000002 38.684999999999995
48 0.35554579883527254 1.8058542713567831 38.669999999999995 38.67
49 0.35847393952657103 1.8059296482412075 38.675000000000026 38.674999999999976
50 0.3542537476748004 1.8059547738693482 38.65499999999997 38.655
51 0.3569320129846446 1.8060301507537677 38.65499999999999 38.654999999999966
52 0.3566021081810553 1.8056783919598023 38.714999999999996 38.715
53 0.3563579166210745 1.8060050251256288 38.69000000000003 38.690000000000005
54 0.35442608600503334 1.8057537688442216 38.725000000000016 38.725
55 0.3575393004340375 1.8058793969849283 38.69000000000002 38.69000000000001
56 0.3596241383083489 1.8057035175879403 38.73 38.73
57 0.3541767881241566 1.8057035175879375 38.730000000000004 38.72999999999999
58 0.35686599555020637 1.805929648241204 38.69499999999998 38.694999999999986
59 0.3552854068643542 1.8060301507537726 38.67 38.669999999999995
60 0.35686417186417185 1.806155778894476 38.67 38.66999999999999
61 0.3586750920961449 1.806055276381908 38.66500000000002 38.66499999999999
62 0.3576354086880403 1.8060552763819084 38.67999999999998 38.67999999999999
63 0.35868384578910906 1.805854271356784 38.68499999999999 38.68499999999999
64 0.3568112849691798 1.8058291457286424 38.680000000000014 38.68000000000001
65 0.3605525160788319 1.806055276381908 38.675000000000004 38.675000000000004
66 0.35796896086369756 1.8057035175879361 38.69999999999998 38.699999999999996
67 0.36012784039099816 1.8055276381909562 38.75000000000001 38.749999999999986
68 0.3569072108545793 1.8060050251256297 38.67500000000002 38.674999999999976
69 0.35306361016887366 1.8059547738693424 38.65500000000001 38.65499999999996
70 0.35518200386621457 1.8057788944723603 38.70499999999999 38.70500000000001
