# index clusteringCoefficient averagePathLength inDegreeMean outDegreeMean
1 0.9359174700638115 4.448705656759345 1.75609756097561 1.7560975609756098
2 0.8238817134276114 4.876525899043205 3.0549999999999997 3.0550000000000015
3 0.7313855774559641 3.3114025213867597 5.6099999999999985 5.610000000000003
4 0.6667090970331161 3.1265516197396392 9.080000000000002 9.08
5 0.6328771008450443 2.7778419760219695 13.005000000000003 13.004999999999999
6 0.5810061814090531 2.4970511047774844 18.17999999999999 18.180000000000003
7 0.5106512392884442 2.186983303614858 23.95000000000001 23.949999999999996
8 0.4486182406517767 1.945581867750041 31.009999999999998 31.009999999999994
9 0.4262888555705346 1.8361852371003125 36.869999999999976 36.869999999999976
10 0.4289648710977951 1.8159237658821052 40.15500000000001 40.155
11 0.4227355943557552 1.7981195120055953 41.65999999999998 41.66000000000001
12 0.4226911813423441 1.8015770757099443 42.510000000000005 42.510000000000005
13 0.41355667136481117 1.8022600311200658 42.795000000000016 42.795
14 0.4154766267324411 1.7878733218233793 42.820000000000014 42.82
15 0.416409585892144 1.7856373705260968 43.11500000000004 43.11500000000003
16 0.41789921842285344 1.7879042954800537 43.315 43.315
17 0.4131323853690696 1.7834094329515568 43.72500000000001 43.725
18 0.41410453370918504 1.783690023722681 43.8 43.79999999999998
19 0.4133251115809255 1.7807565747519307 43.82000000000001 43.82000000000004
20 0.4105979915433403 1.7761027359017278 44.17000000000001 44.17
21 0.40525155038759686 1.7760157571778457 44.37499999999999 44.37499999999999
22 0.40779058022081266 1.7755612232014386 44.464999999999996 44.46499999999998
23 0.40460372327930466 1.7772864321608073 44.580000000000005 44.57999999999999
24 0.40819003993422603 1.775929648241207 44.724999999999994 44.724999999999994
25 0.40465961945031703 1.7754522613065291 44.71499999999998 44.71499999999998
26 0.40263800798684485 1.7753517587939742 44.72499999999999 44.725000000000016
27 0.40397650927883516 1.7754020100502512 44.70000000000001 44.699999999999974
28 0.4047830631900398 1.7754773869346738 44.68500000000001 44.68499999999997
29 0.40430725863283995 1.775201005025127 44.735000000000014 44.735
30 0.4048611698379141 1.7753266331658322 44.71000000000002 44.71
31 0.4019734554850835 1.7752010050251301 44.74 44.73999999999998
32 0.4039877848249943 1.7755778894472365 44.65999999999999 44.65999999999999
33 0.4028556495184402 1.7753015075376877 44.714999999999996 44.715
34 0.4059862579281183 1.7754020100502534 44.694999999999986 44.695000000000014
35 0.40351221517500563 1.7751758793969827 44.73999999999999 44.74000000000001
36 0.40225499177824764 1.775502512562813 44.68000000000001 44.679999999999986
37 0.404313483673949 1.7754271356783897 44.689999999999976 44.68999999999998
38 0.4052197556964995 1.7754271356783884 44.689999999999976 44.68999999999999
39 0.40329586563307496 1.775552763819094 44.665000000000006 44.664999999999985
40 0.4046302560488607 1.7754271356783935 44.68999999999999 44.69000000000001
41 0.40287315010570846 1.7754271356783966 44.695 44.69499999999998
42 0.404222926943857 1.7754271356783913 44.69500000000002 44.69499999999999
43 0.4012827443873955 1.7758291457286395 44.62000000000002 44.62000000000001
44 0.40573067888184183 1.775527638190951 44.680000000000014 44.68
45 0.40624160206718385 1.775527638190951 44.68 44.68000000000001
46 0.40692600422833 1.7753517587939696 44.71500000000003 44.715
47 0.4029507869391587 1.7755276381909584 44.67499999999997 44.67499999999999
48 0.4054597134132018 1.7755527638190962 44.66500000000001 44.66499999999998
49 0.4059289405684755 1.7753517587939702 44.704999999999984 44.705000000000005
50 0.4090899694620625 1.7754522613065373 44.694999999999986 44.69499999999999
51 0.4079335212591026 1.7756532663316582 44.65499999999998 44.65499999999999
52 0.4032516527400245 1.7755276381909562 44.675000000000026 44.675
53 0.4020377026074701 1.7753015075376921 44.73500000000003 44.73500000000001
54 0.4044565421658447 1.7751256281407057 44.75000000000003 44.74999999999999
55 0.4016296687808314 1.7754522613065327 44.69500000000002 44.695
56 0.40332616866337795 1.7754271356783935 44.68999999999999 44.68999999999997
57 0.4071748884190745 1.7754271356783913 44.69 44.689999999999976
58 0.40438583509513776 1.775577889447234 44.66499999999999 44.665000000000006
59 0.4035692976274371 1.775628140703519 44.65499999999999 44.655
60 0.4047110641296689 1.7752261306532697 44.73500000000001 44.735000000000035
61 0.4081826403570592 1.7751758793969863 44.74000000000002 44.739999999999974
62 0.4008941743011515 1.7753768844221114 44.69999999999999 44.69999999999997
63 0.4048807845900867 1.7752010050251263 44.73499999999999 44.73500000000001
64 0.40392764857881164 1.7754522613065384 44.69500000000001 44.694999999999986
65 0.4059074465586092 1.7754020100502506 44.7 44.69999999999996
66 0.40660946676062953 1.7752010050251303 44.74499999999998 44.74499999999998
67 0.40409361052384307 1.7753517587939713 44.705000000000034 44.704999999999984
68 0.40261404745125695 1.7756532663316609 44.660000000000004 44.65999999999997
69 0.4065440451021846 1.7753266331658266 44.72000000000001 44.72000000000001
70 0.40226591496358904 1.775552763819102 44.675000000000004 44.67500000000001
