# index clusteringCoefficient averagePathLength inDegreeMean outDegreeMean
1 0.9263508483427593 4.596010604721612 1.9756097560975612 1.9756097560975607
2 0.8138051047048168 4.44442504909449 3.3400000000000007 3.339999999999999
3 0.722543601220395 3.3944451442247146 5.800000000000004 5.800000000000001
4 0.6287508040823684 3.0937452673027472 9.084999999999994 9.085
5 0.6155559732932834 2.9619977568120333 13.079999999999997 13.080000000000002
6 0.6059531270006586 2.5361005134677863 18.19 18.19
7 0.5413103540983931 2.2812574738912064 23.56 23.56
8 0.488922080322169 1.9821955302808831 29.804999999999993 29.804999999999996
9 0.435420201747149 1.8699444885011902 34.83000000000002 34.830000000000005
10 0.41600868591660406 1.820385398218394 37.505000000000024 37.50500000000002
11 0.416156718527129 1.8243558518138723 39.54000000000003 39.540000000000006
12 0.40978652443679336 1.8046354220080019 40.84499999999998 40.84500000000001
13 0.40077067861681326 1.7950979386729582 41.25500000000001 41.255
14 0.39902062985132214 1.7928985026656101 41.57500000000002 41.57500000000002
15 0.3944046294354382 1.7869805882202885 41.959999999999994 41.959999999999994
16 0.3961189736927663 1.7859857663954297 42.02999999999999 42.029999999999994
17 0.39550441617372956 1.7861276077356472 42.24000000000001 42.24
18 0.393812629986765 1.7858991929343762 42.24 42.24
19 0.39523782513572636 1.7859499517790982 42.220000000000006 42.22
20 0.3890671400824548 1.7869597989949748 42.555000000000014 42.55500000000001
21 0.3915849607001056 1.7859045226130594 42.73 42.72999999999998
22 0.39360424600923716 1.7875879396984895 42.70000000000001 42.699999999999996
23 0.3898533344137427 1.7875376884422067 42.70000000000002 42.699999999999996
24 0.3902814466682868 1.7874874371859304 42.669999999999995 42.66999999999997
25 0.3898857466979983 1.786532663316586 42.68999999999999 42.68999999999998
26 0.39112281554709244 1.786758793969847 42.66500000000003 42.665000000000006
27 0.39063163438943355 1.7868341708542677 42.67999999999998 42.68000000000001
28 0.3923371957972071 1.7865075376884423 42.67 42.66999999999999
29 0.39230127218215666 1.7859296482412028 42.69499999999997 42.69499999999998
30 0.39035491451259985 1.7856783919598045 42.685000000000024 42.685
31 0.3897791913135075 1.7857537688442247 42.68499999999997 42.684999999999995
32 0.39093077276287697 1.7858542713567802 42.660000000000004 42.66
33 0.38983172622423884 1.7856783919598034 42.69000000000001 42.68999999999998
34 0.38773032979499206 1.785527638190957 42.70499999999997 42.70500000000002
35 0.3880745752640247 1.7855276381909562 42.690000000000005 42.68999999999999
36 0.39072117332469 1.7854773869346756 42.69500000000003 42.695
37 0.39050333576425444 1.7853768844221127 42.71500000000002 42.714999999999996
38 0.3895496043000295 1.785477386934674 42.69499999999999 42.69499999999997
39 0.3883510250384894 1.7854773869346718 42.720000000000006 42.72
40 0.39216811171433946 1.7854773869346667 42.71 42.71000000000001
41 0.39121627096669626 1.7853768844221132 42.72500000000001 42.72499999999999
42 0.39154282473057284 1.7857035175879437 42.65000000000001 42.65
43 0.38969127299246403 1.7857537688442233 42.65 42.65000000000001
44 0.3897906706641814 1.785603015075374 42.664999999999985 42.66499999999999
45 0.3881804553925936 1.7858542713567802 42.64 42.63999999999999
46 0.39148515787483434 1.785527638190957 42.695 42.69499999999996
47 0.3902371498798044 1.7855025125628126 42.68999999999996 42.69
48 0.39176349836588076 1.7855778894472383 42.680000000000035 42.67999999999999
49 0.3895909299624556 1.7854773869346756 42.69000000000001 42.68999999999998
50 0.3873034330011075 1.7854271356783926 42.710000000000015 42.70999999999998
51 0.38622356373065386 1.785603015075376 42.68000000000003 42.68000000000001
52 0.3862061421278664 1.785678391959799 42.66500000000002 42.664999999999985
53 0.3867375685384755 1.7855025125628154 42.695 42.694999999999986
54 0.3886078923912157 1.7855778894472398 42.67999999999999 42.67999999999997
55 0.3883584528536314 1.7853768844221047 42.70999999999999 42.70999999999999
56 0.3880678227048051 1.7854271356783895 42.70499999999998 42.705000000000005
57 0.3872388785349644 1.7854773869346707 42.69499999999996 42.695
58 0.3891418847743292 1.7852261306532644 42.745000000000005 42.74499999999999
59 0.38887043189368753 1.785552763819099 42.68999999999997 42.68999999999997
60 0.38791683548064704 1.785452261306535 42.71499999999999 42.71500000000002
61 0.3880098857466978 1.785603015075382 42.69000000000001 42.69
62 0.38827053453258775 1.785527638190951 42.68499999999999 42.684999999999974
63 0.38819315020392703 1.7856281407035117 42.67000000000002 42.669999999999966
64 0.38829214272209145 1.785728643216081 42.65000000000001 42.65000000000001
65 0.3862496286092428 1.7856030150753768 42.66499999999999 42.66499999999998
66 0.38659671015314795 1.7854773869346734 42.704999999999984 42.70500000000001
67 0.3895855279150796 1.7855276381909548 42.694999999999986 42.69500000000001
68 0.3921852632147585 1.7856783919598005 42.67500000000001 42.675
69 0.3885504956378463 1.785402010050249 42.71499999999998 42.71500000000001
70 0.38720363017583664 1.7856281407035162 42.67500000000001 42.67499999999998
