# index clusteringCoefficient averagePathLength inDegreeMean outDegreeMean
1 0.9115894336997201 4.876304554079717 1.8292682926829265 1.8292682926829267
2 0.8307238832415585 4.025986603179726 3.0500000000000003 3.0499999999999985
3 0.7164995667144061 3.1132382502153755 5.360000000000003 5.360000000000001
4 0.6577745726250971 3.6440939722950163 9.040000000000001 9.040000000000004
5 0.6361565702886819 2.7817013287117254 13.74 13.740000000000004
6 0.6260674412179169 2.52581118734459 19.589999999999993 19.589999999999986
7 0.6003815521190329 2.1805592543275574 25.71 25.70999999999998
8 0.5358519038021086 2.005349439171716 29.884999999999994 29.885000000000005
9 0.48900582253295183 1.901308093161757 35.100000000000016 35.099999999999994
10 0.4612984290257852 1.8272189965370895 39.16500000000002 39.16499999999999
11 0.4385896180035346 1.8063909290039966 41.785000000000004 41.78500000000001
12 0.4242397181513413 1.7905424558690959 43.144999999999996 43.14499999999998
13 0.42228251221590435 1.7978275214456085 43.93500000000001 43.93499999999997
14 0.4221418599937309 1.7768027957044088 44.63999999999999 44.640000000000015
15 0.4208537549407116 1.780924826150956 44.755 44.75499999999998
16 0.41567801932367165 1.7754682503426193 44.894999999999996 44.89499999999998
17 0.4152593324549846 1.773387137708748 45.044999999999966 45.04500000000002
18 0.4180644028760813 1.7767985656927823 45.07500000000002 45.07499999999999
19 0.4160593305174509 1.7713060250748767 45.07999999999997 45.080000000000034
20 0.4183850602802216 1.7758894977399537 45.14999999999997 45.15000000000001
21 0.4147588932806326 1.775535971313855 45.22500000000001 45.22500000000001
22 0.4112931488801055 1.7756117269765934 45.204999999999984 45.205
23 0.4169874835309617 1.77561172697659 45.205 45.205
24 0.41353337725076905 1.7753339562132313 45.249999999999986 45.25
25 0.40830215195432584 1.770854271356786 45.599999999999994 45.599999999999994
26 0.41303184014053584 1.770376884422112 45.69999999999999 45.7
27 0.41528656126482233 1.7704020100502544 45.695 45.694999999999986
28 0.4101482213438736 1.7702512562814097 45.725 45.72499999999998
29 0.4120755379885812 1.7703768844221097 45.70500000000001 45.705000000000005
30 0.41326262626262655 1.7704773869346744 45.675 45.67500000000001
31 0.40937417654808933 1.770326633165827 45.70500000000001 45.705
32 0.4116657883179623 1.7703015075376862 45.71 45.710000000000015
33 0.41105270092226603 1.7705527638190925 45.660000000000004 45.660000000000004
34 0.4112971014492755 1.7705527638190903 45.660000000000025 45.66
35 0.4104804567413265 1.7705276381909607 45.665000000000006 45.664999999999964
36 0.4126400966183576 1.7703266331658292 45.70499999999998 45.70500000000002
37 0.41372683355292067 1.770577889447239 45.66000000000002 45.65999999999998
38 0.41198001756697417 1.7703768844221046 45.69999999999998 45.699999999999996
39 0.4126703996486607 1.7704271356783898 45.684999999999995 45.684999999999995
40 0.4121462450592886 1.7704773869346733 45.68499999999997 45.685
41 0.41281444883618795 1.7704522613065319 45.685 45.684999999999995
42 0.4151051822573564 1.7704773869346726 45.680000000000014 45.680000000000014
43 0.4159848484848488 1.7704271356783938 45.69499999999999 45.695
44 0.4118801054018444 1.7703266331658292 45.70499999999999 45.70500000000003
45 0.413364953886693 1.770427135678392 45.68499999999998 45.68500000000001
46 0.40975010979358784 1.7705527638190948 45.664999999999985 45.664999999999985
47 0.4105854194115064 1.7701758793969824 45.73999999999999 45.73999999999999
48 0.4122942468159859 1.770301507537693 45.71000000000001 45.71000000000002
49 0.41207571161565104 1.7703266331658203 45.705000000000005 45.70499999999999
50 0.4152863416776457 1.7704773869346668 45.67499999999999 45.67500000000002
51 0.4125248133509003 1.770552763819097 45.66999999999998 45.66999999999999
52 0.4099773825208608 1.7706030150753798 45.64999999999999 45.65000000000001
53 0.41101032059727716 1.7704522613065345 45.68 45.680000000000014
54 0.41015744400527004 1.770552763819091 45.66000000000001 45.66
55 0.4121253842775583 1.7704271356783956 45.68500000000003 45.68500000000002
56 0.4113107158541945 1.77025125628141 45.73000000000002 45.72999999999998
57 0.41124637681159404 1.7704271356783932 45.68500000000001 45.684999999999995
58 0.41312121212121233 1.7705025125628149 45.675 45.67499999999998
59 0.41272288098375065 1.7705025125628104 45.66999999999998 45.669999999999995
60 0.4104622310057095 1.7705778894472377 45.655 45.65499999999998
61 0.4078732981993853 1.7706532663316605 45.639999999999965 45.64
62 0.4106176987263945 1.770804020100504 45.620000000000005 45.62000000000003
63 0.4097771190162496 1.7708542713567803 45.60500000000002 45.60499999999999
64 0.41111330698287213 1.7705276381909547 45.665000000000006 45.665
65 0.4079139218269656 1.7702763819095535 45.71499999999999 45.714999999999996
66 0.41447364953886684 1.770577889447239 45.655 45.65500000000001
67 0.41269499341238436 1.7706783919598013 45.63999999999998 45.64000000000001
68 0.41326928537140906 1.7705025125628144 45.66999999999997 45.67000000000002
69 0.4122472551602987 1.7701256281407056 45.745 45.745000000000005
70 0.41542226613965744 1.770376884422108 45.70499999999999 45.70499999999999
