# index clusteringCoefficient averagePathLength inDegreeMean outDegreeMean
1 0.9250659036837898 4.61842569714084 1.943089430894308 1.9430894308943099
2 0.8053940545925848 3.8236356497840585 3.3599999999999994 3.3600000000000008
3 0.7299679328731321 3.7473261205564166 5.784999999999999 5.784999999999999
4 0.6524005387059526 3.532168923764922 8.695000000000002 8.695
5 0.645138227077518 2.7383966244725664 13.220000000000008 13.219999999999995
6 0.6056520911355893 2.5565152515136558 17.855000000000008 17.85500000000001
7 0.550684223583416 2.2390170236133855 23.35 23.350000000000023
8 0.501064102067496 2.018528685149604 28.010000000000005 28.00999999999999
9 0.44765294133474426 1.8812177585331318 32.78 32.780000000000044
10 0.41868638986047224 1.8246777163904244 36.000000000000014 35.99999999999998
11 0.39320552535005093 1.8101182998324943 37.12000000000001 37.12
12 0.38409483226974794 1.8044581883777842 38.250000000000014 38.250000000000014
13 0.37767648141332344 1.8025843503230445 38.785000000000004 38.78500000000003
14 0.37533284526305133 1.8023110476239037 38.97500000000001 38.97500000000002
15 0.3692759784075575 1.8012928966440271 39.49999999999999 39.49999999999999
16 0.37158097165991905 1.8013819095477408 39.65000000000003 39.649999999999984
17 0.37357995951417 1.8016331658291498 39.730000000000004 39.72999999999999
18 0.37184581646423764 1.8027386934673302 39.695 39.695
19 0.3704675292701608 1.8016834170854292 39.685000000000024 39.68499999999998
20 0.3703144399460189 1.8010552763819103 39.71 39.71000000000002
21 0.3692462887989202 1.8011809045226097 39.67000000000003 39.66999999999997
22 0.36874595141700434 1.8010050251256282 39.68000000000001 39.68
23 0.3680802968960863 1.8013065326633158 39.675 39.67499999999999
24 0.36633299595141694 1.8012060301507515 39.67499999999999 39.67499999999999
25 0.36556646423751665 1.8008542713567774 39.69499999999999 39.695
26 0.36358164642375146 1.8007537688442197 39.73000000000002 39.72999999999998
27 0.36759919028340077 1.800879396984929 39.69499999999995 39.69500000000001
28 0.3635414979757088 1.800753768844219 39.68999999999998 39.68999999999999
29 0.3646518218623481 1.8008291457286403 39.66499999999999 39.66499999999996
30 0.36805533063427837 1.8008542713567839 39.67999999999999 39.68
31 0.36168286099865044 1.8007788944723677 39.67 39.67000000000001
32 0.3620772604588398 1.8005276381909547 39.719999999999985 39.71999999999999
33 0.36125303643724715 1.8006030150753798 39.72500000000001 39.72499999999999
34 0.36532017543859674 1.800603015075377 39.705000000000034 39.70500000000001
35 0.3627017543859648 1.8004271356783883 39.765000000000036 39.764999999999986
36 0.36544055695371475 1.800829145728647 39.68499999999997 39.68499999999999
37 0.36310323886639645 1.8005276381909536 39.73499999999997 39.73499999999999
38 0.3593979738848159 1.8008793969849268 39.67999999999998 39.679999999999986
39 0.36324966261808356 1.8009798994974888 39.64499999999999 39.644999999999996
40 0.3650266531713901 1.8007286432160856 39.720000000000034 39.72
41 0.36538427800269896 1.8007537688442123 39.69500000000002 39.69500000000001
42 0.36802159244264493 1.800628140703521 39.71999999999996 39.719999999999985
43 0.3641740890688257 1.8006783919597917 39.68499999999999 39.68499999999998
44 0.36754116059379227 1.8008040201005024 39.684999999999995 39.68499999999998
45 0.3671646423751686 1.8008040201005013 39.69499999999998 39.695
46 0.3653147773279354 1.8007035175879411 39.70000000000001 39.700000000000024
47 0.36838765182186217 1.8006783919597982 39.71499999999999 39.71500000000003
48 0.36662685560053965 1.8007788944723535 39.715000000000025 39.714999999999996
49 0.36422199730094484 1.8009798994974904 39.669999999999995 39.67
50 0.3682415654520918 1.8007788944723566 39.684999999999974 39.684999999999995
51 0.3701464237516868 1.8006281407035138 39.695 39.694999999999986
52 0.3656481106612685 1.8009547738693537 39.66000000000003 39.65999999999999
53 0.366955802968961 1.800552763819092 39.72 39.71999999999999
54 0.366076585695007 1.8007286432160774 39.68499999999996 39.684999999999995
55 0.3648006072874495 1.8008291457286334 39.660000000000004 39.659999999999975
56 0.3660266531713902 1.8007537688442181 39.685000000000024 39.68499999999998
57 0.3646109986504722 1.8007286432160772 39.71500000000003 39.71500000000002
58 0.36579790823211866 1.8008793969849262 39.69000000000001 39.689999999999976
59 0.36428744939271274 1.800577889447239 39.71999999999999 39.71999999999999
60 0.3664028340080974 1.8006281407035154 39.72000000000001 39.71999999999999
61 0.3656437246963562 1.8005778894472362 39.70999999999998 39.709999999999994
62 0.3630924426450742 1.8004271356783927 39.735 39.73499999999998
63 0.36241464237516896 1.8007286432160818 39.695000000000014 39.695
64 0.3663643724696356 1.8005276381909496 39.714999999999996 39.71499999999999
65 0.36331646423751673 1.8006783919597962 39.689999999999976 39.69
66 0.36792273954116084 1.8006532663316641 39.694999999999986 39.69499999999999
67 0.36424561403508754 1.800854271356781 39.644999999999996 39.64499999999997
68 0.36352429149797577 1.8008793969849224 39.67999999999999 39.680000000000014
69 0.36342037786774645 1.800577889447234 39.69499999999999 39.695000000000014
70 0.36800067476383275 1.8006281407035165 39.71 39.71
