# index clusteringCoefficient averagePathLength inDegreeMean outDegreeMean
1 0.9372417570144704 4.3702632780398725 1.7479674796747962 1.7479674796747968
2 0.8125460838688686 4.234835578958244 3.2400000000000007 3.2399999999999998
3 0.7035108381172266 3.635361156545141 5.570000000000001 5.570000000000001
4 0.6603347496637961 3.124902297952166 9.470000000000002 9.47
5 0.588003387551801 2.7737872675391015 13.2 13.200000000000005
6 0.5637843765601358 2.3790059326123516 18.88999999999999 18.89
7 0.47468766786239514 2.0739683149831207 24.890000000000004 24.89
8 0.42256359738807936 1.904720517138357 30.639999999999997 30.639999999999997
9 0.4101642103635221 1.8500601363089662 34.66500000000001 34.664999999999985
10 0.4058205107806905 1.81728749567946 37.465000000000025 37.46500000000001
11 0.4064043213206328 1.815472097328749 38.46500000000001 38.46499999999999
12 0.4060324659395831 1.8076319095477396 39.254999999999995 39.254999999999995
13 0.39589360197949824 1.8074651608558232 39.699999999999996 39.70000000000002
14 0.3953235727686944 1.8074043687826855 40.24 40.23999999999997
15 0.39083984361343865 1.8003538098656577 40.37999999999999 40.38
16 0.3933805851608938 1.797379755922468 40.539999999999985 40.53999999999997
17 0.38896731566005793 1.802454483472637 40.94500000000001 40.945
18 0.3888481416957025 1.8015706674073835 41.09 41.08999999999997
19 0.38780468868353274 1.796974823868085 41.16000000000002 41.16
20 0.3935987224157955 1.7960910078028334 41.27499999999997 41.27500000000001
21 0.3839332171893147 1.7960301507537684 41.45500000000002 41.45499999999999
22 0.3855548780487802 1.7957035175879408 41.484999999999964 41.484999999999964
23 0.38903455284552835 1.795728643216073 41.48999999999999 41.48999999999996
24 0.3859465737514517 1.7955025125628186 41.494999999999976 41.49499999999999
25 0.3820859465737518 1.795603015075379 41.490000000000016 41.49000000000001
26 0.3852517421602785 1.7955527638190962 41.48500000000002 41.48499999999998
27 0.38224419279907096 1.7955527638190985 41.49499999999998 41.495
28 0.3831861207897794 1.7956281407035162 41.48000000000004 41.48
29 0.38339605110336833 1.7958040201005019 41.469999999999985 41.46999999999999
30 0.38161120789779324 1.7955276381909526 41.475 41.47499999999999
31 0.3819610917537746 1.7903840812100698 41.51999999999999 41.520000000000024
32 0.3831883610380428 1.7910552763819065 41.61000000000003 41.609999999999985
33 0.37830923344947726 1.7907035175879416 41.66 41.65999999999997
34 0.37972270615563297 1.7907537688442203 41.665 41.664999999999985
35 0.3816065621370498 1.79072864321608 41.65500000000001 41.65499999999997
36 0.3798673054587688 1.7905527638191012 41.699999999999974 41.69999999999997
37 0.3813382694541233 1.7905778894472442 41.69500000000001 41.69499999999998
38 0.3818661440185831 1.7903768844221113 41.72 41.71999999999998
39 0.38214459930313593 1.7908040201004989 41.65000000000002 41.649999999999984
40 0.3777711962833916 1.7907788944723666 41.65500000000001 41.654999999999966
41 0.3818069105691054 1.7907537688442219 41.65000000000003 41.64999999999998
42 0.3822029616724738 1.7906532663316554 41.66999999999999 41.66999999999998
43 0.3789134727061556 1.7906532663316612 41.675 41.67499999999999
44 0.37954181184668995 1.7907788944723566 41.64999999999999 41.64999999999996
45 0.37852816492450636 1.7904271356783883 41.73000000000002 41.730000000000004
46 0.3788083623693384 1.7905778894472317 41.680000000000014 41.68
47 0.3814808362369337 1.7904773869346733 41.695000000000014 41.69499999999997
48 0.38145963995354243 1.7904522613065295 41.7 41.70000000000001
49 0.3803022648083625 1.7905276381909494 41.694999999999965 41.69499999999999
50 0.38296022067363544 1.7907035175879382 41.66499999999999 41.66499999999998
51 0.38121893147502894 1.7905778894472373 41.7 41.69999999999998
52 0.3844799651567943 1.7907035175879389 41.67999999999999 41.680000000000014
53 0.3826071428571432 1.790879396984921 41.640000000000015 41.640000000000015
54 0.3797709059233448 1.7907788944723593 41.66000000000002 41.659999999999975
55 0.3780952380952379 1.7906030150753784 41.69000000000001 41.689999999999976
56 0.38115161261502734 1.790502512562814 41.71999999999999 41.720000000000006
57 0.3842880371660859 1.7904020100502502 41.71499999999998 41.71499999999997
58 0.3822047038327528 1.7905025125628082 41.71499999999999 41.715
59 0.38140127758420433 1.7906281407035158 41.67500000000002 41.675
60 0.3843603368176538 1.7904522613065341 41.705000000000005 41.70499999999999
61 0.38631358885017425 1.7905276381909552 41.69499999999998 41.695000000000014
62 0.3776019163763065 1.7905778894472377 41.69500000000001 41.69499999999997
63 0.37851771196283374 1.7904271356783923 41.71000000000004 41.71000000000001
64 0.37982317073170735 1.7905778894472337 41.699999999999974 41.69999999999997
65 0.37956707317073163 1.7905276381909596 41.694999999999986 41.69499999999999
66 0.38120238095238085 1.7907537688442237 41.665 41.66499999999998
67 0.3809776422764227 1.7906030150753776 41.68499999999999 41.68499999999999
68 0.3813809523809525 1.79065326633166 41.68000000000001 41.68
69 0.37951074332171864 1.7904271356783905 41.71 41.70999999999999
70 0.3805351335656214 1.7906532663316572 41.68000000000001 41.67999999999999
