# index clusteringCoefficient averagePathLength inDegreeMean outDegreeMean
1 0.9247509942631894 4.432700551132911 1.8861788617886184 1.8861788617886184
2 0.8231227597048262 3.7350144687887585 3.2949999999999986 3.294999999999999
3 0.7147294340383958 3.7376246941464313 5.615000000000003 5.614999999999997
4 0.6823168768864568 3.3375489428347622 9.484999999999996 9.484999999999996
5 0.6672862878475664 2.8096204652361556 14.134999999999996 14.135
6 0.5853399329038554 2.478316674859353 20.110000000000003 20.11
7 0.511927516806645 2.143800106894717 25.815000000000005 25.814999999999998
8 0.45099764933717634 1.9293968321125412 32.140000000000015 32.14000000000001
9 0.42170693338849746 1.8495829663782855 37.354999999999976 37.354999999999954
10 0.41792982360624753 1.8106511941149044 40.75000000000001 40.75000000000003
11 0.42001262788022237 1.7836632140293334 42.76499999999997 42.76500000000001
12 0.42057356596891493 1.7819299543402305 43.684999999999995 43.68499999999998
13 0.42306213295748185 1.775920418418633 43.809999999999995 43.80999999999998
14 0.4144153189618305 1.776088564650666 43.95000000000002 43.95000000000001
15 0.4132132957481794 1.7757059408718627 44.01999999999999 44.019999999999996
16 0.4112199797618403 1.7761027359017243 44.124999999999964 44.12499999999999
17 0.411450645994832 1.7758642458523775 44.39500000000003 44.39500000000001
18 0.41094832041343676 1.7753087043256512 44.49499999999999 44.495000000000005
19 0.4092616866337797 1.775434963763542 44.46500000000003 44.46499999999999
20 0.4084335212591026 1.7755864750890173 44.460000000000015 44.45999999999997
21 0.40871670190274834 1.7754854675386986 44.46999999999999 44.46999999999999
22 0.407085016533854 1.7759798994974811 44.590000000000025 44.59
23 0.40563424947145904 1.775427135678392 44.71 44.709999999999994
24 0.40733474277660336 1.775502512562814 44.680000000000014 44.68000000000001
25 0.4065388771435282 1.775502512562817 44.70499999999998 44.704999999999984
26 0.4010315950199672 1.775577889447237 44.67499999999998 44.675000000000004
27 0.4028074935400515 1.775351758793972 44.70999999999999 44.71
28 0.40273244068592917 1.7753768844221114 44.699999999999996 44.69999999999997
29 0.40470918487197566 1.7753768844221098 44.70500000000003 44.70500000000003
30 0.40371787643880674 1.7755778894472376 44.67000000000001 44.670000000000016
31 0.40414716936809947 1.7753015075376892 44.71500000000001 44.714999999999975
32 0.40432581630256065 1.7753266331658346 44.715000000000025 44.715
33 0.40383497768381466 1.7754773869346727 44.68000000000001 44.679999999999986
34 0.4013374442095372 1.775326633165827 44.709999999999965 44.71
35 0.4035333568240545 1.7752763819095445 44.729999999999976 44.730000000000025
36 0.40483509513742083 1.7753266331658322 44.71499999999998 44.71500000000002
37 0.40540603711533946 1.7753266331658248 44.71 44.71
38 0.40759090909090934 1.7753768844221098 44.7 44.69999999999998
39 0.40518369743951177 1.7753517587939684 44.709999999999994 44.71000000000001
40 0.4084099130843314 1.7755025125628163 44.67500000000004 44.67499999999999
41 0.40661557434813245 1.7753768844221114 44.705000000000005 44.70500000000002
42 0.4057952783650457 1.7753768844221103 44.699999999999974 44.699999999999974
43 0.4031992013154803 1.7753015075376875 44.714999999999996 44.71500000000001
44 0.40351479915433414 1.7756281407035184 44.655 44.65499999999999
45 0.4022432464176651 1.7753768844221143 44.70000000000002 44.70000000000002
46 0.4067918722104767 1.7755276381909544 44.68500000000001 44.684999999999995
47 0.4026853417899928 1.7755527638190935 44.669999999999995 44.669999999999995
48 0.40664094432699094 1.775276381909547 44.725000000000016 44.72499999999999
49 0.4043039531527908 1.775603015075379 44.655 44.65500000000004
50 0.4051517500587266 1.7755276381909555 44.66999999999999 44.67
51 0.4033399778516059 1.775427135678392 44.70000000000004 44.7
52 0.4027352595724688 1.7756030150753812 44.655 44.65499999999998
53 0.40629938924124986 1.775376884422115 44.70000000000002 44.70000000000001
54 0.40429880197322016 1.7755025125628114 44.67500000000001 44.67499999999996
55 0.40210570824524283 1.775552763819094 44.67000000000004 44.67
56 0.40432616866337817 1.775653266331656 44.65000000000001 44.64999999999997
57 0.40147968052619215 1.7755025125628103 44.675000000000004 44.675
58 0.3976817007282122 1.7757788944723647 44.62499999999998 44.624999999999986
59 0.40284366925064574 1.775477386934673 44.68000000000001 44.68
60 0.40372233967582793 1.7754271356783926 44.69000000000002 44.69
61 0.4015157387831806 1.7755527638190944 44.67 44.67
62 0.4023468404980031 1.7754773869346672 44.68 44.68
63 0.4003202959830865 1.775276381909548 44.719999999999985 44.72
64 0.4026650223161852 1.7753015075376914 44.714999999999975 44.715000000000025
65 0.40485247827108284 1.7754522613065349 44.68999999999999 44.68999999999999
66 0.40405297157622727 1.7753266331658288 44.71 44.71
67 0.40233697439511373 1.7754522613065304 44.685 44.684999999999974
68 0.4030880902043693 1.7753517587939718 44.70500000000002 44.705
69 0.40356730091613824 1.775402010050249 44.695000000000014 44.694999999999986
70 0.40360147991543344 1.7755778894472343 44.65999999999999 44.65999999999999
