# index clusteringCoefficient averagePathLength inDegreeMean outDegreeMean
1 0.9267336303217539 4.055622152960916 1.9918699186991864 1.9918699186991864
2 0.8134278725003468 4.210716697212322 3.1900000000000013 3.1900000000000026
3 0.7297727156555972 3.824363177805798 5.7700000000000005 5.770000000000003
4 0.6248203132317258 2.9507257957118127 8.940000000000008 8.940000000000003
5 0.5677415268252168 2.610416998249251 13.230000000000004 13.229999999999999
6 0.5742571291937978 2.356344935631085 18.005000000000003 18.00500000000001
7 0.5116882615126014 2.237183306380672 24.085000000000008 24.084999999999994
8 0.49188907663231923 2.0547341404898796 28.475 28.475
9 0.46807503755113733 1.9625209267159902 32.120000000000005 32.12000000000001
10 0.4499211165397511 1.8648269158070963 35.13999999999999 35.14
11 0.4352079161903217 1.820052104316065 37.729999999999976 37.73000000000002
12 0.4204386880142931 1.8259596953841364 39.38000000000001 39.38000000000002
13 0.4032575631811334 1.8140185463399472 39.925 39.92500000000001
14 0.39815067404864624 1.807019792841759 40.72499999999998 40.725000000000016
15 0.39719555944624113 1.7957645369705664 41.035 41.035
16 0.3968516633093151 1.7935083581171154 41.31999999999999 41.32000000000002
17 0.3998954964621245 1.7912318933470097 41.56000000000001 41.559999999999995
18 0.39758472676661705 1.7867141831607036 41.67999999999999 41.679999999999986
19 0.3951108770223913 1.7913184010504777 42.19500000000002 42.19500000000001
20 0.39353482970045595 1.7905355925355435 42.305 42.305
21 0.39393296059206406 1.7856200192883653 42.32 42.32
22 0.39497542068443925 1.7907123557485882 42.28500000000002 42.28500000000001
23 0.3953296599411176 1.7907376076361683 42.249999999999986 42.24999999999999
24 0.3944668179239932 1.7904093330976492 42.289999999999985 42.290000000000006
25 0.3938867730869998 1.7907123557485893 42.255 42.25499999999998
26 0.3923409772303706 1.7907788944723597 42.459999999999994 42.45999999999999
27 0.38788271875730546 1.7861306532663295 42.64999999999999 42.649999999999984
28 0.39063217459417116 1.785603015075376 42.69500000000001 42.695
29 0.39379331766739567 1.7855778894472383 42.69499999999999 42.69499999999999
30 0.3913819787699534 1.785653266331654 42.67499999999998 42.67499999999998
31 0.39146922183507543 1.7856281407035168 42.66499999999999 42.66499999999999
32 0.39144194149582695 1.7855025125628199 42.69500000000003 42.69500000000002
33 0.3906513518623557 1.7855025125628177 42.69500000000003 42.69499999999999
34 0.3912263998055263 1.7855778894472392 42.690000000000026 42.689999999999976
35 0.3868477703049453 1.7853517587939696 42.72499999999995 42.725
36 0.3886525943332523 1.7856281407035157 42.664999999999985 42.66499999999999
37 0.39093414904248697 1.785452261306532 42.72000000000001 42.72
38 0.38944764065580834 1.785603015075376 42.67499999999999 42.67499999999999
39 0.3923424627933988 1.7857537688442218 42.67500000000002 42.67500000000001
40 0.38903681495286724 1.785728643216086 42.66499999999999 42.665
41 0.39153485671069327 1.785427135678389 42.71000000000001 42.71
42 0.38937498311860197 1.7857537688442189 42.67000000000001 42.669999999999995
43 0.38872849309888413 1.7855025125628154 42.69500000000001 42.69499999999999
44 0.39124409151068235 1.7854773869346778 42.69500000000002 42.69499999999998
45 0.3928272965453904 1.7855778894472354 42.67999999999996 42.679999999999986
46 0.3895017961807525 1.7854271356783924 42.73 42.730000000000004
47 0.3894862652945468 1.7853768844221076 42.719999999999985 42.71999999999999
48 0.39282148934446126 1.7854522613065344 42.70000000000001 42.7
49 0.39113429489776586 1.7856030150753812 42.670000000000016 42.66999999999999
50 0.39126826567269 1.7855778894472318 42.68500000000002 42.684999999999995
51 0.39389946789833324 1.7853768844221092 42.730000000000004 42.729999999999976
52 0.390365313453799 1.785427135678392 42.70500000000003 42.705000000000005
53 0.39078437727898835 1.7856281407035206 42.67499999999998 42.675
54 0.3890350592874697 1.7858040201005003 42.66 42.659999999999975
55 0.3916592388515246 1.7856532663316609 42.70000000000001 42.69999999999998
56 0.39097290873240936 1.7853517587939698 42.725 42.72500000000001
57 0.39261161980390546 1.7854020100502483 42.714999999999975 42.715000000000046
58 0.3917493179915187 1.7854020100502512 42.715 42.71500000000002
59 0.3894612808254327 1.785527638190952 42.70000000000001 42.69999999999998
60 0.39107203630175874 1.7853517587939685 42.725 42.725000000000016
61 0.3923358452853632 1.7856783919597954 42.665000000000006 42.665
62 0.39145017961807527 1.7855527638190984 42.684999999999995 42.685
63 0.3917058315101423 1.78540201005025 42.70999999999999 42.709999999999965
64 0.3895953866515411 1.785427135678392 42.71000000000004 42.71
65 0.39023039732058457 1.7855527638190947 42.68000000000001 42.679999999999986
66 0.3897986386840611 1.7855778894472343 42.68000000000001 42.68
67 0.39112632687788695 1.785603015075374 42.68500000000004 42.684999999999974
68 0.38949504362153264 1.7855778894472392 42.67500000000001 42.67499999999998
69 0.38845690516705816 1.7857788944723647 42.654999999999994 42.65499999999999
70 0.38961821030170435 1.7857035175879425 42.675 42.675
