# index clusteringCoefficient averagePathLength inDegreeMean outDegreeMean
1 0.9273705805689569 4.536070242050306 1.8373983739837396 1.8373983739837405
2 0.8248134838367335 4.318864451119086 3.1500000000000012 3.15
3 0.7270347550640124 3.0201934939289714 5.820000000000001 5.820000000000006
4 0.6717449209835229 2.8179278454795043 9.319999999999993 9.319999999999995
5 0.6222467562245332 2.698349521653408 13.075000000000005 13.075000000000001
6 0.5811779975333162 2.510992162110507 17.230000000000018 17.229999999999986
7 0.5352650935554799 2.228228730822854 22.585 22.584999999999994
8 0.46217704330042986 1.993220796758946 28.050000000000004 28.049999999999997
9 0.41379888825980793 1.9018230605319253 33.269999999999996 33.27
10 0.3943057418468915 1.862005875380098 36.029999999999994 36.029999999999994
11 0.39310800921176364 1.8439931969283085 37.59000000000001 37.59
12 0.3868436710155826 1.8321812106216369 38.39 38.39
13 0.38535975609756123 1.811927658597558 39.30500000000001 39.305000000000014
14 0.38145322721542213 1.8090957299058112 39.800000000000026 39.79999999999996
15 0.37737931197077573 1.8056783919597954 40.00499999999998 40.00500000000001
16 0.37740748582325084 1.802613065326635 40.26499999999999 40.265
17 0.37725695654645813 1.7965075376884403 40.589999999999996 40.59
18 0.37578330206378996 1.7961557788944702 40.680000000000035 40.68000000000001
19 0.37590322076297666 1.7958542713567882 40.679999999999986 40.67999999999998
20 0.377892276422764 1.7957286432160782 40.68999999999996 40.69000000000002
21 0.37578314571607246 1.7957286432160842 40.70999999999999 40.710000000000036
22 0.37487257661038137 1.7956281407035206 40.705 40.70499999999998
23 0.37769402751719816 1.7955527638190973 40.72499999999998 40.725000000000016
24 0.38027376485303355 1.7956532663316598 40.705000000000005 40.705000000000005
25 0.3768813320825516 1.795753768844221 40.690000000000005 40.69000000000001
26 0.3762071607254535 1.7958542713567869 40.66000000000003 40.65999999999998
27 0.37616400875547223 1.7957286432160788 40.705000000000005 40.705000000000005
28 0.37386131957473423 1.795678391959796 40.705 40.70499999999999
29 0.3742825203252033 1.7956281407035184 40.69499999999997 40.69499999999997
30 0.3772673545966233 1.7957286432160793 40.68 40.67999999999998
31 0.3748963414634146 1.7956030150753755 40.70999999999999 40.71
32 0.37246075672295154 1.795728643216082 40.685 40.68500000000002
33 0.374394777986241 1.7956030150753783 40.694999999999986 40.69500000000002
34 0.3766474358974359 1.795427135678397 40.715 40.714999999999996
35 0.3772593808630396 1.7957537688442204 40.68000000000001 40.68000000000001
36 0.3714795184490306 1.795603015075379 40.714999999999975 40.71500000000001
37 0.3733398999374608 1.7957035175879383 40.69000000000002 40.690000000000005
38 0.37424265165728626 1.795728643216083 40.68 40.68
39 0.3756328955597252 1.7956783919597967 40.67999999999999 40.680000000000014
40 0.37385553470919297 1.7955025125628126 40.720000000000006 40.71999999999997
41 0.37225156347717314 1.7954020100502497 40.72999999999998 40.73
42 0.37625422138836784 1.7956783919597983 40.67000000000002 40.66999999999997
43 0.3699099437148215 1.7954773869346778 40.72000000000002 40.719999999999985
44 0.3734518449030643 1.7957788944723647 40.68499999999999 40.685
45 0.369946372732958 1.7955527638190962 40.71500000000001 40.714999999999996
46 0.37374687304565357 1.7958542713567824 40.68 40.68
47 0.37536366479049404 1.795728643216081 40.68499999999999 40.685
48 0.37503736710444036 1.7957286432160833 40.705000000000034 40.70500000000003
49 0.37526297686053794 1.795552763819098 40.73 40.730000000000025
50 0.3752510779763669 1.7958040201005014 40.660000000000004 40.660000000000004
51 0.37382207629768616 1.795904522613061 40.65000000000001 40.65000000000001
52 0.37246310193871174 1.7958040201005054 40.690000000000005 40.690000000000026
53 0.37178783614759253 1.7959547738693475 40.64500000000002 40.645
54 0.37180440900562844 1.795979899497489 40.63 40.62999999999999
55 0.3736801125703564 1.7958542713567835 40.675000000000026 40.67499999999999
56 0.37118683552220083 1.795603015075383 40.690000000000005 40.69000000000001
57 0.37151328955597274 1.795527638190957 40.694999999999986 40.695
58 0.3749702939337087 1.795854271356783 40.665000000000006 40.665000000000006
59 0.37601500938086313 1.795904522613066 40.67999999999999 40.68000000000001
60 0.37687992495309564 1.7958793969849254 40.665 40.66499999999999
61 0.37673889931207005 1.795778894472358 40.665000000000006 40.66499999999999
62 0.37413398999374614 1.795879396984929 40.64500000000002 40.64499999999999
63 0.3785323639774861 1.7957286432160775 40.684999999999974 40.68500000000002
64 0.3763275484677927 1.795728643216082 40.72000000000002 40.71999999999999
65 0.37387163852407773 1.7955778894472274 40.7 40.7
66 0.373098655409631 1.7955778894472332 40.70999999999998 40.71000000000003
67 0.3732617260787995 1.7956783919597976 40.69 40.690000000000005
68 0.3724443402126332 1.7955527638190956 40.705 40.70500000000002
69 0.37154362101313304 1.795527638190957 40.73 40.72999999999998
70 0.3732303001876173 1.795653266331661 40.69999999999998 40.699999999999996
