# index clusteringCoefficient averagePathLength inDegreeMean outDegreeMean
1 0.9399181396420798 4.2164068299925646 1.8617886178861787 1.8617886178861789
2 0.8293943765470654 4.821997036470514 3.1849999999999996 3.1850000000000005
3 0.691656692866439 3.186393371129522 5.379999999999997 5.379999999999998
4 0.6342342494156809 3.1640617942000246 9.215 9.215000000000003
5 0.6171298657345871 2.7700778101986985 13.174999999999999 13.175000000000004
6 0.599420081304191 2.470611202883317 18.075000000000003 18.074999999999996
7 0.5417527460511194 2.282117425769171 24.424999999999997 24.424999999999994
8 0.46822139108095506 1.9590066382798652 30.82999999999999 30.82999999999999
9 0.4243748865684565 1.87589311418776 35.69000000000001 35.68999999999999
10 0.42096610060605094 1.8336779292836785 38.259999999999984 38.26000000000001
11 0.4175431439432492 1.8198984613790667 40.00500000000001 40.00500000000001
12 0.4120990195343174 1.814708058056787 41.09 41.089999999999975
13 0.4142025356685419 1.813050021682012 41.62499999999997 41.62500000000001
14 0.40958421423537716 1.8133051042012083 41.765 41.765000000000015
15 0.4145263263867913 1.8115705430706863 41.71999999999997 41.72000000000001
16 0.4086219932166204 1.8051679718388876 41.859999999999985 41.86
17 0.4080777878452298 1.7926689283983335 42.489999999999974 42.489999999999995
18 0.405712179692173 1.796444534228936 42.69499999999999 42.69500000000003
19 0.4050577579459798 1.796267771015879 42.735000000000035 42.734999999999985
20 0.40644417597905985 1.7953334511754768 42.850000000000016 42.849999999999994
21 0.40497380345709016 1.7959547738693489 42.93999999999998 42.93999999999998
22 0.4021589515184877 1.7909296482412078 43.18000000000002 43.18000000000002
23 0.4026849894291756 1.7855862225701387 43.255 43.255000000000024
24 0.39975259236887134 1.7904020100502491 43.27 43.27000000000001
25 0.39744986235363144 1.785854271356784 43.39499999999999 43.395000000000024
26 0.3969288770083358 1.7808542713567854 43.620000000000005 43.61999999999998
27 0.39443798449612394 1.7803517587939734 43.715 43.71499999999999
28 0.393316470351354 1.7806281407035198 43.66000000000001 43.66
29 0.397690778214034 1.7803517587939695 43.71999999999999 43.71999999999999
30 0.395973774287728 1.7805527638190972 43.675 43.675
31 0.3985339273129971 1.780376884422109 43.705 43.70500000000001
32 0.3977801268498943 1.780452261306533 43.69999999999998 43.699999999999974
33 0.39740486257928126 1.7804773869346713 43.69000000000001 43.68999999999998
34 0.396664653176281 1.780427135678389 43.699999999999996 43.69999999999996
35 0.39661607772072877 1.780552763819096 43.67499999999999 43.67499999999999
36 0.39485528037853634 1.7806783919598035 43.65999999999999 43.65999999999998
37 0.3966930937279771 1.7805025125628104 43.685000000000024 43.68499999999996
38 0.39857168025772666 1.7807286432160818 43.64999999999999 43.64999999999997
39 0.4014728682170543 1.780477386934676 43.715 43.714999999999996
40 0.40221232256115974 1.7806532663316557 43.68999999999998 43.68999999999999
41 0.4019488070069462 1.7803266331658276 43.72999999999999 43.73
42 0.3959244437732813 1.7803015075376936 43.735 43.73500000000002
43 0.39777182120205345 1.7803266331658305 43.71999999999999 43.71999999999999
44 0.3958114366253904 1.7804020100502498 43.700000000000024 43.699999999999996
45 0.39819014838441935 1.7805276381909512 43.684999999999995 43.684999999999995
46 0.39717154938085175 1.7803768844221077 43.704999999999984 43.704999999999984
47 0.3976369173462196 1.7804020100502473 43.699999999999996 43.69999999999998
48 0.39693924292761495 1.7804271356783883 43.69499999999999 43.69499999999999
49 0.40051973220577897 1.7805025125628098 43.695 43.69499999999998
50 0.3990138930836604 1.780301507537691 43.730000000000025 43.730000000000004
51 0.40074020940300015 1.780402010050251 43.71999999999997 43.720000000000006
52 0.4005474176985804 1.780427135678389 43.705 43.705
53 0.39966777408637827 1.780778894472361 43.654999999999966 43.654999999999994
54 0.3983119399979866 1.7806030150753702 43.664999999999985 43.665000000000006
55 0.3974159367764018 1.7805276381909563 43.684999999999995 43.684999999999995
56 0.4009918957011978 1.7805527638190959 43.669999999999995 43.66999999999999
57 0.39872470552703143 1.7805527638190926 43.67999999999998 43.680000000000014
58 0.3995728883519581 1.7805025125628047 43.69499999999998 43.69499999999999
59 0.3984717607973423 1.7804020100502527 43.70499999999998 43.70500000000002
60 0.4000420316117988 1.7804271356783923 43.7 43.699999999999974
61 0.398926809624484 1.7805778894472368 43.675000000000004 43.67499999999999
62 0.3994603722992831 1.7804773869346753 43.71000000000003 43.70999999999999
63 0.39759664753850776 1.7804522613065326 43.705000000000005 43.704999999999984
64 0.39876862785541173 1.7804020100502498 43.704999999999984 43.705
65 0.3997759991946039 1.7805025125628127 43.695 43.69500000000001
66 0.3986819188563374 1.7807788944723626 43.639999999999986 43.64000000000003
67 0.39809800664451833 1.7807286432160778 43.64499999999999 43.64499999999999
68 0.40012483640390606 1.78077889447236 43.64999999999999 43.65000000000003
69 0.40040395650860744 1.7806783919598008 43.665 43.66499999999999
70 0.39728329809725194 1.7806030150753753 43.674999999999976 43.675000000000004
