# index clusteringCoefficient averagePathLength inDegreeMean outDegreeMean
1 0.9381836078363186 4.542817852231527 1.7560975609756102 1.7560975609756102
2 0.8214063745878277 4.0837542937967335 3.135000000000002 3.1350000000000033
3 0.7299653249288253 3.1574852379298344 5.704999999999999 5.705
4 0.6765682244175213 3.0624969483911952 8.325000000000003 8.325000000000005
5 0.6393384349776328 2.825844406126367 12.320000000000002 12.320000000000002
6 0.5612318071365996 2.5286257799421517 16.345 16.344999999999995
7 0.5151767320402928 2.2238557480670504 21.555 21.555000000000014
8 0.43381585888892416 2.0373341978010115 26.814999999999994 26.814999999999998
9 0.41935112376436473 1.923399706000266 31.654999999999994 31.655000000000012
10 0.3954991417985155 1.8626721250465204 34.54499999999998 34.545
11 0.3896186597478848 1.840204130452115 35.949999999999996 35.95
12 0.3917337948763868 1.8202646184601607 37.12500000000001 37.12500000000001
13 0.39531335975765297 1.8362732027484339 38.019999999999996 38.019999999999975
14 0.38930972917584056 1.815771163509855 38.56 38.56
15 0.3825724038833797 1.8136389015785974 39.275000000000034 39.27499999999999
16 0.3797568569641745 1.809451296888484 39.475 39.47499999999998
17 0.38024779127827907 1.8085376376833677 39.610000000000014 39.61000000000002
18 0.38226599443327963 1.8063803867823993 39.805 39.805000000000014
19 0.3819487179487177 1.805560465644812 40.11 40.11
20 0.3835964665415885 1.8055857175323884 40.12 40.12
21 0.37926094434021257 1.8008383626676117 40.255 40.254999999999995
22 0.381806128830519 1.8010403777682333 40.245000000000005 40.24500000000001
23 0.37961938016816055 1.8012562814070336 40.41 40.40999999999997
24 0.37658489681050666 1.8007035175879365 40.47999999999999 40.48000000000001
25 0.37560303314571614 1.795560718163683 40.495 40.49499999999997
26 0.37458583489681047 1.7958889927022093 40.45500000000001 40.455
27 0.3707947319048091 1.7959296482412046 40.660000000000004 40.65999999999999
28 0.37249218261413375 1.7956532663316611 40.69999999999999 40.69999999999998
29 0.3731636960600375 1.795628140703514 40.72 40.720000000000006
30 0.3764485616010006 1.795527638190955 40.70499999999998 40.705
31 0.3756957473420887 1.795753768844221 40.70000000000001 40.70000000000001
32 0.3749302689180741 1.795703517587934 40.68 40.67999999999998
33 0.37273405253283337 1.7958291457286462 40.670000000000016 40.67
34 0.37413993120700456 1.7955276381909526 40.69499999999999 40.695
35 0.3748685115697311 1.7954773869346756 40.72499999999999 40.72499999999999
36 0.37485412757973746 1.7959798994974832 40.645000000000024 40.645000000000024
37 0.37637585991244554 1.7959045226130679 40.63999999999999 40.64000000000001
38 0.3723878986866792 1.7957035175879463 40.67999999999999 40.67999999999998
39 0.37370637898686687 1.7958291457286377 40.66000000000001 40.659999999999975
40 0.3721671357098188 1.7956281407035162 40.71500000000001 40.71500000000001
41 0.37401063164477805 1.7957788944723603 40.67999999999997 40.679999999999986
42 0.37301485303314585 1.795804020100505 40.654999999999994 40.654999999999994
43 0.3714815509693558 1.795804020100501 40.694999999999986 40.69500000000001
44 0.3707388993120698 1.7958291457286395 40.685000000000024 40.684999999999995
45 0.373667448405253 1.7954773869346785 40.71 40.71
46 0.3766574421513447 1.7956783919598027 40.674999999999976 40.67499999999997
47 0.3731577548467795 1.7956783919598056 40.69000000000001 40.68999999999999
48 0.3705494058786744 1.7954271356783897 40.72499999999998 40.725000000000016
49 0.3727435897435896 1.7959798994974912 40.65499999999999 40.654999999999994
50 0.3723996247654786 1.7953768844221145 40.73000000000001 40.72999999999998
51 0.3773946216385238 1.7953768844221112 40.730000000000004 40.730000000000004
52 0.37531019387116965 1.795477386934674 40.709999999999994 40.710000000000015
53 0.3731053783614759 1.7957286432160826 40.68000000000001 40.68
54 0.3754071294559097 1.795804020100509 40.684999999999974 40.68499999999999
55 0.37633161350844274 1.795527638190957 40.739999999999995 40.739999999999974
56 0.3760963101938711 1.7958542713567869 40.66499999999998 40.66499999999999
57 0.3728369293308319 1.7954522613065333 40.72499999999997 40.72499999999999
58 0.37539681050656676 1.7954773869346736 40.73499999999998 40.735000000000014
59 0.3718553783614757 1.7958040201005014 40.67499999999997 40.67499999999997
60 0.37456722951844923 1.795527638190956 40.714999999999996 40.71499999999998
61 0.37469887429643506 1.7957286432160775 40.67499999999999 40.67499999999999
62 0.37964665415884935 1.7954773869346712 40.72999999999999 40.73
63 0.3767843964978111 1.7957035175879412 40.69999999999999 40.69999999999999
64 0.37811382113821135 1.7957286432160764 40.679999999999986 40.67999999999996
65 0.37506425891182027 1.7958291457286417 40.675 40.67499999999998
66 0.37535459662288945 1.7956281407035197 40.69 40.68999999999998
67 0.3750667604752971 1.7954773869346718 40.72 40.720000000000006
68 0.37601485303314597 1.795653266331657 40.70500000000001 40.704999999999984
69 0.37441807379612285 1.7957035175879412 40.70999999999997 40.71
70 0.3754915572232646 1.7956281407035164 40.71 40.71000000000001
