# index clusteringCoefficient averagePathLength inDegreeMean outDegreeMean
1 0.9228233555062825 4.241888619854722 1.8617886178861789 1.8617886178861784
2 0.8227767422635843 3.9517133167991076 3.0949999999999998 3.095000000000001
3 0.7380440514766538 3.3218292159627283 5.4149999999999965 5.414999999999998
4 0.6791606380414079 3.131170906577994 8.750000000000004 8.750000000000002
5 0.629528218068188 3.1268076011087635 12.299999999999999 12.299999999999997
6 0.5761010235146269 2.5729014135014694 16.35 16.349999999999977
7 0.4988124917323077 2.2450153995785493 21.479999999999993 21.479999999999997
8 0.44217092351407816 2.0276514849379113 27.055000000000007 27.054999999999996
9 0.4072957592482143 1.9093616229294632 31.384999999999994 31.385000000000005
10 0.39448869640951245 1.8470819002579513 33.90499999999998 33.904999999999966
11 0.39074386169472475 1.8298019407151394 35.59000000000002 35.59
12 0.37998727979912256 1.8268966767684602 37.125000000000014 37.125
13 0.3809096736596739 1.8212859167633029 37.83499999999998 37.83499999999999
14 0.38060776942355923 1.8237103886780859 37.90000000000003 37.899999999999984
15 0.3778525275390068 1.8177945565390397 38.339999999999996 38.339999999999996
16 0.37743544223807407 1.8165446521949835 38.48999999999998 38.489999999999995
17 0.3745609567056936 1.816151464392666 38.699999999999996 38.69999999999999
18 0.3731670040485832 1.8108725445408826 38.90500000000001 38.905
19 0.3731774628879893 1.8167975556172817 38.880000000000024 38.87999999999997
20 0.3746933563117776 1.8115831683670895 38.91000000000001 38.90999999999998
21 0.3696641122035863 1.8121007045276643 38.99499999999995 38.99500000000003
22 0.3718766823503666 1.8114572864321616 39.22500000000001 39.224999999999994
23 0.3702516869095816 1.810879396984929 39.305000000000014 39.30500000000003
24 0.3674194021957176 1.805703517587933 39.49499999999997 39.49500000000002
25 0.3644878542510122 1.8058793969849265 39.489999999999995 39.49000000000004
26 0.36456511470985126 1.8008291457286447 39.700000000000024 39.69999999999998
27 0.3670699839515626 1.8010552763819074 39.67999999999997 39.68
28 0.36639068825910953 1.800703517587936 39.70000000000001 39.70000000000001
29 0.36368421052631605 1.800778894472364 39.704999999999984 39.704999999999984
30 0.36695310391363056 1.8007035175879404 39.70500000000001 39.70499999999999
31 0.36919973009446666 1.800854271356786 39.674999999999976 39.675
32 0.3665033738191631 1.8007537688442252 39.7 39.699999999999974
33 0.3646646059014479 1.800703517587943 39.71000000000001 39.71000000000001
34 0.36547435897435904 1.8006030150753753 39.710000000000015 39.70999999999998
35 0.364311740890688 1.8005778894472362 39.72000000000001 39.71999999999999
36 0.3639736842105263 1.80072864321608 39.684999999999995 39.68500000000001
37 0.36384860670386965 1.80070351758794 39.68000000000001 39.679999999999986
38 0.36494466936572223 1.8004773869346726 39.719999999999956 39.72000000000001
39 0.3630836707152495 1.8008040201004982 39.675000000000026 39.67499999999999
40 0.3662078272604586 1.800502512562815 39.71000000000001 39.71
41 0.3637655195681511 1.8009547738693452 39.69000000000002 39.689999999999976
42 0.36616531713900174 1.800979899497482 39.665 39.66499999999998
43 0.36385256410256417 1.800527638190958 39.72500000000001 39.72500000000001
44 0.36416902834008136 1.8006281407035172 39.70499999999999 39.70499999999998
45 0.3639790823211875 1.800628140703516 39.70999999999998 39.71
46 0.3653680836707151 1.8006281407035205 39.71999999999999 39.71999999999999
47 0.3658599865047233 1.8007286432160796 39.7 39.69999999999998
48 0.3629875168690959 1.8005778894472377 39.705 39.705
49 0.36312685560054014 1.8006030150753791 39.720000000000006 39.719999999999956
50 0.36559176788124165 1.800778894472364 39.68499999999998 39.68499999999998
51 0.36660661268556 1.8008542713567839 39.685 39.68500000000001
52 0.3672591093117407 1.8009045226130618 39.67 39.670000000000016
53 0.3673410931174089 1.8011306532663338 39.64499999999998 39.64499999999996
54 0.36542780026990557 1.8007286432160847 39.690000000000005 39.68999999999997
55 0.36510087719298256 1.800703517587944 39.684999999999995 39.68499999999999
56 0.3662253711201079 1.8005276381909554 39.715 39.71500000000002
57 0.36553340080971664 1.8009296482412067 39.654999999999994 39.655
58 0.36528373819163285 1.8010552763819074 39.650000000000006 39.649999999999956
59 0.36522064777327906 1.8007537688442175 39.685000000000024 39.68499999999999
60 0.36311167341430495 1.80070351758794 39.669999999999995 39.67
61 0.36470175438596536 1.8008291457286367 39.66 39.66
62 0.36556005398110647 1.8009045226130675 39.66500000000002 39.665000000000006
63 0.36258097165991926 1.8005276381909563 39.70500000000001 39.70499999999997
64 0.3625620782726047 1.8009547738693497 39.65499999999999 39.65500000000001
65 0.36394838056680157 1.8007788944723626 39.67999999999998 39.679999999999986
66 0.3644062078272603 1.8006030150753747 39.705 39.704999999999984
67 0.36235357624831294 1.8005778894472355 39.70000000000002 39.69999999999997
68 0.3616923076923077 1.800979899497492 39.69000000000004 39.68999999999997
69 0.36928407557354953 1.8005276381909552 39.73500000000002 39.735
70 0.3637170004012109 1.8006532663316612 39.700000000000024 39.7
