# index clusteringCoefficient averagePathLength inDegreeMean outDegreeMean
1 0.9244115335965043 4.414639933562719 1.8455284552845528 1.8455284552845534
2 0.8096147464213663 4.648652857810322 3.14 3.140000000000001
3 0.7098832372066995 3.66153504140499 6.124999999999998 6.124999999999998
4 0.6440423365645003 3.3674986274758223 8.694999999999999 8.695
5 0.6248531936953124 2.9564081488874505 13.449999999999996 13.449999999999998
6 0.5549027810780787 2.362333562113925 19.76 19.759999999999994
7 0.5043579698781602 2.1212080929465853 25.84000000000002 25.84000000000001
8 0.43860938440517666 1.935168068320879 31.900000000000013 31.900000000000016
9 0.41817260844838855 1.8673825982705394 36.39 36.39000000000002
10 0.4041176657640876 1.834732035813588 38.699999999999996 38.700000000000024
11 0.4039204925717671 1.8222329923730312 39.95999999999999 39.95999999999999
12 0.4081988349649587 1.8177945565390397 40.52499999999998 40.52499999999999
13 0.40140503140811334 1.806417876182942 41.11999999999998 41.120000000000005
14 0.3973819859380553 1.7964186414305054 41.504999999999995 41.50500000000001
15 0.3994285984388082 1.795959492895952 41.6 41.60000000000001
16 0.3947862139750964 1.7954849625009484 42.069999999999986 42.06999999999999
17 0.395427436998622 1.7956869776015754 42.01000000000001 42.010000000000005
18 0.3931167112335575 1.7957374813767322 42.03 42.03000000000001
19 0.3902395808011234 1.7953334511754717 42.1 42.1
20 0.39369581071225973 1.795358703063054 42.08499999999998 42.084999999999994
21 0.3894969276894403 1.790954773869345 42.37500000000001 42.374999999999986
22 0.3886197768954432 1.7854773869346752 42.70499999999996 42.705000000000005
23 0.3873682575696188 1.7854522613065362 42.705000000000005 42.70499999999996
24 0.3894146881668151 1.7854773869346727 42.71500000000001 42.71500000000001
25 0.38829254787564466 1.785577889447237 42.675 42.674999999999976
26 0.39020257677659836 1.7856281407035155 42.67499999999998 42.67499999999998
27 0.3858410987764361 1.7857035175879403 42.649999999999984 42.65
28 0.3928124409151066 1.7857035175879425 42.649999999999984 42.65
29 0.39304891553898896 1.7853768844221094 42.724999999999994 42.724999999999994
30 0.39302852281014494 1.7857286432160822 42.66500000000001 42.66499999999999
31 0.39086405747778385 1.7856532663316558 42.669999999999995 42.67
32 0.39308443400048615 1.7856532663316613 42.664999999999985 42.66499999999999
33 0.3901032601355912 1.7856783919597987 42.66000000000002 42.65999999999998
34 0.38824796072711526 1.785477386934673 42.695 42.695
35 0.38822502228344513 1.785452261306532 42.71499999999998 42.71499999999998
36 0.3901096615617315 1.7854020100502468 42.715 42.71500000000001
37 0.39154849688031745 1.785527638190954 42.69500000000002 42.69499999999999
38 0.3873600194473704 1.785628140703519 42.685 42.68499999999997
39 0.38735056586446276 1.7855527638190911 42.67499999999999 42.675000000000004
40 0.3904637657672255 1.7855025125628134 42.70000000000003 42.69999999999998
41 0.3879753126434916 1.7855276381909577 42.69000000000001 42.689999999999976
42 0.38458606811981705 1.7853768844221112 42.73500000000001 42.735000000000014
43 0.3854713286335522 1.785326633165821 42.724999999999994 42.724999999999994
44 0.3856545930907811 1.7856030150753748 42.675000000000004 42.674999999999976
45 0.3874796747967476 1.7851758793969823 42.75500000000001 42.755
46 0.38815060908084176 1.7856783919597938 42.67000000000001 42.67
47 0.38711544175242385 1.7856281407035124 42.675000000000004 42.67499999999998
48 0.38840720633119963 1.785577889447237 42.67499999999999 42.67499999999999
49 0.3884864813764418 1.7855527638190936 42.680000000000014 42.67999999999996
50 0.38635929017097476 1.7854522613065342 42.71000000000001 42.71
51 0.3899482753963748 1.7855778894472383 42.67000000000003 42.66999999999999
52 0.389297463738757 1.7853768844221105 42.71000000000001 42.71
53 0.391445047673068 1.7853768844221134 42.714999999999996 42.71499999999997
54 0.39098776436269334 1.785351758793971 42.715 42.71500000000001
55 0.3889937336250437 1.7857537688442167 42.655 42.65500000000001
56 0.38627461307835675 1.7854773869346727 42.69499999999998 42.69499999999999
57 0.38714717878075783 1.7854271356783904 42.71500000000001 42.71500000000003
58 0.38760796666936764 1.7854020100502546 42.704999999999984 42.704999999999984
59 0.38742997596088885 1.785628140703519 42.665 42.66499999999999
60 0.3859598087675227 1.785527638190954 42.69500000000002 42.695
61 0.390630824082327 1.78532663316583 42.73000000000001 42.73
62 0.3883914053426249 1.7856030150753799 42.67 42.67000000000001
63 0.38910015395834996 1.7853517587939651 42.725000000000016 42.724999999999994
64 0.3893520244172539 1.7853266331658335 42.72499999999999 42.724999999999994
65 0.3898337519920048 1.785502512562816 42.71499999999999 42.71500000000002
66 0.3855952583529156 1.7855527638191013 42.685 42.684999999999974
67 0.3864499095157064 1.785376884422108 42.72499999999999 42.725
68 0.3909668989547037 1.7857035175879379 42.65000000000001 42.649999999999984
69 0.3889231018556032 1.785376884422112 42.71499999999999 42.71499999999998
70 0.3896103773330091 1.7855527638190918 42.675 42.674999999999976
