# index clusteringCoefficient averagePathLength inDegreeMean outDegreeMean
1 0.9374146402799982 4.855070651494332 1.7317073170731705 1.731707317073171
2 0.8054046997290258 4.46008255752677 2.9999999999999982 3.0000000000000013
3 0.7019600195523149 3.1135703416793454 5.305000000000003 5.304999999999996
4 0.6700550187270546 3.1257804370447446 8.77500000000001 8.775000000000007
5 0.66500595460219 2.940615022685269 11.900000000000004 11.9
6 0.5908345376757215 2.4799208645839466 16.280000000000012 16.279999999999998
7 0.49793346716219616 2.152372623145072 22.49 22.490000000000002
8 0.41948479579913467 1.9946295163906167 28.22499999999999 28.22500000000001
9 0.39825652874453593 1.8819126709158722 32.74499999999999 32.745000000000005
10 0.39705705511389133 1.848748953098827 35.679999999999986 35.67999999999998
11 0.396584434017506 1.8216258879242273 37.130000000000024 37.129999999999974
12 0.39178399500900624 1.8159072469836934 37.92000000000001 37.91999999999999
13 0.3908524806411765 1.8128836739451417 38.66499999999998 38.66500000000002
14 0.3828406816760477 1.8115626699821303 38.85500000000003 38.855000000000004
15 0.3820948701491065 1.8015126265863322 39.67499999999999 39.675000000000004
16 0.3814221017257379 1.807176586449837 39.98499999999998 39.98500000000002
17 0.3798561539203108 1.802782758011165 40.175000000000004 40.17500000000001
18 0.37661772983114455 1.801949445721062 40.29999999999996 40.29999999999998
19 0.38255190744215134 1.8023029721471666 40.33499999999998 40.33499999999999
20 0.37846701063164495 1.796469786116511 40.485000000000014 40.48499999999998
21 0.3711948445221872 1.7965075376884385 40.60500000000002 40.60500000000001
22 0.3781260162601624 1.7956281407035202 40.72500000000003 40.72499999999998
23 0.37529299562226376 1.79618090452261 40.67 40.669999999999995
24 0.369965759849906 1.7956532663316604 40.675 40.675
25 0.3731291432145092 1.7957537688442247 40.67000000000001 40.67000000000002
26 0.37194965603502217 1.7954773869346712 40.72999999999997 40.73000000000001
27 0.3725895872420264 1.7954271356783935 40.72000000000002 40.71999999999997
28 0.37578061946611363 1.7956532663316576 40.69499999999996 40.69499999999998
29 0.37449390243902486 1.7955025125628108 40.71500000000002 40.71500000000001
30 0.37394512195121954 1.795728643216082 40.69000000000005 40.68999999999998
31 0.37300984990619135 1.7957286432160768 40.67 40.67
32 0.3717831457160727 1.7956030150753806 40.69499999999999 40.69499999999999
33 0.3732945590994374 1.7958040201005039 40.685 40.685
34 0.375244215134459 1.7956030150753768 40.69000000000002 40.69000000000002
35 0.37340087554721696 1.7956532663316587 40.67999999999997 40.68000000000002
36 0.3736033458411508 1.795603015075375 40.694999999999986 40.695000000000014
37 0.37167636022514094 1.7955276381909533 40.70499999999997 40.705000000000005
38 0.3706783927454657 1.795778894472358 40.665 40.664999999999985
39 0.37161944965603494 1.7955778894472363 40.69500000000002 40.695000000000014
40 0.37388977485928687 1.7955778894472332 40.70000000000001 40.70000000000001
41 0.36927845528455294 1.7956281407035184 40.67999999999999 40.67999999999999
42 0.37190666041275805 1.795376884422112 40.730000000000025 40.73
43 0.3711841776110073 1.7954271356783942 40.734999999999985 40.73499999999999
44 0.37374906191369583 1.7954773869346774 40.70500000000002 40.705000000000005
45 0.37178893058161355 1.7956783919597994 40.68999999999997 40.68999999999998
46 0.3745062539086931 1.795527638190959 40.71 40.709999999999994
47 0.3720530018761725 1.7954020100502528 40.72999999999996 40.730000000000004
48 0.373478736710444 1.795351758793972 40.73499999999999 40.735000000000014
49 0.37719242289588883 1.7956030150753748 40.70000000000003 40.69999999999997
50 0.37498092557848656 1.7955276381909577 40.714999999999996 40.715
51 0.37550891181988727 1.795628140703522 40.70499999999999 40.705
52 0.3744015009380861 1.7955778894472332 40.71999999999999 40.72
53 0.37496200750469044 1.7956281407035162 40.675 40.675
54 0.3742455070603336 1.7956281407035184 40.68499999999997 40.68499999999999
55 0.37513164477798633 1.7958291457286444 40.67500000000002 40.67499999999999
56 0.37400359599749855 1.7955025125628166 40.755 40.754999999999995
57 0.3744305816135083 1.7957788944723654 40.69000000000001 40.689999999999976
58 0.374720919324578 1.79552763819095 40.73500000000001 40.735000000000014
59 0.37299593495934963 1.7955778894472325 40.71499999999998 40.715
60 0.37157160725453386 1.7957788944723647 40.67500000000002 40.67499999999999
61 0.37273264540337697 1.7957788944723654 40.675 40.67499999999999
62 0.37671904315196997 1.7955025125628141 40.70999999999997 40.70999999999998
63 0.37528126954346464 1.7958040201005054 40.67500000000002 40.67500000000001
64 0.37314806128830524 1.7955527638190925 40.70499999999999 40.70499999999999
65 0.3722965916197626 1.795829145728648 40.649999999999984 40.649999999999984
66 0.3723500625390869 1.795653266331662 40.695000000000014 40.695000000000014
67 0.37018151969981256 1.7958040201005039 40.66500000000002 40.664999999999985
68 0.37209756097560986 1.7955527638190985 40.690000000000005 40.68999999999999
69 0.37378205128205144 1.7956281407035175 40.695 40.694999999999986
70 0.3739349593495935 1.7962060301507552 40.63499999999998 40.63500000000001
