# index clusteringCoefficient averagePathLength inDegreeMean outDegreeMean
1 0.9326217278656304 4.926659464650104 1.7804878048780486 1.7804878048780501
2 0.8079117106906472 4.858492454265252 3.104999999999999 3.1049999999999995
3 0.7155829212289742 3.388354830859087 5.924999999999999 5.925000000000002
4 0.6274538699496361 2.855505987320966 9.420000000000003 9.419999999999995
5 0.5961255710445162 2.797593795572056 13.599999999999998 13.599999999999996
6 0.5438300857835248 2.318321728476223 18.27500000000001 18.27499999999999
7 0.47350547163930096 2.1265281994787486 23.620000000000008 23.619999999999983
8 0.423533258791046 1.9527569521986488 28.730000000000008 28.73000000000001
9 0.39347966001747303 1.8817587019104938 32.79500000000001 32.795
10 0.3766790317194406 1.8357685865223554 35.950000000000024 35.95000000000002
11 0.3843089711628798 1.820512820512816 37.50000000000001 37.5
12 0.3796460393478091 1.8183006871090122 37.91 37.91
13 0.37670602552762 1.8141213682626356 38.440000000000026 38.44
14 0.3731520729452014 1.8032548529449262 38.75000000000003 38.75000000000002
15 0.37024865047233485 1.80106114327985 39.09000000000001 39.09
16 0.3705651880537462 1.8013806405766204 39.18000000000001 39.17999999999999
17 0.3730867071524968 1.8007969138622382 39.29500000000002 39.295
18 0.37309547908232105 1.8058887401833321 39.28500000000002 39.28500000000001
19 0.3695353370885407 1.8013567839195943 39.58499999999998 39.58500000000001
20 0.3712221796695476 1.801130653266332 39.66500000000002 39.66500000000001
21 0.36706072874493934 1.8009798994974864 39.68500000000001 39.684999999999974
22 0.37009143049932497 1.8008040201005011 39.699999999999974 39.7
23 0.36918248714301344 1.8006281407035183 39.71999999999999 39.71999999999999
24 0.3661869095816467 1.800552763819095 39.724999999999994 39.72499999999999
25 0.3659075573549262 1.8008040201005087 39.66500000000003 39.665
26 0.36696761133603223 1.8010050251256262 39.675000000000026 39.675
27 0.3674841430499326 1.8006532663316586 39.71999999999997 39.720000000000006
28 0.3698313090418354 1.8007788944723688 39.694999999999986 39.69499999999999
29 0.3685084345479081 1.8009296482412076 39.695 39.695
30 0.36453879892037805 1.8007286432160783 39.7 39.699999999999974
31 0.3689028340080974 1.8007537688442226 39.68999999999999 39.68999999999999
32 0.36817273954116053 1.8004773869346749 39.71999999999997 39.720000000000006
33 0.36481072874493925 1.8009045226130669 39.68999999999999 39.690000000000005
34 0.36781174089068813 1.8007788944723553 39.69999999999997 39.69999999999998
35 0.3648859649122807 1.8003266331658254 39.75499999999998 39.75500000000001
36 0.36678195097931954 1.8006783919598026 39.71500000000002 39.71500000000001
37 0.36323684210526297 1.8006281407035136 39.69500000000001 39.695
38 0.3620087719298246 1.8005276381909576 39.73 39.729999999999976
39 0.36623043184885284 1.8007788944723544 39.675000000000004 39.67499999999999
40 0.36307051282051267 1.8009296482412054 39.63500000000001 39.635000000000005
41 0.36364611372506117 1.8006532663316568 39.71000000000001 39.71
42 0.3627290823211876 1.800603015075369 39.720000000000034 39.720000000000006
43 0.35827294197031034 1.8007537688442208 39.684999999999995 39.685
44 0.36366666666666686 1.800829145728638 39.66999999999999 39.67000000000002
45 0.3660668016194332 1.8009296482412083 39.66999999999999 39.67000000000001
46 0.36753508771929816 1.8008542713567794 39.684999999999974 39.68500000000001
47 0.36813360323886635 1.8006281407035183 39.690000000000005 39.690000000000005
48 0.36663866396761136 1.8008542713567872 39.68000000000002 39.67999999999998
49 0.36757523616734156 1.8007286432160807 39.68500000000002 39.684999999999995
50 0.3633385764306819 1.8008040201005058 39.67999999999997 39.679999999999986
51 0.36617746288798914 1.8006532663316546 39.695 39.69499999999998
52 0.36539144508881405 1.8008040201005047 39.68499999999998 39.68499999999998
53 0.36392071524966235 1.8007035175879382 39.69499999999999 39.69499999999999
54 0.36407692307692313 1.8006532663316637 39.71499999999999 39.715
55 0.3658265856950068 1.8009798994974933 39.64999999999996 39.64999999999998
56 0.3660597165991901 1.8007788944723604 39.68499999999999 39.684999999999995
57 0.36716936572199743 1.8008793969849262 39.674999999999976 39.67499999999999
58 0.3679139676113359 1.8009045226130664 39.655000000000015 39.65499999999998
59 0.3682965587044535 1.8008542713567837 39.66499999999997 39.665
60 0.36566025641025623 1.801030150753768 39.65499999999998 39.654999999999994
61 0.359507085020243 1.8008291457286458 39.66999999999998 39.66999999999997
62 0.3635266531713902 1.8008040201005024 39.694999999999986 39.69500000000001
63 0.36313630229419713 1.8009296482412016 39.66499999999999 39.665
64 0.3663117408906882 1.8008793969849275 39.67500000000003 39.67500000000002
65 0.3616764507422405 1.8005025125628162 39.70499999999997 39.705
66 0.3630867071524968 1.8009045226130642 39.67499999999999 39.67499999999999
67 0.3608883265856953 1.8010301507537674 39.66000000000002 39.65999999999997
68 0.3631332658569506 1.8006532663316568 39.705000000000005 39.705
69 0.36847064777327904 1.8006281407035147 39.705 39.705000000000005
70 0.3649230769230769 1.800678391959795 39.699999999999996 39.70000000000002
