# index clusteringCoefficient averagePathLength inDegreeMean outDegreeMean
1 0.9324984837358424 4.637283419754644 1.7398373983739839 1.7398373983739839
2 0.8180056780051532 4.044743429286607 3.035 3.0349999999999993
3 0.7070497631980345 3.152971576227389 5.239999999999999 5.240000000000001
4 0.6517847233294414 3.4103426901620435 8.425000000000006 8.425000000000002
5 0.6633435400833763 2.7312931250223387 12.350000000000001 12.350000000000001
6 0.6138065675587786 2.523311585783665 17.33 17.33
7 0.5560521825131809 2.2515162732423875 22.31 22.31
8 0.4799159706988371 2.077178786785559 27.294999999999998 27.295000000000016
9 0.42370148082813924 1.9306430630308904 32.235 32.23500000000002
10 0.3909712062154652 1.8496820838888304 35.80500000000001 35.805000000000014
11 0.3888503830977978 1.8217993520904017 38.32499999999999 38.32500000000002
12 0.38906238282821914 1.812999005178177 39.169999999999995 39.16999999999999
13 0.3842818715720312 1.8114562712552673 39.57500000000001 39.575000000000024
14 0.37877298311444657 1.8059235571798433 39.87999999999997 39.88000000000002
15 0.3798032771678471 1.8061412590591146 39.974999999999994 39.975000000000016
16 0.3778000966773367 1.80134340041918 40.14999999999999 40.149999999999984
17 0.37887148217635996 1.8058291457286424 40.260000000000005 40.25999999999999
18 0.37571294559099416 1.7959142445897842 40.48 40.47999999999998
19 0.37480112570356466 1.7953839549506303 40.53000000000001 40.53
20 0.37666572858036285 1.7956364738264163 40.49 40.490000000000016
21 0.3737651657285808 1.7957627332643122 40.46499999999998 40.464999999999996
22 0.37225469043151976 1.795888992702203 40.47000000000001 40.47000000000003
23 0.3763366495507062 1.7958889927022075 40.46500000000002 40.465000000000025
24 0.37500204267277404 1.796231155778896 40.605 40.605000000000025
25 0.37778502188868024 1.795703517587944 40.68999999999998 40.689999999999976
26 0.37205956848030025 1.7958040201005028 40.67000000000001 40.67000000000002
27 0.37468370856785477 1.795728643216078 40.670000000000016 40.67
28 0.3717629768605377 1.795603015075379 40.68499999999998 40.684999999999974
29 0.3737920575359601 1.7955527638190913 40.7 40.70000000000002
30 0.37025609756097544 1.7955527638190973 40.710000000000015 40.71
31 0.3724335522201375 1.7953266331658255 40.75000000000001 40.749999999999986
32 0.37249108818011256 1.7958542713567824 40.660000000000025 40.65999999999998
33 0.3736905878674173 1.7957788944723625 40.67500000000005 40.67499999999999
34 0.37246263289555953 1.7956030150753743 40.699999999999996 40.70000000000001
35 0.3708727329580991 1.7958040201005039 40.66499999999998 40.66499999999998
36 0.3746901188242651 1.7957788944723567 40.665 40.66499999999999
37 0.3713827392120077 1.795402010050249 40.740000000000016 40.739999999999974
38 0.3750229831144466 1.7955025125628137 40.72500000000001 40.72500000000002
39 0.3726433708567855 1.7959045226130594 40.680000000000035 40.679999999999986
40 0.3669920262664167 1.7958291457286435 40.65500000000001 40.654999999999994
41 0.37304065040650414 1.7956532663316598 40.68500000000001 40.68499999999999
42 0.3743725766103815 1.795527638190951 40.7 40.69999999999999
43 0.3743040963101942 1.7954773869346756 40.70000000000001 40.69999999999999
44 0.3696801125703565 1.795402010050257 40.72500000000002 40.72499999999999
45 0.3686893370856783 1.795778894472363 40.649999999999984 40.64999999999998
46 0.3716391494684177 1.7955527638190951 40.705000000000005 40.70500000000001
47 0.3710816135084427 1.7955025125628123 40.71500000000002 40.71500000000001
48 0.36693464665415887 1.7956281407035175 40.705000000000005 40.705000000000005
49 0.37008239524702957 1.7959045226130654 40.64500000000002 40.64499999999999
50 0.37073921200750476 1.7956783919598 40.69500000000002 40.694999999999986
51 0.37027595372107586 1.7959045226130654 40.615000000000016 40.61500000000001
52 0.3728844590368977 1.795603015075374 40.68000000000002 40.679999999999986
53 0.3709621638524079 1.7955527638190911 40.70999999999999 40.710000000000015
54 0.37028032322833354 1.795452261306535 40.73000000000001 40.72999999999998
55 0.3704677923702316 1.7955025125628112 40.72500000000001 40.725
56 0.37439931207004373 1.7956281407035197 40.69500000000001 40.695
57 0.3755863039399626 1.7957537688442176 40.66999999999999 40.67
58 0.37388946216385255 1.7958040201004997 40.65499999999997 40.654999999999994
59 0.3764773295809881 1.7956783919598018 40.704999999999984 40.70500000000002
60 0.3749989055659787 1.7959296482412068 40.655 40.65499999999997
61 0.37307911194496546 1.7956532663316642 40.680000000000014 40.68
62 0.36960350218886795 1.7957537688442227 40.665000000000035 40.66499999999998
63 0.37116291432145104 1.7955778894472392 40.68500000000002 40.68499999999997
64 0.3735633208255162 1.795653266331657 40.680000000000014 40.68000000000002
65 0.37068417761100697 1.7955025125628141 40.73000000000001 40.73
66 0.3766443089430894 1.795452261306531 40.73 40.73
67 0.3737153154932356 1.7954020100502541 40.73499999999999 40.73500000000001
68 0.3681540025015637 1.7958793969849187 40.655 40.654999999999994
69 0.3723134771732333 1.7957035175879392 40.68999999999999 40.69
70 0.37105050031269565 1.795778894472363 40.67 40.670000000000016
