# index clusteringCoefficient averagePathLength inDegreeMean outDegreeMean
1 0.9233857982982001 4.530800575263659 1.910569105691057 1.9105691056910579
2 0.8135201604997162 3.8714741035856566 3.244999999999999 3.2450000000000006
3 0.6996506322405023 3.8460646870515527 5.940000000000002 5.940000000000004
4 0.6297605051284594 3.4675453047775866 9.544999999999996 9.544999999999995
5 0.5850199375711328 2.7818983982863887 13.875000000000002 13.875000000000004
6 0.5620868099828773 2.3508906679270827 19.145000000000003 19.145
7 0.5134566221833411 2.0681024942538873 25.47999999999999 25.479999999999997
8 0.47849962464711554 1.9093331837181253 30.409999999999997 30.410000000000014
9 0.44883015951515687 1.8653093187157428 35.26 35.260000000000005
10 0.427557856096348 1.8348995811405895 37.65499999999998 37.65500000000004
11 0.4193372091902548 1.8413932066781837 38.675000000000004 38.675
12 0.41475270266786823 1.8182948306226028 39.62499999999998 39.62499999999999
13 0.4062073089235303 1.81157041488851 40.9 40.9
14 0.3982215912788507 1.7994495088507874 41.574999999999996 41.57500000000002
15 0.39710878274196504 1.7925304916542504 41.93499999999998 41.93500000000002
16 0.39657762437124944 1.7910301507537711 42.465 42.464999999999975
17 0.3986279756665709 1.78670854271357 42.59500000000002 42.595
18 0.39379402668611363 1.7857788944723647 42.7 42.70000000000002
19 0.3935064689517324 1.785577889447237 42.71000000000001 42.709999999999994
20 0.3924457769494633 1.7854020100502535 42.72499999999998 42.72500000000001
21 0.3936014099343648 1.7859547738693526 42.694999999999986 42.695
22 0.39229181859924883 1.7859045226130617 42.68000000000002 42.68
23 0.3899150528050129 1.785527638190952 42.714999999999996 42.71500000000002
24 0.3901068254868595 1.7854773869346756 42.7 42.69999999999998
25 0.38953974556356824 1.7856030150753777 42.710000000000015 42.71
26 0.3895342084650082 1.7855527638190947 42.70000000000002 42.69999999999999
27 0.39202293169111097 1.7855778894472392 42.685 42.68500000000001
28 0.3902642951678685 1.7853015075376883 42.729999999999976 42.73
29 0.3898208275936577 1.785603015075371 42.67500000000001 42.67499999999999
30 0.39227358668935514 1.785376884422112 42.724999999999994 42.724999999999966
31 0.39005915241876643 1.7854020100502506 42.724999999999994 42.72500000000001
32 0.3909966777408638 1.7854020100502517 42.72 42.72
33 0.3896056505415554 1.785502512562816 42.70499999999998 42.705000000000005
34 0.3918650568565485 1.785477386934674 42.70499999999999 42.705
35 0.393518083353591 1.785452261306532 42.72500000000002 42.724999999999994
36 0.3903357372444154 1.7854271356783937 42.720000000000006 42.71999999999999
37 0.39085149771763467 1.7855025125628126 42.714999999999975 42.71500000000001
38 0.3913020284687896 1.7855527638190933 42.684999999999995 42.685000000000024
39 0.3872413094562839 1.7856783919597983 42.654999999999994 42.655
40 0.3911062042514109 1.7855276381909533 42.695000000000036 42.69500000000001
41 0.391402371498798 1.785452261306535 42.70999999999998 42.709999999999994
42 0.3967228479593764 1.7854271356783895 42.725 42.72499999999998
43 0.3909283418415579 1.785502512562816 42.7 42.70000000000002
44 0.3875500364638195 1.7853266331658249 42.73499999999999 42.73500000000002
45 0.3895167868622208 1.7854020100502557 42.714999999999996 42.71500000000002
46 0.38762890635550845 1.7854271356783862 42.70500000000002 42.70500000000001
47 0.39021756745806635 1.7854020100502563 42.714999999999996 42.714999999999996
48 0.39049361207897804 1.7856281407035206 42.675000000000054 42.67500000000001
49 0.3889245874186314 1.7854773869346723 42.70000000000001 42.699999999999996
50 0.39343016503254735 1.7853266331658204 42.730000000000004 42.73
51 0.3900143154255465 1.785351758793972 42.72000000000001 42.71999999999999
52 0.3926328228398561 1.785477386934673 42.69 42.68999999999999
53 0.3912767738973069 1.7854522613065378 42.699999999999996 42.699999999999996
54 0.39043878129811177 1.7854020100502461 42.71500000000002 42.71500000000002
55 0.3918944980147475 1.7851758793969885 42.760000000000005 42.76
56 0.38950004051535536 1.7854773869346747 42.69999999999998 42.699999999999996
57 0.3934194959889797 1.785427135678388 42.71999999999996 42.720000000000006
58 0.3883296869513545 1.785527638190954 42.694999999999986 42.694999999999986
59 0.3893630986143745 1.7855025125628188 42.705000000000005 42.704999999999984
60 0.3889829295302916 1.7853015075376892 42.72500000000002 42.725000000000016
61 0.3915636226129701 1.785427135678388 42.72000000000001 42.71999999999999
62 0.38988777246576417 1.785402010050253 42.71 42.70999999999999
63 0.392055884180104 1.7857035175879463 42.67999999999995 42.68
64 0.3922002538962262 1.7853768844221105 42.73499999999999 42.73500000000002
65 0.3876465980606649 1.7854271356783964 42.72000000000002 42.720000000000006
66 0.38805377738162733 1.7857537688442195 42.66 42.66
67 0.3905183264457228 1.7855276381909555 42.685000000000045 42.68499999999999
68 0.3901493666099453 1.7855778894472347 42.67999999999999 42.679999999999986
69 0.39007387299786606 1.7854271356783868 42.73000000000003 42.72999999999998
70 0.3903033249601598 1.7854271356783937 42.71 42.71
