# index clusteringCoefficient averagePathLength inDegreeMean outDegreeMean
1 0.9315904651060244 4.3966069521888835 1.9756097560975616 1.9756097560975612
2 0.8343298022032809 4.0030540077154 3.2699999999999996 3.2699999999999996
3 0.7422753551700267 3.8582953956088293 5.319999999999995 5.320000000000004
4 0.6574457307077055 3.2055330510034956 8.965 8.965
5 0.6208370894592281 2.9959487241504466 13.085000000000004 13.084999999999997
6 0.6065157657830825 2.5362643035361203 17.580000000000002 17.580000000000005
7 0.5112658852044369 2.1849714071936304 23.98499999999999 23.985000000000007
8 0.4465997228482916 1.99196524379073 30.350000000000005 30.35
9 0.42497833711546734 1.882308980801443 35.995000000000005 35.995000000000005
10 0.42272667046949314 1.8195876288659767 39.61499999999998 39.61500000000002
11 0.4223684699378548 1.7925452002279443 41.595000000000034 41.59499999999999
12 0.41769206164408973 1.78551733024095 42.54499999999998 42.54499999999996
13 0.4155660743827141 1.792269427947819 43.305 43.305000000000014
14 0.4148440216114637 1.7855438810212694 43.825 43.82500000000001
15 0.40966490486257945 1.7857215369778183 43.79999999999999 43.79999999999996
16 0.40777685621871673 1.7815711724451444 44.06499999999999 44.06499999999999
17 0.4132737843551798 1.775925079945179 44.264999999999986 44.26499999999999
18 0.4078618504665017 1.7808040201004982 44.404999999999994 44.405000000000015
19 0.4091229739252998 1.7804522613065326 44.46499999999997 44.46499999999999
20 0.40672809490251377 1.775258200550492 44.504999999999974 44.504999999999995
21 0.4067318534179001 1.77528345243807 44.504999999999995 44.50499999999999
22 0.4061819356354242 1.7804020100502578 44.475 44.475000000000016
23 0.4070657740192626 1.7755359713138528 44.449999999999996 44.45
24 0.40683356824054506 1.7803768844221108 44.47500000000001 44.474999999999994
25 0.40688994597134126 1.7754602156511154 44.45999999999999 44.45999999999995
26 0.4057009631195679 1.7754349637635443 44.47 44.469999999999985
27 0.40689887244538414 1.7804522613065357 44.47000000000003 44.47
28 0.40725949717810184 1.7758291457286417 44.62500000000001 44.62499999999999
29 0.40531442330279516 1.7754020100502523 44.695 44.69500000000002
30 0.40637949260042283 1.7753015075376892 44.715 44.71500000000003
31 0.403643528306319 1.7753015075376921 44.715 44.71499999999998
32 0.4031503406154567 1.775477386934675 44.68499999999999 44.685000000000024
33 0.40250223161851084 1.7753517587939753 44.71499999999998 44.715000000000025
34 0.4056330749354005 1.7754271356783957 44.69 44.69000000000001
35 0.3993273431994361 1.7755025125628134 44.695000000000014 44.695000000000014
36 0.40500035236081755 1.775276381909547 44.72499999999997 44.72500000000001
37 0.4064603006812305 1.7754271356783926 44.69000000000001 44.690000000000005
38 0.40373655156213284 1.7754522613065349 44.69999999999999 44.70000000000001
39 0.4031667841202723 1.775376884422107 44.7 44.69999999999999
40 0.4049281183932348 1.775603015075379 44.65500000000001 44.654999999999994
41 0.4058784355179702 1.7755276381909548 44.674999999999955 44.675000000000004
42 0.4029687573408502 1.7753517587939691 44.705 44.70500000000003
43 0.40404886070002344 1.7754773869346718 44.680000000000014 44.68000000000003
44 0.40503030303030313 1.7754522613065333 44.685 44.685
45 0.4040178529480852 1.775452261306536 44.69500000000001 44.695
46 0.403130725863284 1.7752261306532597 44.735 44.73500000000002
47 0.4017208127789522 1.7754773869346734 44.68499999999996 44.68499999999998
48 0.40277143528306325 1.7755025125628137 44.67499999999998 44.675000000000004
49 0.40162074230678874 1.775527638190954 44.675000000000004 44.675
50 0.40417394879022805 1.775276381909548 44.725 44.72499999999999
51 0.40585083392060156 1.7753015075376848 44.725000000000016 44.72500000000001
52 0.4036300211416492 1.7752261306532666 44.73499999999998 44.735
53 0.40568195241451055 1.775452261306536 44.69499999999999 44.695
54 0.40757223396758296 1.7754522613065327 44.70999999999999 44.71
55 0.4046683110171481 1.7754020100502494 44.73000000000001 44.73000000000001
56 0.40367547568710377 1.77545226130653 44.720000000000006 44.72
57 0.40127789523138374 1.7755527638190947 44.665 44.66499999999999
58 0.4026640826873385 1.7753266331658255 44.71 44.710000000000015
59 0.4041234437397228 1.7754020100502519 44.7 44.699999999999996
60 0.406375968992248 1.7755276381909577 44.66999999999999 44.66999999999999
61 0.40827190509748645 1.7754020100502534 44.69499999999999 44.695
62 0.4058186516326049 1.775351758793977 44.70500000000001 44.705000000000005
63 0.4029854357528774 1.7753768844221103 44.705 44.704999999999984
64 0.4043227625088088 1.7754271356783913 44.69999999999999 44.699999999999996
65 0.4038533004463239 1.7752010050251281 44.73499999999997 44.735
66 0.4032764857881137 1.7754522613065362 44.68500000000002 44.68499999999999
67 0.4056610288935872 1.7753768844221138 44.70500000000001 44.705000000000005
68 0.40684272962179924 1.7753517587939691 44.71500000000003 44.71500000000002
69 0.4071558609349308 1.7752763819095507 44.72499999999999 44.725
70 0.40244749823819587 1.7752010050251257 44.73999999999999 44.739999999999995
