# index clusteringCoefficient averagePathLength inDegreeMean outDegreeMean
1 0.9270997532369415 4.681507715658989 1.9105691056910585 1.910569105691057
2 0.7963602852541449 4.6370182472793084 3.1999999999999984 3.200000000000001
3 0.6932663733860825 3.2810066293364217 5.345000000000001 5.345
4 0.6599895624757294 3.1932935393258384 8.615000000000002 8.615
5 0.6286264968033958 2.851163266698515 12.220000000000002 12.22
6 0.568772440954996 2.4351210806486385 17.220000000000013 17.22000000000001
7 0.49341541632325636 2.186999358061902 21.619999999999987 21.619999999999997
8 0.41491737767166775 2.00966104020858 26.38000000000001 26.380000000000006
9 0.38455246312475294 1.9286127623757168 30.585 30.585000000000008
10 0.36751653279902713 1.8864504550698658 33.099999999999994 33.09999999999999
11 0.36704196050470883 1.8844221105527623 34.54000000000003 34.540000000000006
12 0.36746438022949385 1.8436627582356218 35.64500000000001 35.64500000000001
13 0.3668208294137083 1.8336153127446233 36.54500000000004 36.545
14 0.35981501420848894 1.832251710815378 36.91000000000002 36.91
15 0.35707483799589085 1.8223529708845758 37.10999999999999 37.109999999999985
16 0.3589963647858386 1.8221356783919598 37.265000000000015 37.265
17 0.3554856171961434 1.8213567839196012 37.32499999999998 37.324999999999996
18 0.35294264017948235 1.8176381909547699 37.41499999999999 37.41500000000003
19 0.3515987039671254 1.8163316582914588 37.49 37.49000000000001
20 0.35305318476371134 1.8162562814070373 37.51499999999999 37.515000000000015
21 0.3544270586375849 1.8110653771369407 37.52999999999997 37.53000000000001
22 0.34993243243243266 1.8159798994974896 37.52000000000003 37.51999999999999
23 0.3532693219535321 1.8160804020100538 37.505000000000024 37.504999999999995
24 0.34947289394657843 1.8161306532663308 37.52500000000002 37.52499999999996
25 0.3483914177335231 1.815879396984926 37.505 37.504999999999995
26 0.3485921447763554 1.8158040201005017 37.515000000000015 37.514999999999986
27 0.34910596310596304 1.811457286432159 37.59000000000001 37.589999999999996
28 0.3480512091038404 1.8109296482412074 37.710000000000015 37.70999999999997
29 0.35051762288604427 1.8110804020100488 37.680000000000014 37.67999999999998
30 0.3457902639481588 1.810929648241209 37.68500000000002 37.68500000000001
31 0.3523372056266792 1.8108793969849264 37.7 37.69999999999996
32 0.349328275644065 1.811005025125626 37.694999999999986 37.695
33 0.34661371898214044 1.811155778894473 37.679999999999986 37.68
34 0.34800932511458854 1.8110050251256296 37.690000000000005 37.69
35 0.35010905642484597 1.8111809045226117 37.68999999999998 37.689999999999976
36 0.34896989094357506 1.8111055276381887 37.68500000000002 37.68500000000003
37 0.34743598862019903 1.8110050251256282 37.675 37.67499999999999
38 0.34802473526157746 1.8109798994974908 37.705000000000005 37.705
39 0.34723605184131495 1.8108542713567866 37.684999999999995 37.68499999999997
40 0.3477773826458034 1.811356783919598 37.62000000000002 37.619999999999976
41 0.34906116642958745 1.8110301507537678 37.669999999999995 37.669999999999995
42 0.34955468626521236 1.8108793969849297 37.720000000000006 37.71999999999999
43 0.34933854907539136 1.8108542713567826 37.705000000000005 37.704999999999984
44 0.3505326379010591 1.8110050251256284 37.71500000000002 37.714999999999996
45 0.3498601232811761 1.8111055276381895 37.71500000000002 37.71499999999999
46 0.34804449186028125 1.8109798994974888 37.68999999999999 37.68999999999998
47 0.35070333491386163 1.8107788944723644 37.72 37.72
48 0.3458364943891258 1.8108793969849206 37.715000000000025 37.715000000000025
49 0.3464212897107631 1.8109798994974853 37.70999999999999 37.71000000000001
50 0.34970365101944084 1.8108291457286418 37.725000000000016 37.725
51 0.3528809072230126 1.8111557788944745 37.74000000000001 37.74
52 0.35208076497550217 1.810904522613058 37.7 37.699999999999974
53 0.34934882250671734 1.8110552763819117 37.715000000000025 37.71500000000001
54 0.3479579579579579 1.8111055276381898 37.69499999999998 37.694999999999986
55 0.3483941836573416 1.8105778894472428 37.75 37.749999999999986
56 0.3491658764027188 1.8111557788944717 37.689999999999955 37.68999999999999
57 0.35017464833254286 1.8112562814070334 37.694999999999986 37.694999999999965
58 0.3508013276434329 1.8111306532663325 37.67499999999997 37.67499999999997
59 0.34806701438280385 1.8106281407035205 37.75499999999999 37.75499999999999
60 0.3513762446657185 1.8111809045226097 37.699999999999974 37.699999999999996
61 0.35039236605026053 1.8112060301507502 37.7 37.69999999999998
62 0.3516366366366367 1.8111557788944679 37.7 37.699999999999974
63 0.34996483325430705 1.8110301507537647 37.735000000000014 37.73500000000002
64 0.347076813655761 1.811055276381912 37.705000000000005 37.705
65 0.3517042042042043 1.8111557788944745 37.689999999999976 37.68999999999997
66 0.3491461198040146 1.8111306532663287 37.71500000000003 37.715
67 0.3484115694642012 1.8111809045226102 37.71 37.709999999999994
68 0.34840327169274554 1.8114572864321616 37.655 37.65499999999998
69 0.35017188240872427 1.8108291457286447 37.70499999999998 37.70499999999999
70 0.3476102418207681 1.8113316582914551 37.685000000000024 37.68499999999999
