# index clusteringCoefficient averagePathLength inDegreeMean outDegreeMean
1 0.9378123507295388 4.641019358000523 1.7804878048780488 1.780487804878048
2 0.8000958772718549 5.245650420555349 3.169999999999999 3.170000000000001
3 0.7053450504071936 3.1250257891479247 5.334999999999997 5.334999999999998
4 0.6860141782541147 3.430644927185639 8.47999999999999 8.479999999999999
5 0.6793946166684383 3.220181464203069 12.409999999999998 12.410000000000002
6 0.6323211868778678 2.591531638825334 17.834999999999997 17.835000000000004
7 0.5656777299740542 2.2507784229571355 23.360000000000003 23.360000000000003
8 0.503425618244878 2.0060459492140246 29.419999999999995 29.419999999999998
9 0.44172745588839435 1.8896343067613801 33.7 33.699999999999996
10 0.4110618931624531 1.8514254948210447 36.945 36.945
11 0.3973535630074613 1.8220484553262417 38.69 38.69000000000002
12 0.39869463414810696 1.8102294577618276 39.76000000000001 39.76
13 0.39817755815598455 1.7966809256300618 40.36 40.35999999999998
14 0.3946869918699185 1.8012255153317593 40.410000000000004 40.40999999999999
15 0.3867161919911121 1.8064819044718499 40.56 40.560000000000045
16 0.39138536585365846 1.8105025125628118 40.80000000000002 40.80000000000004
17 0.39049041811846685 1.8032372919875772 40.89000000000002 40.89000000000001
18 0.3867374881216342 1.8014572864321607 41.17999999999999 41.180000000000014
19 0.38637427409988395 1.7955102143885262 41.29500000000003 41.295
20 0.3798840882694538 1.7910153783995368 41.410000000000004 41.40999999999999
21 0.3852970383275261 1.7954773869346763 41.504999999999995 41.50500000000002
22 0.3848382694541232 1.7956532663316591 41.509999999999984 41.51000000000002
23 0.3873211382113819 1.7959045226130668 41.42999999999998 41.42999999999997
24 0.3853902439024388 1.7955527638190985 41.48500000000001 41.485
25 0.3864152148664343 1.790502512562817 41.719999999999985 41.720000000000006
26 0.3822354819976772 1.7905025125628138 41.73 41.73
27 0.38244657375145175 1.7906030150753753 41.69999999999998 41.70000000000001
28 0.38443176538908225 1.7906030150753773 41.715 41.715
29 0.38309698025551653 1.7904773869346675 41.714999999999975 41.714999999999996
30 0.37979297328687567 1.7904020100502513 41.71999999999999 41.71999999999999
31 0.37872342088805516 1.790351758793974 41.734999999999985 41.73500000000001
32 0.3849788037166087 1.7904773869346697 41.72000000000002 41.720000000000006
33 0.38199361207897775 1.7907286432160823 41.685 41.684999999999995
34 0.3812070267131242 1.7907035175879416 41.705 41.705000000000005
35 0.3809468641114983 1.7904773869346748 41.71499999999998 41.71500000000001
36 0.3844390243902439 1.7906783919598002 41.67499999999999 41.674999999999976
37 0.383089430894309 1.7906030150753784 41.69999999999999 41.69999999999998
38 0.38230836236933796 1.7905527638190983 41.709999999999994 41.71
39 0.38125174216027885 1.7905527638190954 41.71999999999999 41.720000000000006
40 0.38347009291521467 1.7905778894472337 41.690000000000026 41.68999999999998
41 0.38100029036004635 1.7907035175879438 41.675 41.67499999999999
42 0.38433304297328696 1.7905025125628105 41.714999999999996 41.71500000000001
43 0.38139721254355413 1.790603015075374 41.679999999999986 41.68
44 0.3789526713124271 1.7908040201004989 41.655 41.655
45 0.3848989547038326 1.7904773869346764 41.705000000000005 41.70500000000003
46 0.3837889082462255 1.7907286432160794 41.68 41.67999999999998
47 0.3798620789779326 1.7905778894472406 41.72499999999998 41.725
48 0.3820107433217189 1.7906281407035176 41.695 41.695000000000014
49 0.38194773519163805 1.7905025125628111 41.699999999999996 41.69999999999997
50 0.3816347270615563 1.7907035175879367 41.715 41.714999999999975
51 0.3821085946573749 1.7906783919597986 41.695 41.69499999999999
52 0.3845182926829269 1.790778894472364 41.65999999999998 41.65999999999999
53 0.3834195702671314 1.790502512562813 41.71499999999999 41.71499999999999
54 0.38156910569105656 1.7907537688442208 41.66499999999999 41.66499999999999
55 0.3808400116144016 1.7903517587939661 41.72999999999999 41.73000000000001
56 0.3836585365853661 1.7905527638190954 41.684999999999995 41.68499999999999
57 0.37995180023228753 1.790326633165824 41.740000000000016 41.74000000000001
58 0.3837491289198607 1.7907788944723615 41.669999999999995 41.66999999999997
59 0.3803254936120785 1.7905527638190932 41.68999999999999 41.68999999999999
60 0.3789306039488967 1.790552763819092 41.690000000000005 41.69000000000001
61 0.3802497096399538 1.7905527638190948 41.70999999999999 41.70999999999998
62 0.3806506968641116 1.790628140703516 41.665000000000006 41.664999999999964
63 0.3807883275261327 1.7906030150753753 41.695 41.695000000000014
64 0.381767711962834 1.790778894472361 41.66500000000001 41.664999999999985
65 0.3855940766550524 1.790502512562817 41.71 41.70999999999999
66 0.38397357723577225 1.7905527638190966 41.72 41.71999999999996
67 0.3822923925667828 1.790603015075378 41.684999999999995 41.684999999999995
68 0.384133855981417 1.7903768844221128 41.71999999999996 41.71999999999999
69 0.3839288617886175 1.7903768844221097 41.75500000000001 41.755
70 0.38397009291521494 1.790703517587941 41.67 41.66999999999995
