# index clusteringCoefficient averagePathLength inDegreeMean outDegreeMean
1 0.9291232511129816 4.409178977960773 1.8780487804878045 1.8780487804878043
2 0.8391555752347657 4.800154350762067 3.0999999999999996 3.0999999999999996
3 0.7305837968398669 3.4912141480557777 5.485000000000001 5.485000000000003
4 0.6586829375419527 2.945689771348979 8.670000000000002 8.669999999999995
5 0.6129992218031891 2.7683011852196104 12.349999999999998 12.350000000000003
6 0.5910308812458326 2.556205254000413 16.460000000000015 16.459999999999976
7 0.4771372415730545 2.1174809617523787 21.930000000000007 21.92999999999999
8 0.4261481101952239 1.9367563837129063 28.41 28.410000000000007
9 0.39986443493915524 1.8979688987622976 31.869999999999983 31.870000000000026
10 0.38822349011420515 1.851802157327018 34.31500000000002 34.315000000000005
11 0.38695145566964134 1.8342013661702756 35.665000000000006 35.665000000000006
12 0.37847329906849353 1.8229736449527636 36.21500000000003 36.21500000000001
13 0.3762194648405172 1.8192564049156426 36.62999999999998 36.630000000000024
14 0.3790068553615739 1.8129047298347407 37.199999999999996 37.20000000000001
15 0.37069537148484516 1.8112757665880408 37.73499999999998 37.73499999999999
16 0.36928274428274416 1.8113783201722888 37.73999999999998 37.74000000000002
17 0.36871922529817247 1.811506512152602 37.73000000000001 37.73000000000002
18 0.3700477805740967 1.8114308918328967 38.084999999999994 38.085
19 0.36507477112740233 1.8113039947210832 38.10500000000002 38.105000000000025
20 0.36281093846883317 1.8065248444036301 38.085000000000036 38.08499999999999
21 0.3692575774154724 1.8065248444036264 38.124999999999986 38.12500000000001
22 0.363746580588686 1.811532663316583 38.424999999999976 38.424999999999976
23 0.3626238586764905 1.811306532663315 38.495 38.49499999999997
24 0.3633121785753364 1.8115075376884433 38.51 38.510000000000005
25 0.3590166684903528 1.8110552763819088 38.515000000000015 38.51499999999998
26 0.3594669365721995 1.811331658291457 38.49499999999998 38.49499999999999
27 0.35572455046139284 1.8110552763819103 38.5 38.5
28 0.35744483349746514 1.810678391959797 38.515000000000015 38.515000000000015
29 0.3583220264799212 1.805929648241203 38.67999999999997 38.67999999999999
30 0.3582512674617939 1.8061055276381957 38.684999999999974 38.684999999999995
31 0.3588747857168913 1.8059547738693504 38.69499999999999 38.695
32 0.3596188496188493 1.8061055276381928 38.700000000000024 38.70000000000001
33 0.3585753364700732 1.8060050251256297 38.70499999999999 38.705000000000005
34 0.35929332166174255 1.8059547738693478 38.70499999999999 38.70500000000001
35 0.35748148958675274 1.8058793969849194 38.675 38.67499999999998
36 0.3567718933508406 1.806180904522611 38.675 38.67500000000001
37 0.3596828609986505 1.8057537688442227 38.705000000000005 38.70500000000001
38 0.35876135244556295 1.805804020100501 38.71999999999999 38.719999999999985
39 0.3581075610022978 1.8063316582914577 38.61500000000002 38.615
40 0.3605745522850788 1.8058291457286424 38.699999999999996 38.7
41 0.3617630788683421 1.8058793969849254 38.690000000000005 38.69000000000001
42 0.3557861910493492 1.805879396984926 38.720000000000006 38.71999999999997
43 0.3603384761279498 1.805879396984926 38.7 38.70000000000002
44 0.3601942225626435 1.806130653266333 38.69999999999998 38.7
45 0.3595871174818545 1.8060804020100496 38.675 38.675
46 0.3602390852390851 1.8059547738693449 38.66499999999999 38.664999999999985
47 0.3589734471313418 1.8059798994974883 38.665 38.664999999999985
48 0.357194988510778 1.805653266331657 38.72500000000002 38.725
49 0.35673268410110515 1.8057788944723603 38.72500000000001 38.725
50 0.35879271984535166 1.8060552763819084 38.680000000000014 38.67999999999999
51 0.3609415690994638 1.8058542713567796 38.715 38.71500000000003
52 0.36020261151840094 1.805954773869347 38.71 38.71000000000001
53 0.35761516577305996 1.8062311557788953 38.69000000000001 38.68999999999996
54 0.35776069591859083 1.805753768844219 38.745000000000005 38.745
55 0.3581659189553925 1.805653266331656 38.705 38.70500000000001
56 0.3556112995586683 1.8058793969849232 38.71499999999999 38.71499999999999
57 0.3564295874822189 1.8060050251256288 38.634999999999984 38.634999999999984
58 0.35599226757121477 1.8058542713567862 38.705 38.70500000000001
59 0.35681967392493713 1.8057788944723618 38.725 38.72500000000002
60 0.35976109712951826 1.805829145728644 38.72 38.720000000000006
61 0.36096928912718385 1.8059045226130623 38.735 38.735000000000014
62 0.36031148557464326 1.806130653266335 38.670000000000016 38.67000000000001
63 0.35837090126563814 1.8061055276381932 38.705 38.704999999999984
64 0.3586304117883068 1.805929648241206 38.70500000000001 38.70500000000001
65 0.3581785023890287 1.8060050251256288 38.68499999999999 38.68499999999999
66 0.35472644709486806 1.8059798994974867 38.66500000000001 38.66500000000002
67 0.3581961921435606 1.8059296482412068 38.70499999999999 38.70500000000003
68 0.3545150818835029 1.805653266331657 38.7 38.699999999999974
69 0.36113232665864226 1.8059045226130646 38.71000000000001 38.70999999999999
70 0.35875606375606367 1.8060301507537695 38.67999999999999 38.679999999999986
