# index clusteringCoefficient averagePathLength inDegreeMean outDegreeMean
1 0.9320524684296249 5.09080989330747 1.796747967479676 1.796747967479676
2 0.81787346744776 4.922173661207969 2.960000000000001 2.9600000000000017
3 0.721489453816706 3.4826362307745864 5.480000000000001 5.48
4 0.6747426380951018 3.885190995039638 9.444999999999995 9.445000000000004
5 0.6667003436851685 3.2792786396393128 13.739999999999998 13.739999999999995
6 0.6570533195170252 2.6817007567699083 18.554999999999986 18.554999999999993
7 0.6140686291987406 2.2964557800596044 24.37 24.37
8 0.5743443808656675 2.118283266342289 29.009999999999987 29.009999999999987
9 0.531792251022578 1.9944522949704293 33.504999999999995 33.505
10 0.4927814795688869 1.9035040012431077 35.759999999999984 35.76
11 0.4525338638975651 1.8232416223893952 37.47500000000001 37.475000000000016
12 0.40168295940689397 1.8173390646848642 38.41499999999999 38.415000000000006
13 0.3875407387769531 1.81369181874103 39.04 39.03999999999999
14 0.3852530998561168 1.8251758793969863 39.425 39.42499999999999
15 0.3782265295679929 1.8166331658291455 39.595000000000006 39.59500000000002
16 0.37624422336328645 1.8146984924623102 39.91 39.91
17 0.37666377944548707 1.8080150753768816 40.02999999999999 40.03000000000001
18 0.37830048385504084 1.8059547738693444 40.335000000000015 40.33499999999998
19 0.37976907442151336 1.806030150753766 40.270000000000024 40.26999999999999
20 0.37619762351469654 1.8059045226130697 40.25000000000001 40.249999999999986
21 0.3768977485928704 1.805577889447237 40.29499999999998 40.29500000000003
22 0.37474968730456565 1.7957788944723625 40.67499999999997 40.67500000000001
23 0.37619121325828636 1.7957035175879368 40.709999999999994 40.71000000000001
24 0.37485928705440896 1.7957035175879361 40.71000000000002 40.709999999999994
25 0.37414509068167573 1.7958542713567847 40.67999999999999 40.68
26 0.3699823327079425 1.7956783919598016 40.685 40.68499999999997
27 0.37397779862414005 1.7955276381909588 40.72000000000005 40.720000000000006
28 0.37235944340212596 1.795577889447234 40.695 40.69499999999999
29 0.3719419949968731 1.7956030150753768 40.70000000000001 40.69999999999998
30 0.3713658536585367 1.7957286432160748 40.68499999999999 40.684999999999995
31 0.37460850531582246 1.7956030150753794 40.705 40.705000000000005
32 0.373516416510319 1.7956532663316525 40.70000000000001 40.69999999999999
33 0.37450515947467183 1.79560301507538 40.714999999999996 40.71500000000002
34 0.37345090681676074 1.7956532663316604 40.694999999999986 40.69499999999998
35 0.37086772983114463 1.7959045226130674 40.64499999999999 40.64500000000001
36 0.372409787367104 1.7955527638190962 40.69500000000001 40.69499999999999
37 0.37324718574108845 1.7954020100502506 40.734999999999985 40.735
38 0.3739308943089432 1.7958291457286455 40.665000000000006 40.66499999999999
39 0.3713439649781112 1.7955025125628152 40.72999999999997 40.73
40 0.3712229518449029 1.7956783919598 40.69999999999997 40.699999999999996
41 0.37316307066916843 1.7956281407035146 40.695 40.69500000000002
42 0.37370043777360834 1.7955527638190951 40.72 40.71999999999999
43 0.37176219512195124 1.7956281407035184 40.69499999999999 40.69499999999999
44 0.3721540025015638 1.7955025125628148 40.71500000000001 40.71499999999999
45 0.3719010318949341 1.7954522613065305 40.72000000000004 40.71999999999998
46 0.37276219512195136 1.7956532663316582 40.69000000000001 40.69
47 0.37351297686053814 1.7957286432160768 40.67999999999998 40.68000000000001
48 0.3712659474671668 1.7956532663316547 40.67999999999997 40.680000000000014
49 0.3713566291432144 1.7953517587939698 40.72500000000002 40.724999999999994
50 0.37118292682926823 1.7957537688442184 40.669999999999995 40.67
51 0.37139587242026295 1.7953266331658226 40.75000000000002 40.75000000000001
52 0.37387367104440267 1.7955025125628143 40.714999999999996 40.71500000000001
53 0.3741601000625391 1.795753768844216 40.67999999999998 40.67999999999999
54 0.3744821763602252 1.7958040201005028 40.65999999999998 40.659999999999975
55 0.3753250469043153 1.7956030150753728 40.720000000000006 40.720000000000006
56 0.37078189493433433 1.795703517587947 40.69000000000001 40.689999999999976
57 0.3738922764227642 1.7958291457286424 40.66500000000001 40.665
58 0.3704853033145718 1.7956783919597938 40.69500000000001 40.69500000000001
59 0.37260021888680434 1.7955527638190947 40.70499999999999 40.705000000000005
60 0.3742303001876172 1.7955276381909493 40.705 40.70499999999999
61 0.3712140400250155 1.7957035175879412 40.690000000000005 40.69
62 0.37573342714196395 1.795929648241207 40.680000000000014 40.680000000000014
63 0.373275484677924 1.7956783919598012 40.69499999999997 40.694999999999986
64 0.3716227329580986 1.7956532663316627 40.70000000000001 40.7
65 0.37217448405253273 1.7957035175879374 40.690000000000005 40.69000000000001
66 0.3718982176360226 1.7957035175879419 40.69500000000002 40.69499999999999
67 0.3731280487804877 1.7958793969849258 40.655000000000015 40.65499999999998
68 0.3715365853658533 1.795527638190959 40.70499999999998 40.705000000000005
69 0.3698095684803003 1.7956030150753777 40.7 40.70000000000001
70 0.3720384615384614 1.7955778894472383 40.705 40.70499999999999
