# index clusteringCoefficient averagePathLength inDegreeMean outDegreeMean
1 0.920453017078088 4.716728540893244 1.6991869918699183 1.6991869918699187
2 0.7997012582362608 4.6842011729163175 3.3300000000000005 3.329999999999999
3 0.7261539338945527 3.3092043509469384 5.860000000000001 5.859999999999999
4 0.664437820876427 3.3533429031275905 8.894999999999994 8.894999999999992
5 0.6080468248696973 2.739919419822725 13.735000000000001 13.734999999999998
6 0.5567202808837661 2.384070587540921 19.429999999999986 19.429999999999996
7 0.49993217558473646 2.177145467247022 24.930000000000014 24.93
8 0.44082734026013626 2.006273592429132 30.254999999999985 30.254999999999995
9 0.4378863996651657 1.9110855737880184 33.655000000000015 33.655
10 0.42366808701154185 1.8694146264079092 35.79999999999998 35.800000000000004
11 0.4216447655526864 1.826820369097354 37.95000000000002 37.949999999999996
12 0.4165929712356786 1.840278314650175 39.440000000000005 39.44
13 0.4132011096741957 1.8359747455224842 39.725 39.72500000000001
14 0.407805418253518 1.8187634366824676 40.240000000000016 40.239999999999995
15 0.3928592239260402 1.8054995791138464 41.05500000000002 41.05499999999997
16 0.39647635754757493 1.7937402749789557 41.595 41.59500000000001
17 0.3997475893363584 1.791163941535086 41.85000000000003 41.84999999999998
18 0.40025982217950234 1.791178112786156 42.0 42.00000000000001
19 0.3990809766901653 1.790670524338866 42.059999999999995 42.059999999999995
20 0.3923763606406827 1.7908133632989065 42.239999999999995 42.23999999999997
21 0.3936638035815574 1.7857124820080297 42.45000000000001 42.45
22 0.39221932172638246 1.7861809045226098 42.56999999999998 42.57000000000001
23 0.39219890338438257 1.7856532663316569 42.68000000000001 42.680000000000014
24 0.3932590551819137 1.7855527638190916 42.69000000000002 42.690000000000005
25 0.3885269967317613 1.7855025125628123 42.714999999999996 42.714999999999996
26 0.3876147259811465 1.785402010050252 42.72 42.720000000000006
27 0.38807281959862755 1.7854020100502506 42.709999999999994 42.70999999999998
28 0.3901752964373497 1.7855527638190973 42.685000000000024 42.685000000000024
29 0.389859951921778 1.7854271356783957 42.715 42.71500000000003
30 0.38987642816627494 1.7854522613065282 42.70000000000002 42.7
31 0.3882837695486585 1.785753768844221 42.665 42.66499999999998
32 0.388773059989736 1.7854773869346734 42.68999999999999 42.68999999999998
33 0.39226575372066 1.7855778894472383 42.675 42.675
34 0.3904932069254244 1.7853517587939647 42.71499999999999 42.71499999999997
35 0.3917949652918457 1.7854522613065305 42.70500000000002 42.705
36 0.3922395537908865 1.7853517587939742 42.72499999999999 42.725000000000016
37 0.3892250763039189 1.7855025125628188 42.689999999999976 42.68999999999997
38 0.3872969505442561 1.785603015075376 42.679999999999986 42.68000000000002
39 0.38947424573913514 1.78577889447236 42.64 42.639999999999986
40 0.38619763390324907 1.785728643216086 42.65500000000001 42.654999999999966
41 0.38909353645031447 1.7855527638190951 42.69999999999996 42.70000000000002
42 0.3888808308348862 1.785477386934678 42.69499999999999 42.695
43 0.3886189665883373 1.7855527638190998 42.68499999999999 42.685
44 0.38761594144180633 1.785376884422111 42.715 42.71499999999999
45 0.3913093212327471 1.7854020100502557 42.70499999999997 42.70499999999997
46 0.3895976825216755 1.7854773869346683 42.69500000000002 42.69499999999999
47 0.3888455824757579 1.7852763819095434 42.73500000000001 42.735
48 0.39073346298247047 1.785653266331658 42.67499999999998 42.67500000000001
49 0.38844934230073214 1.7856281407035133 42.66499999999998 42.66499999999996
50 0.39093671501499067 1.7857788944723623 42.65999999999999 42.65999999999998
51 0.3925334251681385 1.7857537688442204 42.695 42.69499999999999
52 0.393000837317343 1.7859045226130663 42.67499999999997 42.67499999999997
53 0.38821718931475024 1.7855778894472414 42.675 42.674999999999976
54 0.39061610350322745 1.7858291457286462 42.644999999999996 42.64499999999999
55 0.38852321529859796 1.785653266331656 42.67000000000001 42.66999999999999
56 0.39139413337654966 1.7853517587939725 42.73000000000001 42.73000000000001
57 0.38870607460227397 1.7855025125628163 42.69499999999998 42.69500000000002
58 0.3889016287172836 1.7855527638190996 42.69000000000002 42.68999999999998
59 0.3889113524025604 1.7857035175879334 42.65999999999999 42.66000000000002
60 0.38983240148016074 1.7855025125628141 42.69499999999999 42.695
61 0.3854217648488774 1.785427135678393 42.71000000000003 42.71000000000003
62 0.387935350998028 1.7857286432160797 42.644999999999996 42.645
63 0.3892131917996922 1.7856532663316576 42.67000000000003 42.67000000000001
64 0.39046646679091346 1.7857035175879397 42.65499999999998 42.654999999999994
65 0.38924844015881993 1.7856532663316569 42.67499999999997 42.675
66 0.391392512762337 1.7857537688442229 42.68999999999999 42.68999999999999
67 0.39300407179320973 1.7855025125628141 42.7 42.7
68 0.390145990330335 1.7854020100502512 42.71500000000002 42.714999999999996
69 0.3898611673824379 1.785653266331659 42.670000000000016 42.66999999999997
70 0.39105366934067987 1.785703517587939 42.669999999999995 42.66999999999998
