# index clusteringCoefficient averagePathLength inDegreeMean outDegreeMean
1 0.9205456355763714 4.750088662962516 1.829268292682927 1.8292682926829258
2 0.8146897204698587 4.315407780714158 3.334999999999999 3.3350000000000013
3 0.7228692714089588 4.741117067697298 5.610000000000002 5.609999999999998
4 0.642594025909519 3.420910871694417 8.629999999999995 8.629999999999995
5 0.641247338396733 3.032740191724609 13.284999999999998 13.285000000000004
6 0.609599521858055 2.584992087948715 18.220000000000002 18.220000000000013
7 0.5334355622187286 2.252186430550262 23.18500000000001 23.18500000000002
8 0.443395567175393 1.972030946747136 29.229999999999993 29.229999999999993
9 0.41403333386872454 1.8637755502630262 34.074999999999974 34.07499999999999
10 0.3941297635430699 1.8252693742229624 37.124999999999986 37.12499999999999
11 0.39068702550402606 1.813557126945892 38.32499999999999 38.325
12 0.3904372923415073 1.8146107540046905 39.019999999999975 39.01999999999998
13 0.3867262392256029 1.806902532969417 39.52999999999998 39.52999999999998
14 0.3839798311444651 1.8008730521293355 40.065000000000026 40.065
15 0.3784232506427629 1.8017474306204417 40.175 40.17500000000002
16 0.38045247029393386 1.8006868513421324 40.34000000000002 40.34
17 0.3780487804878051 1.79578798515189 40.5 40.499999999999964
18 0.38063852407754856 1.7961415115779915 40.46000000000002 40.45999999999998
19 0.38007707942464036 1.795888992702207 40.470000000000006 40.47000000000002
20 0.375799249530957 1.7960152521400967 40.475 40.47499999999999
21 0.3769440275171983 1.7958889927022053 40.46000000000003 40.459999999999965
22 0.3798674171357099 1.7958542713567853 40.694999999999986 40.695000000000014
23 0.37662132582864266 1.7959798994974896 40.68500000000003 40.68499999999999
24 0.37649140087554683 1.7958793969849187 40.65500000000001 40.65499999999998
25 0.37709568480300154 1.7959045226130654 40.65000000000001 40.65
26 0.3788624140087554 1.7959045226130683 40.665 40.664999999999985
27 0.37897217010631634 1.795829145728641 40.70499999999996 40.70500000000003
28 0.3741432145090684 1.7960552763819102 40.64500000000001 40.64499999999999
29 0.37354971857410896 1.7958040201005026 40.68 40.68
30 0.3711832395247027 1.7957035175879397 40.67999999999998 40.68
31 0.37498952470293917 1.7954271356783948 40.725000000000016 40.72500000000004
32 0.37428971232020025 1.7956281407035202 40.69500000000002 40.69499999999999
33 0.37378205128205116 1.7959045226130674 40.665 40.66499999999999
34 0.37438086303939977 1.7957035175879397 40.690000000000005 40.68999999999998
35 0.3742260787992497 1.7957537688442196 40.67999999999999 40.67999999999999
36 0.373881052302426 1.795929648241209 40.65500000000001 40.654999999999994
37 0.3761712501234325 1.7960301507537677 40.61000000000002 40.609999999999985
38 0.3738442776735459 1.7957286432160788 40.67000000000001 40.670000000000016
39 0.3757299874921825 1.795628140703518 40.69500000000004 40.694999999999986
40 0.3737912757973735 1.7957286432160793 40.68500000000002 40.68500000000001
41 0.3726494684177611 1.7955276381909595 40.704999999999984 40.70500000000002
42 0.37143230143839867 1.7956030150753768 40.70500000000003 40.70499999999999
43 0.3763427141963725 1.7954020100502535 40.72499999999999 40.72499999999998
44 0.37055018761726083 1.7957537688442196 40.68 40.679999999999986
45 0.37357520325203253 1.7956532663316576 40.69500000000005 40.69500000000001
46 0.37499546591619753 1.7956783919598027 40.67999999999999 40.68
47 0.3745425265791119 1.7956783919598018 40.7 40.7
48 0.3737345215759852 1.795829145728648 40.7 40.69999999999998
49 0.37509974984365213 1.7958291457286435 40.64499999999996 40.645
50 0.3787976860537839 1.7956532663316587 40.70500000000001 40.704999999999984
51 0.3766479049405879 1.7956281407035157 40.69500000000001 40.69499999999997
52 0.3750988117573481 1.7956532663316611 40.69000000000002 40.690000000000005
53 0.3728932145090684 1.7957035175879419 40.664999999999985 40.664999999999985
54 0.3750542526579115 1.7956532663316591 40.67499999999997 40.67500000000002
55 0.37218746091307053 1.7958542713567875 40.65000000000001 40.64999999999998
56 0.3726014696685429 1.7958542713567847 40.64499999999998 40.64500000000002
57 0.3729990619136959 1.7954773869346718 40.72499999999999 40.724999999999994
58 0.374920731707317 1.7956532663316553 40.68500000000003 40.685
59 0.377582707942464 1.7953768844221134 40.745000000000005 40.745000000000005
60 0.3755287679799874 1.795904522613065 40.64500000000004 40.64499999999998
61 0.3746022514071299 1.7956030150753777 40.71999999999996 40.72000000000001
62 0.3751319574734209 1.795829145728644 40.67499999999999 40.67499999999997
63 0.37230003126954314 1.7959296482412053 40.64 40.639999999999986
64 0.37483067542213844 1.7959547738693455 40.640000000000015 40.63999999999998
65 0.37683520950594074 1.795854271356783 40.65999999999999 40.659999999999975
66 0.37594324577861166 1.795703517587933 40.70000000000003 40.69999999999998
67 0.37973702313946234 1.7956281407035197 40.68999999999997 40.68999999999999
68 0.377866948092558 1.7956532663316553 40.70500000000002 40.70500000000001
69 0.3776771419637271 1.7957286432160786 40.68500000000002 40.68500000000001
70 0.3737032520325201 1.7956783919597936 40.675000000000004 40.674999999999976
