# index clusteringCoefficient averagePathLength inDegreeMean outDegreeMean
1 0.9316566802844525 4.367433414043592 1.7560975609756104 1.7560975609756095
2 0.7928838621842282 4.888797262194342 3.0849999999999995 3.084999999999999
3 0.7167586193904101 3.9755544955878848 5.235 5.234999999999998
4 0.672247380791278 3.1645770958083683 8.624999999999995 8.624999999999996
5 0.6299974868106325 2.7410232181425536 13.200000000000003 13.200000000000006
6 0.5785946766023313 2.5672059117235744 17.479999999999986 17.48
7 0.5263107264437445 2.16983959593719 22.984999999999992 22.985000000000003
8 0.4748916432137775 1.9738271068635953 27.934999999999995 27.935000000000002
9 0.4251106385517162 1.871402975350204 31.929999999999986 31.930000000000025
10 0.40385290199675417 1.8470066518847021 34.19000000000001 34.19
11 0.3842188609461294 1.8400593626327864 35.835000000000015 35.83499999999998
12 0.374815988146209 1.834377013271485 36.51499999999997 36.51500000000002
13 0.3704962128120024 1.825689014228945 36.88 36.87999999999997
14 0.3717120374883534 1.8247328010611414 37.140000000000015 37.13999999999999
15 0.36461052618931206 1.8153647022993749 37.78999999999998 37.79
16 0.36603047559569274 1.8138165575351513 38.01499999999999 38.01500000000002
17 0.3657520881205093 1.8134612456220445 38.080000000000005 38.080000000000005
18 0.3643096582412373 1.8069641134967753 38.250000000000014 38.25
19 0.3627475653791442 1.8061519719811188 38.364999999999995 38.36499999999998
20 0.35811231844412605 1.8070250751243637 38.40999999999998 38.41000000000001
21 0.36286610497136806 1.8063180222721684 38.51500000000001 38.514999999999986
22 0.360786555786556 1.8061412590591162 38.52000000000001 38.51999999999999
23 0.35953787795893066 1.806080402010048 38.69000000000001 38.69
24 0.35767644162381024 1.8060552763819102 38.71500000000001 38.71500000000001
25 0.35558613269139594 1.8059045226130683 38.71499999999999 38.71500000000003
26 0.36268245978772257 1.806005025125628 38.69499999999998 38.695
27 0.35768847795163583 1.8058542713567824 38.70000000000001 38.70000000000002
28 0.3571196702775653 1.8059798994974874 38.710000000000015 38.70999999999999
29 0.3577787504103294 1.8057537688442247 38.715 38.715
30 0.35861035124192997 1.80650753768844 38.665000000000006 38.664999999999985
31 0.36015154830944274 1.8064572864321615 38.66 38.660000000000004
32 0.3589537513221724 1.8064572864321637 38.63000000000003 38.629999999999995
33 0.3590810446073601 1.8058793969849254 38.68 38.679999999999986
34 0.3582828172301857 1.8059798994974867 38.68500000000001 38.68499999999999
35 0.3611007768902505 1.8059045226130628 38.73499999999997 38.735
36 0.35950942845679684 1.8059547738693495 38.724999999999966 38.725
37 0.3562457599299702 1.8055025125628148 38.735000000000014 38.73499999999998
38 0.3584493197651091 1.8060552763819044 38.68000000000001 38.679999999999986
39 0.35681730313309296 1.806055276381911 38.68 38.67999999999999
40 0.3572097603676545 1.8059798994974896 38.67500000000002 38.67500000000001
41 0.35873691505270455 1.80597989949749 38.67500000000001 38.67499999999998
42 0.3569121348068714 1.8059045226130632 38.70999999999999 38.709999999999994
43 0.35368329868329873 1.805628140703519 38.72499999999999 38.725
44 0.35921672684830575 1.8059547738693489 38.68000000000001 38.68000000000001
45 0.35986358828464077 1.8059798994974883 38.69499999999999 38.69499999999999
46 0.35766787029944924 1.8060552763819095 38.684999999999995 38.685
47 0.3571337126600283 1.8059547738693467 38.71500000000002 38.715000000000025
48 0.36075755917861163 1.805804020100501 38.73000000000002 38.72999999999999
49 0.3621756574388154 1.8059296482412068 38.674999999999976 38.675000000000004
50 0.3610889229310284 1.8057788944723636 38.72 38.71999999999999
51 0.3605496589707116 1.805778894472363 38.684999999999995 38.684999999999974
52 0.35664605901448 1.805879396984926 38.68500000000003 38.68499999999999
53 0.36172411277674427 1.8060552763819084 38.669999999999995 38.669999999999995
54 0.3598116132326662 1.8059296482412075 38.70500000000002 38.704999999999984
55 0.3609800488747856 1.8060050251256297 38.685 38.684999999999995
56 0.3585295619506146 1.805778894472359 38.70000000000003 38.699999999999996
57 0.3565348141663927 1.805904522613064 38.695 38.69500000000001
58 0.35790330816646637 1.8057788944723603 38.69000000000001 38.68999999999999
59 0.35636174636174645 1.805653266331657 38.715000000000025 38.715000000000025
60 0.3593600685705948 1.8056281407035144 38.71000000000002 38.70999999999999
61 0.35547069336543025 1.8056532663316553 38.715000000000025 38.714999999999996
62 0.35617463617463635 1.8057788944723596 38.69 38.68999999999999
63 0.35906207827260495 1.8060552763819089 38.68999999999999 38.68999999999998
64 0.3576211839369733 1.805929648241204 38.67500000000001 38.675000000000004
65 0.35802020644125926 1.8054271356783915 38.759999999999984 38.75999999999999
66 0.35805193857825435 1.8061557788944673 38.67499999999999 38.67500000000002
67 0.35909928146770204 1.8057537688442167 38.705 38.705000000000005
68 0.3592931392931391 1.8057286432160826 38.72499999999999 38.72500000000001
69 0.35696192143560607 1.8059798994974912 38.68500000000002 38.684999999999995
70 0.3564315935368565 1.8057788944723612 38.69 38.689999999999976
