# index clusteringCoefficient averagePathLength inDegreeMean outDegreeMean
1 0.9265098611148643 4.734825071084149 1.8699186991869923 1.8699186991869916
2 0.8225113120765358 4.199124545754887 3.005 3.0050000000000012
3 0.7197517215917328 4.166371576959375 5.595000000000001 5.595
4 0.6528782386179437 3.5715218138096914 9.489999999999991 9.490000000000004
5 0.595634885652712 2.860844914183585 14.165000000000003 14.165
6 0.573776098937663 2.38653555219365 19.079999999999995 19.080000000000005
7 0.5183032846078314 2.099048751486316 24.389999999999986 24.39000000000001
8 0.4670820328325138 1.912407266779605 29.535 29.534999999999982
9 0.4472157453849583 1.865250028219887 33.129999999999995 33.13
10 0.4230846078747458 1.824328849695819 35.60000000000001 35.60000000000001
11 0.4159165026399921 1.830891931410344 37.60999999999999 37.610000000000014
12 0.41316402767172017 1.82014708576513 39.13499999999999 39.13500000000002
13 0.41412507164919055 1.8051244471197894 39.944999999999986 39.945
14 0.4034256792555146 1.8066930867459292 40.40000000000001 40.399999999999984
15 0.4035997784573396 1.800588419079362 40.46000000000001 40.46
16 0.4050535590488792 1.7976202874401197 40.640000000000015 40.64000000000001
17 0.4054483055231779 1.7962924390751935 40.785 40.785000000000004
18 0.4003820010827581 1.8016988495778383 41.30500000000001 41.304999999999986
19 0.3972739918429086 1.800933602020252 41.44000000000002 41.440000000000026
20 0.3961716181341818 1.80220196459685 41.699999999999996 41.699999999999974
21 0.3984966043434811 1.7916603218110794 41.980000000000004 41.98
22 0.39579091375631364 1.7906366000858587 42.29500000000002 42.294999999999995
23 0.39285403667990176 1.7956030150753768 42.290000000000006 42.29
24 0.3911067849715042 1.7854169839094456 42.295000000000016 42.29499999999998
25 0.3927078189511293 1.7911557788944732 42.38 42.37999999999999
26 0.3915303952174156 1.791130653266336 42.365 42.365
27 0.39057936958107126 1.7904020100502527 42.50000000000001 42.49999999999997
28 0.38815587607703306 1.7906532663316577 42.46000000000001 42.45999999999997
29 0.3903979958404235 1.785434711244664 42.490000000000016 42.48999999999996
30 0.38878967128541697 1.785653266331656 42.68000000000002 42.68
31 0.3886446263133725 1.7855778894472392 42.690000000000005 42.69
32 0.3928505253491074 1.785527638190952 42.69499999999999 42.69500000000001
33 0.389524876428166 1.7856030150753737 42.67 42.669999999999995
34 0.39295181373740623 1.7855527638190911 42.69 42.69
35 0.3883934311103905 1.7854271356783926 42.70000000000002 42.7
36 0.3874199821732435 1.7853517587939713 42.71999999999999 42.720000000000034
37 0.38814871836426 1.7855276381909577 42.68000000000001 42.68
38 0.38769548658941716 1.785477386934677 42.69500000000001 42.695
39 0.38644612808254325 1.7853517587939685 42.72500000000002 42.72499999999999
40 0.38610552899548933 1.7852763819095514 42.73999999999999 42.74000000000004
41 0.38830059692623486 1.785276381909547 42.73499999999999 42.735000000000014
42 0.38641169003052156 1.7855778894472354 42.690000000000005 42.68999999999999
43 0.38708275936579944 1.7853517587939685 42.71500000000002 42.715000000000046
44 0.38768562785295607 1.785678391959796 42.66999999999999 42.669999999999966
45 0.3878171677065609 1.7853266331658317 42.72 42.71999999999999
46 0.38857993679604547 1.7855025125628186 42.705000000000005 42.70499999999999
47 0.3864866434378628 1.7856281407035206 42.684999999999995 42.684999999999995
48 0.3849635361802122 1.7853517587939625 42.720000000000034 42.72000000000001
49 0.38752572725062756 1.7856281407035197 42.67 42.669999999999966
50 0.38705385841233825 1.7855778894472398 42.69000000000001 42.68999999999998
51 0.3879292601896119 1.7855276381909584 42.695 42.695
52 0.38611336196418433 1.7854773869346758 42.71000000000001 42.71000000000006
53 0.38988601680036694 1.7851507537688436 42.76 42.760000000000005
54 0.389450881884234 1.7855527638190962 42.68500000000002 42.68499999999998
55 0.3875661075547631 1.785527638190952 42.695 42.694999999999986
56 0.38670002430921285 1.7855276381909548 42.70000000000002 42.699999999999996
57 0.38989898171406956 1.785427135678397 42.70999999999999 42.709999999999994
58 0.38911055289954893 1.7854773869346712 42.694999999999986 42.695
59 0.39093063771169256 1.7856783919598005 42.66 42.65999999999997
60 0.38866907057774874 1.7853517587939727 42.720000000000034 42.72000000000002
61 0.3853788185722387 1.7856281407035206 42.66000000000002 42.65999999999998
62 0.3879712611079599 1.785527638190954 42.69500000000002 42.695
63 0.38835575182994325 1.7855025125628097 42.70000000000002 42.69999999999998
64 0.3874549604300027 1.7857286432160862 42.660000000000004 42.65999999999998
65 0.39019474380790276 1.7856281407035175 42.69000000000001 42.68999999999997
66 0.3914512802852281 1.7854522613065378 42.699999999999996 42.7
67 0.3903732814736789 1.7854271356783926 42.714999999999975 42.714999999999996
68 0.3866198039056802 1.78540201005025 42.704999999999984 42.704999999999984
69 0.39093536450314675 1.7857286432160822 42.654999999999994 42.65499999999998
70 0.3888205980066439 1.785477386934674 42.70999999999998 42.71000000000001
