# index clusteringCoefficient averagePathLength inDegreeMean outDegreeMean
1 0.91973924589568 3.928678304239401 1.7723577235772359 1.7723577235772359
2 0.8195942436753634 4.294974898864382 3.0050000000000017 3.0050000000000003
3 0.7026334638572408 3.347221188899638 5.375000000000001 5.374999999999998
4 0.6507928146264093 3.04761013061186 8.354999999999999 8.355
5 0.5975948521383883 2.903894158761851 12.100000000000005 12.099999999999996
6 0.5658324369470527 2.46249999999999 16.35 16.349999999999998
7 0.5140961000395206 2.173854754977478 21.985000000000007 21.985000000000007
8 0.4681318025885715 2.0320827730054605 26.669999999999995 26.67
9 0.42954633161162376 1.9544886481982924 30.82500000000001 30.824999999999978
10 0.38342275516891744 1.8930736155001824 33.440000000000005 33.44
11 0.38773688346651897 1.8634969720396857 35.34 35.34000000000001
12 0.39101152755864116 1.857531085758239 36.46999999999996 36.47000000000001
13 0.3848443900660606 1.8463234540047204 37.075000000000024 37.074999999999996
14 0.37806369587762506 1.8305045636344983 37.46499999999998 37.46499999999999
15 0.37542262912526064 1.8210085962809 38.14499999999999 38.145
16 0.3772654897991588 1.81613652016427 38.304999999999986 38.30499999999998
17 0.3762360481743332 1.8035842477694572 38.61 38.61
18 0.3748390610521339 1.807336173252044 38.715000000000025 38.71500000000002
19 0.37514358974358974 1.8013280689160087 38.84 38.839999999999996
20 0.37013090418353584 1.8007626070048737 39.505000000000024 39.504999999999995
21 0.37291767881241583 1.806055276381911 39.46500000000001 39.464999999999996
22 0.3670718623481781 1.8058542713567851 39.514999999999986 39.51500000000002
23 0.3704018218623483 1.8009898739930805 39.495000000000005 39.495
24 0.37012112010796194 1.8008888664427702 39.51500000000001 39.51500000000002
25 0.36953879892037783 1.8009898739930843 39.499999999999986 39.49999999999999
26 0.36546693657220003 1.8008383626676066 39.489999999999995 39.48999999999999
27 0.36937854251012175 1.8055778894472403 39.54 39.540000000000006
28 0.36550391363022927 1.801130653266336 39.635 39.634999999999984
29 0.3675136977058029 1.8010050251256304 39.64000000000001 39.639999999999986
30 0.36350944669365715 1.8005778894472362 39.71000000000002 39.71000000000001
31 0.3652459514170041 1.8008542713567888 39.67500000000002 39.675000000000004
32 0.3657284075573549 1.8007537688442197 39.7 39.7
33 0.3656457489878543 1.8006783919598015 39.68500000000001 39.68499999999998
34 0.36885526315789463 1.8007788944723615 39.69500000000001 39.69499999999997
35 0.3664821187584345 1.800904522613066 39.684999999999995 39.68500000000002
36 0.36783367071524986 1.8007788944723617 39.694999999999986 39.694999999999986
37 0.3689483805668016 1.8008793969849268 39.694999999999986 39.69499999999999
38 0.3658505398110662 1.8005025125628151 39.719999999999985 39.720000000000006
39 0.361773279352227 1.8007035175879376 39.70999999999999 39.71
40 0.36638292847503373 1.8007035175879376 39.70499999999999 39.70499999999998
41 0.36725775978407577 1.8007788944723637 39.680000000000014 39.679999999999964
42 0.3650411605937922 1.800577889447234 39.715 39.71500000000002
43 0.3654531039136304 1.8009547738693485 39.654999999999994 39.65500000000001
44 0.36700160484371025 1.8009045226130669 39.67999999999997 39.67999999999998
45 0.3696939946018895 1.8007788944723582 39.69499999999999 39.69499999999999
46 0.36998144399460187 1.800728643216083 39.70500000000002 39.704999999999984
47 0.36699763832658566 1.800829145728644 39.684999999999995 39.685
48 0.36715553306342785 1.8006783919597975 39.70999999999998 39.70999999999999
49 0.3668370445344128 1.8006281407035125 39.72500000000002 39.72500000000001
50 0.36704082321187564 1.800527638190953 39.735000000000014 39.73500000000001
51 0.36416059379217297 1.800728643216084 39.705000000000005 39.70500000000001
52 0.3634247638326587 1.8006532663316568 39.71000000000001 39.710000000000036
53 0.36519770580296895 1.8007286432160805 39.69499999999999 39.69499999999997
54 0.36670276653171396 1.8007537688442175 39.74499999999998 39.745
55 0.3685067476383266 1.800954773869349 39.690000000000005 39.69000000000001
56 0.3680684885290148 1.8006030150753765 39.75999999999999 39.75999999999999
57 0.368152496626181 1.800703517587936 39.72500000000001 39.72499999999999
58 0.36672469635627536 1.8006532663316568 39.72999999999998 39.72999999999998
59 0.3662324561403508 1.8008040201005033 39.68499999999997 39.684999999999974
60 0.36638697705803025 1.800753768844221 39.685 39.685
61 0.36547604588394095 1.800628140703519 39.71500000000001 39.71499999999999
62 0.3646427125506073 1.8006030150753805 39.71000000000003 39.709999999999994
63 0.3650475708502024 1.8008542713567837 39.68499999999998 39.684999999999995
64 0.36423751686909545 1.8006783919598024 39.69500000000004 39.694999999999965
65 0.36497132253711195 1.8007788944723577 39.685 39.68499999999999
66 0.3684932523616735 1.8005527638190948 39.73 39.72999999999997
67 0.36699527665317133 1.800603015075377 39.719999999999956 39.72
68 0.36386133603238874 1.800753768844221 39.679999999999986 39.67999999999999
69 0.36642746288798905 1.8002763819095473 39.75999999999999 39.760000000000005
70 0.3622014170040488 1.8006783919598013 39.705 39.70499999999999
