# index clusteringCoefficient averagePathLength inDegreeMean outDegreeMean
1 0.9397886837167967 4.273497588319661 1.7317073170731705 1.731707317073171
2 0.8113686970979842 4.70997304582214 3.050000000000001 3.0499999999999976
3 0.7323841529885847 3.5836213079480976 5.324999999999998 5.324999999999999
4 0.6640606170141768 3.0457680937260516 8.004999999999999 8.005000000000013
5 0.610056945058955 3.062938230383978 11.365000000000006 11.365000000000004
6 0.576718907523997 2.570542820520483 15.674999999999999 15.674999999999994
7 0.5223462982958703 2.1503382831034155 22.064999999999998 22.065000000000005
8 0.467604243880101 2.033656785856685 27.669999999999998 27.669999999999995
9 0.42569560751211705 1.939740877842413 31.395 31.394999999999996
10 0.39757797722282384 1.8721941675699978 33.745 33.745
11 0.3925895132361855 1.838648910284922 35.34500000000001 35.344999999999985
12 0.391969415781436 1.8230498132660016 36.065 36.06500000000003
13 0.38146234131588813 1.8183982627351445 36.609999999999985 36.609999999999985
14 0.37222967559809633 1.8308421997179853 36.91499999999999 36.915
15 0.367375180848865 1.8265952879977774 37.59000000000001 37.589999999999996
16 0.3684821067793206 1.817681371682534 38.04499999999998 38.045000000000016
17 0.36783752076515236 1.8125299866164997 38.27000000000003 38.27000000000001
18 0.36509337272495196 1.8120754526400815 38.32 38.319999999999986
19 0.3632211766422296 1.8117839195979877 38.470000000000006 38.47
20 0.3598752598752599 1.8111557788944723 38.510000000000005 38.50999999999999
21 0.36222307327570463 1.806080402010048 38.730000000000004 38.730000000000004
22 0.36045318597950177 1.8062311557788886 38.69999999999998 38.69999999999999
23 0.35774811248495453 1.8059798994974852 38.68999999999998 38.68999999999999
24 0.3555709960973118 1.805678391959799 38.720000000000006 38.71999999999999
25 0.35924882372250794 1.8057035175879397 38.70499999999999 38.70500000000001
26 0.3603516066673961 1.8061306532663328 38.66999999999999 38.67
27 0.359703833388044 1.8059045226130646 38.68 38.68000000000001
28 0.35958729985045784 1.8057286432160804 38.70499999999996 38.704999999999984
29 0.3606040048145308 1.8060552763819069 38.65499999999998 38.65499999999997
30 0.3550419447787869 1.8056532663316598 38.715000000000025 38.715
31 0.35782270124375404 1.8056532663316582 38.72499999999998 38.72499999999999
32 0.3556696575117628 1.8062311557788953 38.66 38.66
33 0.35716362111098976 1.805929648241206 38.664999999999985 38.665
34 0.36129317576686 1.805628140703518 38.720000000000006 38.719999999999985
35 0.3585828135828137 1.8057286432160782 38.70499999999999 38.705000000000005
36 0.357094138673086 1.8056281407035213 38.73500000000001 38.735
37 0.3565966371229529 1.8055778894472376 38.724999999999994 38.725
38 0.358312117785802 1.8058542713567831 38.67499999999999 38.675000000000004
39 0.3524258671627093 1.806055276381911 38.64999999999996 38.65000000000001
40 0.35556370135317517 1.805854271356781 38.680000000000014 38.67999999999997
41 0.35542619542619563 1.8059296482412097 38.66500000000001 38.66499999999998
42 0.3563991319254476 1.8057537688442227 38.69 38.68999999999997
43 0.3573310354889301 1.8057537688442211 38.70000000000001 38.70000000000001
44 0.356915417441733 1.805904522613066 38.69499999999997 38.69499999999999
45 0.3576903016376701 1.8058793969849216 38.70500000000003 38.70499999999997
46 0.356153299048036 1.8058040201005048 38.70499999999999 38.705
47 0.3567788233577709 1.8059798994974845 38.699999999999996 38.69999999999997
48 0.36050589050589055 1.8059547738693467 38.68000000000001 38.67999999999998
49 0.3536251230988072 1.805854271356784 38.720000000000006 38.720000000000006
50 0.3583902323376006 1.806080402010047 38.66000000000002 38.65999999999999
51 0.3570195499142867 1.806105527638195 38.68499999999999 38.684999999999995
52 0.3546491228070173 1.805854271356784 38.73000000000001 38.73000000000001
53 0.35777565014407114 1.806206030150757 38.68499999999997 38.684999999999974
54 0.35667943246890615 1.8059547738693424 38.695000000000014 38.69499999999999
55 0.3563989495568441 1.8060050251256288 38.714999999999996 38.71500000000002
56 0.35988507738507763 1.8058542713567831 38.67999999999999 38.68000000000001
57 0.3592553889922312 1.8059045226130617 38.71499999999998 38.71500000000001
58 0.3597702155596897 1.805728643216084 38.72499999999998 38.724999999999994
59 0.3567662399241349 1.8057035175879352 38.70000000000002 38.699999999999946
60 0.35893387314439956 1.8058040201005017 38.69000000000001 38.690000000000005
61 0.3593629864682495 1.8058291457286417 38.705000000000005 38.704999999999984
62 0.35865740234161264 1.8060301507537704 38.690000000000005 38.68999999999999
63 0.3594370281212388 1.806030150753766 38.68500000000003 38.68499999999999
64 0.3578748586643325 1.805929648241203 38.7 38.699999999999974
65 0.3613250902724585 1.806055276381905 38.690000000000005 38.68999999999999
66 0.3594869971185759 1.8058542713567851 38.679999999999986 38.68
67 0.3589712587081007 1.8058040201005061 38.70999999999998 38.70999999999998
68 0.35811467337783137 1.8057035175879412 38.68999999999999 38.68999999999999
69 0.35990936280409974 1.8058040201005061 38.714999999999975 38.714999999999996
70 0.3564892220155377 1.8061055276381923 38.665 38.66499999999997
