# index clusteringCoefficient averagePathLength inDegreeMean outDegreeMean
1 0.9399048641453613 4.706418581418593 1.8211382113821137 1.8211382113821133
2 0.8321832552022914 5.301606922126069 3.059999999999999 3.0600000000000023
3 0.7462179372188394 3.278912107194125 5.17 5.170000000000002
4 0.6541253218640023 3.612361164304867 8.595000000000004 8.594999999999999
5 0.6389070877264094 3.3607686253934905 12.955000000000002 12.955000000000002
6 0.6230287215393547 2.6966085136078135 17.675000000000004 17.674999999999986
7 0.5723645306366846 2.2676752667837317 23.245000000000008 23.244999999999987
8 0.49830639174236474 2.0316709429121147 27.899999999999988 27.899999999999995
9 0.43976651208655776 1.900766992859032 33.320000000000014 33.32
10 0.40996886496720847 1.8520293776575165 36.90999999999999 36.91
11 0.40231329076801314 1.8236025488266008 38.510000000000026 38.50999999999998
12 0.3989785164705774 1.8093802345058676 39.54500000000001 39.54500000000001
13 0.40052404181184653 1.797068242768246 39.965 39.96499999999999
14 0.3951952336281605 1.7963788012226125 40.210000000000015 40.209999999999994
15 0.3967055749128918 1.7909756034056283 40.235 40.23500000000001
16 0.3949605234422306 1.8014437670586423 40.580000000000005 40.58000000000003
17 0.3927706155632983 1.7911496256794182 40.80499999999999 40.805
18 0.3895571115875995 1.7909343672678126 41.02499999999998 41.025
19 0.38890679442508735 1.791194776043255 41.01999999999999 41.019999999999996
20 0.3858728222996515 1.790985383771651 41.03 41.02999999999999
21 0.3911335656213703 1.790806826008216 41.080000000000034 41.079999999999984
22 0.38804181184668995 1.7907720420283213 41.24499999999997 41.245
23 0.3852865853658537 1.7954092068382133 41.329999999999984 41.330000000000005
24 0.3886777003484322 1.7954344587257913 41.30999999999999 41.31
25 0.3867894889663184 1.7955778894472325 41.509999999999984 41.509999999999984
26 0.3803028455284554 1.7903768844221097 41.724999999999994 41.72499999999998
27 0.38215127758420453 1.790427135678389 41.71500000000001 41.715
28 0.37926045296167266 1.7904773869346744 41.73 41.73
29 0.3769126016260164 1.7905778894472326 41.704999999999984 41.70499999999998
30 0.3789343786295006 1.7905527638190966 41.69499999999999 41.69499999999998
31 0.3791774099883856 1.7905276381909534 41.695 41.695000000000014
32 0.37700725900116155 1.7906783919597968 41.67 41.66999999999997
33 0.3786414053426246 1.790502512562814 41.7 41.7
34 0.38329268292682933 1.790527638190954 41.69500000000001 41.695
35 0.3828344947735186 1.7905778894472328 41.710000000000015 41.71
36 0.3840240998838562 1.7907035175879455 41.66000000000002 41.66
37 0.3805572009291522 1.790552763819097 41.709999999999994 41.70999999999999
38 0.38425406504065035 1.7905527638190983 41.71000000000003 41.70999999999999
39 0.3857970383275265 1.7904522613065283 41.725 41.72499999999999
40 0.38684901277584205 1.7904773869346726 41.699999999999996 41.69999999999998
41 0.3836596980255516 1.790402010050247 41.715 41.715
42 0.3805624274099884 1.7905025125628098 41.69500000000001 41.69500000000001
43 0.3819233449477353 1.7907035175879404 41.65999999999998 41.65999999999998
44 0.3843048780487802 1.7905276381909518 41.68999999999997 41.68999999999998
45 0.38153803716608586 1.7906783919598002 41.67500000000001 41.675000000000004
46 0.38395267131242733 1.7905276381909525 41.71000000000001 41.70999999999999
47 0.3857282229965158 1.7904020100502533 41.73000000000001 41.730000000000004
48 0.38498809523809546 1.7906532663316506 41.68499999999998 41.685
49 0.38823257839721265 1.7905276381909525 41.71499999999998 41.71500000000002
50 0.3860226480836238 1.7906030150753747 41.69500000000001 41.695
51 0.3833667247386758 1.790628140703525 41.679999999999964 41.679999999999986
52 0.3806448896631824 1.790477386934671 41.72499999999999 41.724999999999994
53 0.3815705574912892 1.7904773869346682 41.699999999999996 41.700000000000024
54 0.38263966318234616 1.7904773869346682 41.710000000000015 41.71
55 0.3837781649245064 1.7906030150753793 41.69 41.68999999999998
56 0.38080632984901286 1.7905527638191028 41.690000000000005 41.690000000000005
57 0.38223461091753774 1.7907035175879389 41.680000000000014 41.67999999999999
58 0.38482404181184665 1.7905276381909518 41.69999999999995 41.7
59 0.38463908246225315 1.7907286432160796 41.66500000000001 41.66499999999998
60 0.381859756097561 1.7906783919598004 41.68000000000003 41.67999999999997
61 0.3827749709639954 1.7907035175879398 41.67499999999999 41.67499999999997
62 0.3828013937282229 1.790276381909547 41.745000000000005 41.745000000000005
63 0.3829818413294022 1.790552763819097 41.68999999999999 41.69000000000001
64 0.3830331010452959 1.7905778894472357 41.699999999999996 41.70000000000001
65 0.3803638211382113 1.79062814070352 41.684999999999974 41.68499999999999
66 0.38247880371660825 1.7905276381909576 41.699999999999996 41.70000000000002
67 0.38300580720092925 1.7907537688442146 41.665000000000006 41.665
68 0.3819250871080142 1.790628140703517 41.69499999999998 41.69499999999999
69 0.3832241579558653 1.7908040201005018 41.66000000000002 41.660000000000004
70 0.38328919860627153 1.7906532663316606 41.68999999999998 41.68999999999999
