# index clusteringCoefficient averagePathLength inDegreeMean outDegreeMean
1 0.9052202025458338 4.761904761904751 1.934959349593495 1.9349593495934958
2 0.8269534336919482 5.338312309303705 3.3749999999999996 3.3750000000000013
3 0.7271673273980309 4.294351530451269 5.4399999999999995 5.439999999999995
4 0.6883533230151764 3.3170375182718757 9.160000000000005 9.159999999999993
5 0.6621636392877304 3.0570933184717357 12.995000000000001 12.995000000000005
6 0.5999011228047034 2.581631434372402 17.470000000000002 17.47
7 0.5372464567001335 2.2654920687194644 23.22 23.21999999999999
8 0.4854495103593636 2.0312252640773054 27.804999999999986 27.80499999999999
9 0.4319985003049788 1.8982176488249576 31.499999999999993 31.500000000000004
10 0.39686110851112205 1.870313476359094 34.165 34.165
11 0.38422908942911826 1.8388700859151281 35.805000000000014 35.805
12 0.3796166612648308 1.829584396176344 36.66999999999999 36.669999999999995
13 0.3726344244136006 1.822327608305562 37.069999999999986 37.06999999999999
14 0.37068978846124395 1.8293233845997672 37.49499999999998 37.49500000000001
15 0.3671671263613188 1.8172174001319759 37.870000000000005 37.870000000000026
16 0.3652241310136048 1.8217085427135693 38.08500000000002 38.084999999999994
17 0.36101120351120364 1.8209798994974897 38.10499999999998 38.10499999999998
18 0.3624787540577015 1.815778894472364 38.33000000000002 38.32999999999998
19 0.36224678119414944 1.8164824120603016 38.3 38.3
20 0.3607349454717873 1.8173618090452255 38.275000000000006 38.27499999999999
21 0.3608510157931213 1.8076130653266338 38.64999999999998 38.649999999999984
22 0.36238228106649184 1.8064572864321615 38.69 38.69
23 0.3600304555567711 1.8064572864321626 38.68500000000003 38.684999999999995
24 0.35604050406681975 1.8062814070351774 38.66000000000001 38.65999999999999
25 0.3595876645876643 1.8062814070351787 38.66500000000002 38.66499999999998
26 0.3598081482292011 1.805552763819098 38.755000000000024 38.75499999999998
27 0.3583845789108949 1.8062060301507508 38.655000000000015 38.65499999999999
28 0.3595705219389427 1.8059296482412017 38.690000000000005 38.68999999999999
29 0.36076996024364477 1.8060050251256268 38.66000000000001 38.660000000000004
30 0.356863807126965 1.8061557788944775 38.70000000000002 38.7
31 0.35601688733267695 1.8058793969849232 38.684999999999995 38.685
32 0.3611299558667978 1.8060050251256252 38.67500000000001 38.675
33 0.35898861412019306 1.8058291457286413 38.69999999999999 38.70000000000001
34 0.3598794543531384 1.8059045226130632 38.685 38.68499999999999
35 0.36020115256957363 1.8057537688442205 38.7 38.70000000000002
36 0.35572491519859967 1.805804020100501 38.699999999999996 38.69999999999999
37 0.35786519312835097 1.805804020100504 38.71500000000003 38.71499999999999
38 0.3574794835321153 1.8058793969849256 38.68500000000001 38.684999999999995
39 0.35432943064522027 1.8059798994974845 38.694999999999965 38.695
40 0.35755097202465647 1.8056783919597996 38.725 38.72499999999999
41 0.35718039902250426 1.8058040201005054 38.70500000000002 38.705
42 0.3549846810373126 1.8058040201005017 38.69499999999999 38.69499999999999
43 0.35537184958237605 1.8057537688442207 38.694999999999965 38.694999999999986
44 0.3557645499750764 1.805879396984926 38.700000000000024 38.69999999999996
45 0.35702885071306106 1.806005025125627 38.694999999999986 38.69499999999999
46 0.35965131123025856 1.8058291457286468 38.67 38.66999999999998
47 0.35888135098661417 1.8057537688442233 38.700000000000024 38.7
48 0.35749097275413066 1.8059045226130632 38.690000000000005 38.68999999999999
49 0.36050114892220153 1.8062814070351787 38.620000000000026 38.62000000000001
50 0.3603138563664877 1.805753768844223 38.72500000000003 38.724999999999994
51 0.35852500273552906 1.8056783919598034 38.70500000000003 38.705
52 0.3590044497939233 1.8057286432160797 38.73499999999997 38.735
53 0.3578606339132655 1.805728643216081 38.70000000000001 38.69999999999998
54 0.3559920852026113 1.8058291457286384 38.700000000000024 38.7
55 0.35924772951088746 1.8059045226130663 38.67999999999998 38.67999999999998
56 0.3595159937265205 1.8057286432160833 38.720000000000006 38.72
57 0.3565729292045081 1.8057788944723632 38.700000000000024 38.7
58 0.3554790823211875 1.8058291457286446 38.69499999999999 38.694999999999965
59 0.3561018711018712 1.8058040201005003 38.67500000000002 38.67499999999999
60 0.35532625743152 1.8059798994974918 38.68500000000001 38.68499999999998
61 0.35934821461137245 1.8059045226130668 38.67999999999998 38.67999999999998
62 0.3619263595579381 1.805703517587942 38.72500000000003 38.724999999999966
63 0.3609756720283036 1.805728643216082 38.68999999999999 38.68999999999997
64 0.35842305868621666 1.8057035175879375 38.70499999999998 38.70499999999998
65 0.35871266002844954 1.8057537688442236 38.69000000000002 38.68999999999999
66 0.35920268446584225 1.806030150753766 38.699999999999996 38.699999999999996
67 0.3577486595907648 1.805929648241207 38.68 38.67999999999998
68 0.35716872743188516 1.805728643216081 38.70499999999998 38.704999999999984
69 0.35717529270160847 1.806256281407036 38.64 38.63999999999997
70 0.35599937994674824 1.8057286432160804 38.70999999999998 38.709999999999994
