# index clusteringCoefficient averagePathLength inDegreeMean outDegreeMean
1 0.9173919439943262 4.4880798590722355 1.869918699186992 1.8699186991869932
2 0.8031039611800144 4.595700239441663 3.5749999999999997 3.5750000000000024
3 0.7171962484860431 3.135164288084976 6.065 6.065000000000001
4 0.6504560893105171 3.289597861945124 9.199999999999998 9.199999999999998
5 0.6045843809016673 2.8775496925729445 13.865000000000002 13.865000000000007
6 0.5737883220479439 2.4878259831712053 18.795 18.795000000000005
7 0.5351020945685875 2.127994901063221 24.135000000000005 24.134999999999994
8 0.48001250635120274 1.9775071785600216 30.249999999999996 30.24999999999999
9 0.4344169671718658 1.8561135777523714 35.37999999999997 35.380000000000024
10 0.4144896285008216 1.8211677876940002 38.36000000000001 38.359999999999985
11 0.4158212223054528 1.7989217200136058 40.535 40.535000000000004
12 0.4153841643631425 1.7951989168923148 41.225 41.22499999999999
13 0.41000360800813096 1.7971073642323308 42.129999999999995 42.13
14 0.40954777612463367 1.7962400836670656 42.309999999999995 42.31000000000001
15 0.4107704117587837 1.796964621085232 42.650000000000006 42.650000000000006
16 0.4036834289741266 1.7957971676564648 42.63 42.63000000000003
17 0.4040163092721232 1.793741434444951 42.60499999999998 42.605
18 0.40102587335145456 1.7939445973586547 42.84 42.84000000000002
19 0.4033431490989632 1.785939748996239 43.245 43.24499999999997
20 0.40273079633544717 1.7855276381909628 43.47999999999997 43.480000000000025
21 0.4028201449713075 1.7857788944723625 43.43000000000003 43.43
22 0.40263037350246655 1.785603015075379 43.475000000000016 43.475
23 0.40636892177589856 1.7859798994974851 43.43499999999998 43.435
24 0.4028677136816672 1.785804020100498 43.44999999999999 43.44999999999999
25 0.3992086982784655 1.7854522613065331 43.474999999999994 43.47500000000001
26 0.40195006543843737 1.7856281407035206 43.44499999999999 43.44499999999998
27 0.3972329608376118 1.785502512562817 43.455000000000005 43.45499999999997
28 0.39970200342293355 1.7807035175879433 43.66000000000001 43.659999999999975
29 0.40258506996879073 1.7805778894472326 43.67999999999999 43.67999999999999
30 0.399834893788382 1.7804522613065348 43.70500000000001 43.705
31 0.3969664250478207 1.7805527638190948 43.685 43.68499999999998
32 0.39801771871539293 1.780703517587937 43.645000000000024 43.64500000000002
33 0.40098459679855003 1.7805025125628098 43.694999999999965 43.694999999999986
34 0.3955572334642099 1.7806030150753804 43.660000000000004 43.660000000000004
35 0.3975513440048323 1.7805025125628156 43.68500000000001 43.68499999999999
36 0.3941908285512936 1.7805276381909592 43.685 43.684999999999995
37 0.39404988422430315 1.7801256281407043 43.75499999999996 43.754999999999995
38 0.39762156448202945 1.7803015075376891 43.734999999999985 43.73499999999998
39 0.40059674821302704 1.7804522613065272 43.69500000000001 43.695
40 0.402134299808718 1.7805527638190897 43.67000000000004 43.67000000000003
41 0.4001026880096646 1.780603015075375 43.66499999999998 43.664999999999985
42 0.40012231954092425 1.7808040201004962 43.629999999999974 43.630000000000024
43 0.40161179905365957 1.7806281407035158 43.66999999999998 43.66999999999998
44 0.40225561260444986 1.780603015075379 43.675 43.67499999999999
45 0.40016711970200336 1.7805025125628111 43.69499999999996 43.695
46 0.3994291754756869 1.7804773869346755 43.70499999999997 43.70500000000002
47 0.3985958421423536 1.780552763819098 43.690000000000026 43.689999999999976
48 0.39670945333736035 1.7805276381909518 43.684999999999995 43.68499999999998
49 0.3945811939997988 1.7803517587939712 43.70999999999999 43.710000000000036
50 0.39721408436524713 1.7807035175879415 43.64500000000002 43.644999999999975
51 0.39502491694352165 1.780276381909547 43.72500000000001 43.724999999999994
52 0.40087460988623774 1.7803266331658292 43.72000000000003 43.71999999999999
53 0.3983970099667771 1.7805778894472366 43.709999999999994 43.71
54 0.39799959730192286 1.7804271356783878 43.70000000000002 43.7
55 0.3999791100372495 1.7805025125628149 43.690000000000005 43.69000000000001
56 0.4004668780831574 1.780502512562811 43.690000000000005 43.69000000000001
57 0.39890516460283904 1.7803266331658234 43.71500000000001 43.71500000000002
58 0.3954809725158564 1.7805527638190983 43.675000000000004 43.674999999999976
59 0.3983856840833587 1.7805778894472362 43.66999999999997 43.67
60 0.3946544347125742 1.780577889447238 43.68 43.67999999999997
61 0.3992298399275142 1.7805025125628118 43.68999999999999 43.690000000000005
62 0.395056126044498 1.7805025125628127 43.68500000000002 43.684999999999995
63 0.39860918151615804 1.7804522613065283 43.690000000000026 43.689999999999976
64 0.4000830564784053 1.780376884422112 43.720000000000034 43.71999999999999
65 0.39674192086982774 1.7806281407035198 43.68000000000003 43.67999999999998
66 0.39728254303835714 1.780527638190954 43.69499999999999 43.69500000000001
67 0.39889987919057696 1.780326633165832 43.72499999999997 43.725
68 0.3970187757978454 1.7805025125628167 43.69 43.69
69 0.3968524111547365 1.780502512562814 43.69000000000001 43.69000000000001
70 0.39877755964965267 1.7804773869346733 43.69999999999998 43.69999999999996
