# index clusteringCoefficient averagePathLength inDegreeMean outDegreeMean
1 0.9268337272997198 4.440416411512552 1.8292682926829276 1.829268292682926
2 0.8049109646067224 5.287243499518478 3.1999999999999993 3.2000000000000006
3 0.7137581827054952 3.659534298300818 5.449999999999998 5.449999999999998
4 0.6777550013643157 2.926237996610812 8.804999999999993 8.805
5 0.6437227878307027 2.6669524551831616 12.409999999999998 12.410000000000004
6 0.5876377018455572 2.491754029103436 16.855000000000004 16.854999999999986
7 0.5163368927607307 2.1711251435131964 22.155000000000012 22.155
8 0.47719310635939194 1.987167576355813 26.485000000000007 26.485000000000007
9 0.4446451216318457 1.9367275658248246 31.03999999999999 31.040000000000003
10 0.41438353953688084 1.8724610424502954 33.74999999999999 33.75
11 0.4051967780056587 1.842901340666895 36.145 36.144999999999996
12 0.39511216091598017 1.8412205040536698 37.42499999999998 37.42499999999998
13 0.38884520611476003 1.829940822365061 38.404999999999994 38.404999999999994
14 0.39170834646928 1.825272931333534 38.64999999999994 38.64999999999999
15 0.38942305905476665 1.8205974164403715 39.319999999999986 39.32
16 0.38199810645542365 1.8080904522613095 40.13 40.13000000000001
17 0.38456660412757954 1.8017587939698463 40.510000000000005 40.51
18 0.38320637898686677 1.801381909547743 40.47 40.470000000000006
19 0.38142620387742343 1.8014070351758735 40.455000000000005 40.45499999999999
20 0.3778696800631973 1.8008542713567826 40.50000000000001 40.50000000000001
21 0.37684505941213237 1.8004020100502502 40.52000000000001 40.51999999999999
22 0.3776266416510319 1.801231155778896 40.490000000000016 40.49000000000002
23 0.37831738586616637 1.8008793969849228 40.459999999999994 40.45999999999999
24 0.3774487179487183 1.795728643216076 40.7 40.69999999999996
25 0.37508364602876765 1.7959045226130643 40.65500000000003 40.654999999999994
26 0.3783847717323327 1.7955778894472405 40.709999999999994 40.71
27 0.37558161350844294 1.7956783919598034 40.705000000000005 40.705000000000034
28 0.37661259504295425 1.7955778894472405 40.69500000000003 40.69499999999999
29 0.37370293933708554 1.7957537688442238 40.66499999999998 40.665
30 0.37100562851782365 1.795603015075379 40.69500000000002 40.69500000000001
31 0.372989368355222 1.795527638190954 40.705 40.70500000000002
32 0.372848655409631 1.7957286432160808 40.69 40.69
33 0.3753781804417235 1.795427135678389 40.725 40.72499999999999
34 0.37222701688555354 1.7956532663316587 40.70999999999999 40.709999999999994
35 0.3723825828642901 1.7957537688442216 40.66499999999999 40.66499999999999
36 0.3744776422764231 1.7957537688442153 40.67 40.66999999999997
37 0.37214133833646007 1.7957035175879423 40.670000000000016 40.67000000000002
38 0.37217604752970623 1.7957035175879352 40.660000000000004 40.659999999999975
39 0.37345481550969367 1.7958793969849298 40.665000000000006 40.665000000000006
40 0.37032864290181344 1.7955778894472383 40.71499999999999 40.715000000000046
41 0.3708697623514694 1.7958040201004988 40.67000000000001 40.67
42 0.37279065040650416 1.7959296482412068 40.65999999999996 40.65999999999998
43 0.37361194496560385 1.7957286432160797 40.670000000000016 40.67
44 0.3748716385240774 1.795628140703519 40.695000000000014 40.69500000000002
45 0.3752095059412132 1.7955025125628163 40.70999999999998 40.71
46 0.3746027204502814 1.7955527638190985 40.725000000000016 40.724999999999994
47 0.37521419637273307 1.795678391959799 40.69500000000001 40.69499999999999
48 0.3696674484052532 1.795628140703522 40.705000000000005 40.70499999999999
49 0.373983583489681 1.796055276381911 40.65000000000001 40.650000000000006
50 0.3763797686053782 1.7958542713567853 40.674999999999976 40.67499999999999
51 0.3716235146966857 1.7958040201005039 40.65 40.64999999999998
52 0.37420653533458403 1.7955276381909577 40.725 40.72499999999999
53 0.37459552845528443 1.7956783919597994 40.70999999999999 40.71
54 0.37421138211382093 1.7957788944723625 40.68500000000002 40.68499999999997
55 0.37362382739212024 1.7957537688442153 40.685000000000024 40.685
56 0.37517917448405264 1.7956783919598 40.675000000000004 40.675000000000004
57 0.3734912445278302 1.7956783919597976 40.690000000000005 40.69000000000002
58 0.3743622576610381 1.7956783919597954 40.68000000000001 40.680000000000014
59 0.37704737335834876 1.7961055276381865 40.64500000000002 40.64499999999999
60 0.37594903064415286 1.7958793969849232 40.69000000000001 40.68999999999999
61 0.37688758599124467 1.79572864321608 40.699999999999996 40.7
62 0.3746479049405879 1.7956281407035213 40.68999999999999 40.68999999999998
63 0.3720282989368352 1.7957537688442267 40.660000000000004 40.659999999999975
64 0.3751167917448404 1.7956030150753706 40.71000000000001 40.71
65 0.3755317385866168 1.7956783919597967 40.69999999999998 40.69999999999999
66 0.3742320200125079 1.7957286432160826 40.689999999999976 40.690000000000005
67 0.37780190744215125 1.7955276381909537 40.72999999999999 40.73
68 0.3745533145716075 1.7958291457286433 40.67500000000002 40.67500000000001
69 0.37094246404002507 1.7958040201005028 40.66999999999998 40.66999999999997
70 0.37362163852407726 1.795628140703522 40.699999999999996 40.699999999999996
