# index clusteringCoefficient averagePathLength inDegreeMean outDegreeMean
1 0.9308222825855388 4.942828857814623 1.7886178861788617 1.788617886178861
2 0.813156088906353 5.470238095238113 3.245 3.2449999999999997
3 0.7305559538472269 3.9404183393196655 5.889999999999997 5.89
4 0.6646486997482995 2.7124766728872194 9.7 9.7
5 0.6757243445937793 3.0623480623480615 13.969999999999995 13.970000000000006
6 0.6333461859208791 2.2745441087409737 18.850000000000005 18.849999999999987
7 0.5745712338956216 2.17486962190352 24.659999999999997 24.659999999999997
8 0.4873614787763059 1.964472902145134 30.234999999999996 30.234999999999996
9 0.4448557540251683 1.8448702101359684 35.62500000000003 35.62499999999999
10 0.4247371535841166 1.8120706706225098 38.71500000000003 38.71499999999999
11 0.4202173289840649 1.800909308446993 40.04499999999999 40.04499999999998
12 0.41537868035879144 1.7979952116603986 40.794999999999966 40.79500000000001
13 0.4159524425018861 1.8023016637592146 41.11999999999998 41.119999999999976
14 0.4174348801604897 1.7964433566797704 41.46 41.46000000000001
15 0.41537091891743066 1.7869817839196018 41.675000000000004 41.675000000000004
16 0.40870114768951965 1.7865223553665766 42.33500000000001 42.33500000000001
17 0.40415466531745636 1.781868526304992 42.665000000000006 42.66500000000002
18 0.4059757877781133 1.780833099507687 43.035 43.034999999999975
19 0.40377000906070665 1.7807310665000131 43.00999999999998 43.00999999999999
20 0.40437279774489104 1.7804759839808142 43.07999999999999 43.080000000000005
21 0.4032694050135909 1.7804504757289012 43.059999999999974 43.06000000000001
22 0.40519405013591075 1.7805525087365792 43.06 43.06
23 0.4033074096446188 1.7806601367207446 43.05 43.05000000000001
24 0.4037121212121211 1.7855185015988992 43.07499999999999 43.07499999999997
25 0.4036097042949364 1.780569514237861 43.235 43.23499999999999
26 0.39999422206960517 1.7813819095477417 43.51999999999999 43.519999999999975
27 0.3998059498640891 1.7804271356783927 43.715000000000025 43.715
28 0.40089273129970804 1.7803266331658274 43.72 43.71999999999999
29 0.4004623477297896 1.7804773869346675 43.714999999999996 43.71500000000002
30 0.4029077318030805 1.780427135678393 43.72000000000002 43.72000000000001
31 0.39481677237491214 1.7805025125628149 43.709999999999994 43.71000000000001
32 0.39824952179603323 1.7802512562814026 43.73500000000002 43.73499999999999
33 0.39966223698781855 1.7806030150753764 43.67000000000003 43.66999999999999
34 0.3941281586630424 1.780502512562816 43.69499999999999 43.69499999999997
35 0.39626573039363744 1.780452261306528 43.695000000000014 43.695
36 0.39716500553709855 1.7805778894472317 43.674999999999976 43.675000000000026
37 0.3998275948857345 1.7804522613065294 43.690000000000005 43.69000000000001
38 0.39710208396254887 1.7804522613065326 43.689999999999976 43.68999999999997
39 0.39603870935266267 1.7805025125628178 43.69000000000001 43.69000000000001
40 0.39908285512936637 1.7806532663316619 43.669999999999995 43.67
41 0.3981511124534378 1.780603015075375 43.68000000000002 43.67999999999999
42 0.3983031309775493 1.7804773869346713 43.68500000000003 43.68499999999998
43 0.3984745293466223 1.7804522613065357 43.705000000000005 43.70499999999999
44 0.3977066344508203 1.7805025125628144 43.67999999999997 43.679999999999964
45 0.39552451424544466 1.7805778894472377 43.66999999999998 43.669999999999966
46 0.3965647337158964 1.7805276381909525 43.679999999999986 43.68000000000001
47 0.39850976542837024 1.7804773869346742 43.699999999999996 43.699999999999996
48 0.39513012181616813 1.7804271356783883 43.7 43.69999999999998
49 0.3965211919863082 1.7805276381909547 43.679999999999986 43.67999999999997
50 0.3978178797946241 1.7807035175879347 43.675 43.67499999999998
51 0.3948822108124436 1.7805778894472346 43.679999999999964 43.68000000000002
52 0.3996302728279474 1.7806532663316594 43.68 43.67999999999999
53 0.39887722742373916 1.7806030150753724 43.67 43.67000000000001
54 0.396812141347025 1.7804773869346697 43.68999999999999 43.690000000000005
55 0.3974051142655793 1.7806281407035176 43.669999999999995 43.67
56 0.3971252391019833 1.7804522613065283 43.69500000000001 43.695
57 0.39557459981878584 1.780402010050251 43.70500000000001 43.70499999999997
58 0.39661557434813216 1.7805527638190959 43.68 43.68000000000003
59 0.39929150307057276 1.78030150753769 43.719999999999956 43.71999999999999
60 0.39662488674116575 1.7804773869346793 43.68999999999998 43.68999999999998
61 0.39869248968086135 1.7805527638190926 43.67499999999998 43.67499999999996
62 0.4007895399174468 1.7806783919598013 43.655000000000015 43.654999999999994
63 0.4003616732105104 1.7805778894472344 43.670000000000016 43.670000000000016
64 0.3960981073190373 1.7807537688442203 43.629999999999995 43.62999999999998
65 0.3963234524975875 1.7805778894472373 43.684999999999995 43.68499999999997
66 0.3973562871237287 1.7802763819095473 43.734999999999985 43.73499999999998
67 0.39866153226618317 1.780628140703517 43.67 43.67
68 0.3974307862679955 1.7804522613065312 43.68999999999998 43.69000000000002
69 0.4008793919259037 1.780603015075375 43.660000000000004 43.66
70 0.3992854625994161 1.780603015075371 43.665 43.66500000000001
