# index clusteringCoefficient averagePathLength inDegreeMean outDegreeMean
1 0.9233107268184911 4.409182583936426 1.9349593495934965 1.9349593495934951
2 0.8205556385391055 4.985932100020352 3.3750000000000013 3.3750000000000013
3 0.7024002221976553 3.0488851429009323 5.5850000000000035 5.585000000000004
4 0.6381768882658424 3.195628683693516 8.730000000000004 8.729999999999995
5 0.6362826801058543 2.7296693131889342 13.04 13.039999999999996
6 0.5827373635796637 2.677515130752537 17.924999999999997 17.925000000000008
7 0.52929423175286 2.194818971052129 23.38 23.38000000000001
8 0.47439593260455754 2.0124259223857695 28.349999999999994 28.349999999999987
9 0.4494620524323664 1.9004232081911274 32.62000000000001 32.62
10 0.4349049339593112 1.8722065007537494 35.27500000000002 35.275
11 0.41006748555512273 1.8531926648951564 37.1 37.09999999999999
12 0.4056492942762626 1.823493817416467 38.115000000000016 38.11500000000001
13 0.3986628699242308 1.8108633149428879 39.27999999999998 39.279999999999994
14 0.39899056329849 1.7989949748743723 40.11999999999997 40.120000000000026
15 0.39538822074856717 1.798215704873488 40.489999999999995 40.490000000000016
16 0.3916490247907405 1.808716951592133 40.75499999999999 40.75500000000001
17 0.39087020905923325 1.7913531437316677 41.07499999999999 41.07499999999997
18 0.38362606632223945 1.7945979899497457 41.34000000000001 41.339999999999996
19 0.38566608594657376 1.7935678391959795 41.499999999999986 41.5
20 0.38320731707317074 1.792311557788944 41.55 41.550000000000004
21 0.38387742122812957 1.7908040201005062 41.660000000000025 41.660000000000025
22 0.3857810685249708 1.7905276381909547 41.714999999999975 41.715000000000025
23 0.3823144599303136 1.7905527638190983 41.725000000000016 41.72500000000001
24 0.38121689895470395 1.7906030150753784 41.675000000000026 41.675
25 0.38221980255516846 1.7906281407035176 41.68999999999997 41.69
26 0.3811457607433218 1.790628140703517 41.675000000000026 41.67500000000001
27 0.38291492450638787 1.7905276381909547 41.714999999999996 41.71500000000002
28 0.382943089430894 1.7907286432160834 41.66499999999998 41.665
29 0.3809218931475028 1.7905778894472355 41.675 41.675
30 0.3820220673635306 1.7906030150753762 41.699999999999996 41.7
31 0.3849747386759583 1.7905527638190983 41.69499999999999 41.695
32 0.37974651567944273 1.7905778894472362 41.69500000000001 41.695
33 0.3851524390243902 1.790628140703521 41.69499999999995 41.695000000000014
34 0.38260191637630664 1.7902763819095455 41.74000000000001 41.73999999999998
35 0.38225842044134745 1.7903517587939712 41.745 41.74500000000001
36 0.3810252613240419 1.790502512562809 41.704999999999984 41.70500000000001
37 0.3822006387921022 1.7905025125628138 41.699999999999996 41.69999999999997
38 0.3799187438577682 1.7906532663316546 41.690000000000005 41.68999999999995
39 0.3851701509872242 1.7906783919598013 41.680000000000014 41.68000000000002
40 0.38369076655052275 1.790653266331659 41.67999999999997 41.680000000000014
41 0.3815659117305461 1.7906532663316572 41.68500000000002 41.68499999999997
42 0.38281445993031354 1.7905778894472337 41.695 41.69500000000001
43 0.38157113821138233 1.7905527638190981 41.71500000000001 41.715
44 0.3809268292682927 1.7903768844221157 41.73500000000001 41.73499999999998
45 0.38262467613687123 1.7907788944723604 41.650000000000006 41.64999999999999
46 0.3807032520325202 1.790502512562815 41.695000000000014 41.694999999999965
47 0.37883710801393744 1.790427135678392 41.715 41.71500000000002
48 0.382306910569106 1.7905276381909536 41.69499999999998 41.694999999999986
49 0.3842581300813008 1.7905527638190992 41.69499999999999 41.69499999999999
50 0.3833167828106855 1.7903266331658314 41.72499999999998 41.72500000000001
51 0.3840993031358886 1.7905778894472377 41.685 41.68499999999998
52 0.381948025551684 1.790628140703517 41.68 41.67999999999999
53 0.38454326364692193 1.7905527638190994 41.705000000000005 41.70499999999997
54 0.38522067363530765 1.7908542713567832 41.699999999999996 41.69999999999998
55 0.3828632404181186 1.7907788944723622 41.690000000000005 41.69
56 0.38027206736353086 1.7906281407035198 41.71999999999999 41.72
57 0.3796759581881534 1.7909296482412083 41.699999999999996 41.699999999999974
58 0.38257375145180056 1.7907537688442219 41.68500000000001 41.684999999999995
59 0.3814680603948897 1.7905778894472368 41.72500000000001 41.725
60 0.3819056329849014 1.7904522613065326 41.71499999999998 41.71500000000003
61 0.3783693379790942 1.79050251256282 41.69499999999999 41.695
62 0.37825116144018595 1.7906030150753711 41.67000000000002 41.669999999999995
63 0.38431504065040656 1.7904020100502542 41.73 41.730000000000004
64 0.3822203832752611 1.7903768844221035 41.72000000000004 41.72000000000002
65 0.38101190476190455 1.7903768844221097 41.71999999999999 41.72000000000001
66 0.38355081300812993 1.7907286432160778 41.66499999999999 41.664999999999964
67 0.38417276422764246 1.7906030150753793 41.675000000000004 41.67499999999999
68 0.38347324220494966 1.7907286432160783 41.67999999999999 41.680000000000014
69 0.38065563298490146 1.7905527638190966 41.69000000000002 41.68999999999997
70 0.3821858304297328 1.7905025125628133 41.71 41.71000000000003
