# index clusteringCoefficient averagePathLength inDegreeMean outDegreeMean
1 0.940236267735291 4.432508574228309 1.7073170731707323 1.7073170731707317
2 0.8131480229644633 5.019546985405791 2.9700000000000015 2.97
3 0.7108691176923094 3.3505670707860773 5.070000000000001 5.07
4 0.6316976451451256 3.1345586134653844 8.265000000000002 8.264999999999995
5 0.6079999592723146 2.858605181903615 12.774999999999995 12.774999999999991
6 0.5355286177480393 2.4553525592631793 16.979999999999997 16.979999999999986
7 0.48113267801747106 2.229005077841627 21.664999999999992 21.664999999999996
8 0.46224107352019106 2.0579445678620667 26.995 26.995000000000008
9 0.4026890974238732 1.9219539287508927 30.985 30.985000000000017
10 0.3825216689869941 1.863670685031373 33.454999999999984 33.45499999999998
11 0.3833754530935555 1.8545790175366637 35.32499999999999 35.325
12 0.38463292642898517 1.842272587426929 36.39999999999999 36.39999999999997
13 0.3800943591733065 1.8478503629257372 36.67 36.67000000000001
14 0.38108521573052473 1.84246103614519 36.91000000000001 36.91000000000001
15 0.37153134916292807 1.82681263460158 37.20499999999997 37.204999999999984
16 0.370217383375278 1.8364042434394192 37.20499999999998 37.20499999999999
17 0.3675898347740455 1.8248093258169018 37.37 37.370000000000005
18 0.3662533586217796 1.8232872907249773 37.785000000000004 37.78500000000001
19 0.3632227739870928 1.8123699304603804 37.96000000000001 37.96000000000001
20 0.3599064133596179 1.8066595604284095 38.22 38.21999999999998
21 0.3647530729109679 1.8112168884624114 38.31 38.310000000000024
22 0.3661514753620018 1.811090629024524 38.334999999999994 38.334999999999944
23 0.3597052923368713 1.810711850710839 38.33500000000002 38.334999999999965
24 0.362862639967903 1.805812984520592 38.49499999999999 38.49499999999999
25 0.36163146952620634 1.8055857175323848 38.53499999999999 38.535
26 0.3591598278440387 1.8109296482412067 38.495 38.495
27 0.3580836707152496 1.805762480745437 38.50500000000001 38.504999999999995
28 0.3596137432979539 1.8107286432160825 38.51500000000001 38.515
29 0.36088558193821363 1.8107286432160834 38.51 38.51000000000001
30 0.35927401664243797 1.8063567839196002 38.629999999999995 38.629999999999974
31 0.35574606995659613 1.8059045226130632 38.68999999999998 38.689999999999976
32 0.3550282671335301 1.8059045226130632 38.69500000000001 38.694999999999986
33 0.35944359339096166 1.8060301507537695 38.690000000000026 38.68999999999998
34 0.359839515628989 1.805703517587938 38.69500000000001 38.69499999999997
35 0.36106102053470485 1.805904522613064 38.72999999999999 38.73
36 0.35831801437064575 1.805577889447232 38.75500000000002 38.754999999999974
37 0.3593130174709123 1.8062060301507519 38.690000000000026 38.689999999999976
38 0.35721541379436117 1.8062060301507574 38.659999999999975 38.66
39 0.3562913520808258 1.805904522613061 38.69500000000001 38.695
40 0.3579306634569793 1.8060552763819089 38.69500000000002 38.695
41 0.35690173979647677 1.8058040201005043 38.69999999999998 38.699999999999996
42 0.3548444395812815 1.8058291457286435 38.69 38.690000000000005
43 0.35599782981361905 1.806030150753766 38.674999999999976 38.675
44 0.355674946201262 1.8056783919597996 38.72 38.71999999999999
45 0.35719389429915743 1.805628140703515 38.71499999999998 38.714999999999996
46 0.3546482109640003 1.8059296482412057 38.709999999999994 38.71
47 0.3558277710909291 1.805653266331656 38.73 38.73000000000002
48 0.3560582850056532 1.805879396984929 38.69499999999998 38.694999999999986
49 0.3579053142211038 1.8055778894472347 38.73999999999997 38.74
50 0.3567055111791955 1.805778894472364 38.715 38.715000000000025
51 0.3557145201882047 1.805854271356782 38.685 38.684999999999974
52 0.35802713644818907 1.8060050251256274 38.69000000000001 38.68999999999999
53 0.3574614290403764 1.805979899497489 38.71000000000001 38.709999999999965
54 0.35637141189772753 1.805804020100504 38.72000000000001 38.71999999999997
55 0.35614436298646857 1.8060050251256288 38.68000000000001 38.67999999999997
56 0.35902761060655813 1.8060301507537726 38.684999999999995 38.68499999999999
57 0.356303023671445 1.8056783919598056 38.73000000000001 38.73000000000002
58 0.3556636393478499 1.8058291457286446 38.710000000000015 38.71000000000001
59 0.35803424882372203 1.8059296482412024 38.68999999999998 38.68999999999998
60 0.35853868038078573 1.8058291457286424 38.69500000000001 38.695
61 0.35786172812488604 1.8059296482412075 38.69999999999999 38.69999999999996
62 0.3602651639493746 1.8055025125628184 38.73000000000001 38.730000000000004
63 0.3587628113943903 1.8057286432160797 38.68499999999999 38.68499999999998
64 0.3566278221541378 1.806180904522615 38.68500000000004 38.685
65 0.3575526133420866 1.8061055276381939 38.660000000000004 38.65999999999999
66 0.3575945581208738 1.8058291457286457 38.70500000000001 38.705
67 0.3578436736331475 1.8059798994974845 38.66 38.65999999999999
68 0.3570237443921654 1.8056030150753788 38.715 38.71500000000002
69 0.35755917861181014 1.8058291457286462 38.69000000000001 38.68999999999998
70 0.35651019440493104 1.805879396984926 38.679999999999986 38.679999999999986
