# index clusteringCoefficient averagePathLength inDegreeMean outDegreeMean
1 0.9334718127401055 4.447274954072259 1.934959349593495 1.934959349593496
2 0.8412736737411106 4.588350500507822 3.2949999999999995 3.2950000000000017
3 0.6979895418879641 3.4069980235707455 5.390000000000001 5.390000000000001
4 0.6508179779720465 3.4344818752401642 8.89 8.890000000000008
5 0.6142159706466214 2.934873401200727 13.339999999999991 13.339999999999998
6 0.5552992261993344 2.5061047540403436 17.84999999999999 17.850000000000012
7 0.4923277554895293 2.1112225310145334 23.3 23.3
8 0.4374778119146627 1.9648708169952203 28.799999999999994 28.799999999999997
9 0.4032544026779882 1.8752657312925185 33.084999999999994 33.08500000000002
10 0.38916422176452803 1.8434352779466583 35.09500000000001 35.095
11 0.3902922934800268 1.8220568513502842 36.845000000000006 36.84499999999999
12 0.3947074460627092 1.8116224033657626 37.62 37.62000000000002
13 0.3929951641925324 1.8460991827826005 38.120000000000026 38.12000000000001
14 0.3784064865906973 1.8211156283932264 38.540000000000035 38.54
15 0.3731956656361693 1.814348122522154 38.755000000000024 38.754999999999974
16 0.37061452572482007 1.8053584505441815 38.94500000000002 38.94500000000002
17 0.36736748748676673 1.8036432160804028 39.31499999999998 39.31500000000001
18 0.37023079990185237 1.801281407035176 39.64499999999998 39.64499999999999
19 0.36971794871794855 1.801256281407038 39.710000000000015 39.709999999999994
20 0.37040452091767867 1.8012311557788967 39.710000000000015 39.71000000000001
21 0.36681680161943314 1.801381909547735 39.67500000000005 39.67499999999998
22 0.36710909289856647 1.8006281407035198 39.72 39.71999999999999
23 0.36490283400809714 1.800829145728645 39.699999999999996 39.700000000000024
24 0.36746963562753054 1.8006532663316575 39.750000000000036 39.75000000000002
25 0.3711809826020352 1.800653266331658 39.745000000000026 39.74499999999997
26 0.36851990553306324 1.8008291457286454 39.675 39.67499999999998
27 0.3662840755735494 1.8007035175879427 39.700000000000024 39.70000000000001
28 0.36432118758434606 1.800603015075374 39.69500000000002 39.69500000000002
29 0.364293859649123 1.8006532663316597 39.67999999999997 39.67999999999999
30 0.36770951417004033 1.800678391959797 39.695 39.69500000000004
31 0.36545614035087726 1.800954773869349 39.654999999999966 39.65499999999999
32 0.37004318488529025 1.8005527638190948 39.71499999999999 39.71500000000002
33 0.36740620782726063 1.8006281407035154 39.72 39.72
34 0.3642118758434548 1.8007286432160812 39.69500000000001 39.695
35 0.3653977732793522 1.8007788944723588 39.69999999999997 39.7
36 0.36907152496626183 1.800753768844221 39.695 39.69499999999999
37 0.36474055330634286 1.8010804020100482 39.665 39.66500000000002
38 0.366145411605938 1.8010050251256262 39.72 39.72000000000003
39 0.36537648174490284 1.8011306532663331 39.71 39.71
40 0.35981140350877205 1.8007035175879387 39.71500000000001 39.71499999999999
41 0.36245175438596533 1.8005276381909519 39.72500000000001 39.724999999999994
42 0.3670087719298249 1.8006532663316586 39.695 39.695
43 0.36959446693657205 1.800778894472361 39.694999999999986 39.695000000000014
44 0.3681558704453442 1.8009547738693497 39.665 39.66499999999999
45 0.36467004048582974 1.800954773869347 39.670000000000016 39.669999999999995
46 0.36488596491228065 1.8009045226130638 39.680000000000014 39.67999999999999
47 0.36853137651821877 1.8007286432160796 39.72500000000001 39.72500000000001
48 0.3693107287449394 1.8007286432160767 39.7 39.7
49 0.3701012145748986 1.800854271356777 39.725000000000016 39.72500000000002
50 0.3655988529014844 1.8006532663316568 39.735 39.73500000000001
51 0.3683626855600541 1.8009798994974897 39.705 39.705000000000005
52 0.36841025641025593 1.8006281407035183 39.754999999999995 39.754999999999995
53 0.3673458164642376 1.800804020100505 39.69500000000002 39.695
54 0.3651673414304996 1.8006281407035154 39.709999999999994 39.709999999999994
55 0.36664237516869114 1.8008040201004982 39.705 39.70500000000002
56 0.3709585020242915 1.800954773869343 39.71500000000003 39.715
57 0.3714642375168692 1.800804020100499 39.724999999999994 39.72499999999999
58 0.3663670715249665 1.8008291457286472 39.7 39.699999999999996
59 0.3703367071524972 1.8011055276381907 39.684999999999974 39.68499999999999
60 0.36503542510121467 1.8008542713567803 39.70000000000001 39.70000000000001
61 0.3696315789473686 1.8009296482412023 39.71500000000002 39.71500000000001
62 0.3668053306342779 1.801030150753768 39.664999999999985 39.665
63 0.36399831309041825 1.800728643216079 39.71000000000001 39.71000000000002
64 0.36897570850202416 1.800929648241206 39.67999999999998 39.67999999999999
65 0.3657260458839407 1.8008291457286392 39.670000000000044 39.67
66 0.36729655870445366 1.8005778894472355 39.71499999999999 39.715
67 0.36847537112010803 1.800904522613063 39.69000000000002 39.690000000000005
68 0.3657871120107965 1.8006783919597982 39.714999999999996 39.71500000000001
69 0.3629173231936389 1.800804020100504 39.67999999999998 39.67999999999999
70 0.3674922402159242 1.8007035175879382 39.69500000000002 39.695
