# index clusteringCoefficient averagePathLength inDegreeMean outDegreeMean
1 0.9184562457969224 4.4058005752636635 1.9674796747967476 1.967479674796748
2 0.8148947809001384 4.131648504521248 3.5350000000000015 3.5350000000000006
3 0.7001623399700407 3.403383588445159 6.095000000000001 6.095
4 0.6258024843112768 3.354633695400976 9.344999999999994 9.344999999999997
5 0.5929415306060833 2.6556595686314743 14.269999999999994 14.27
6 0.5479113418487663 2.380829476682099 19.929999999999993 19.92999999999999
7 0.5034802850323692 2.080617122989999 26.645000000000007 26.645000000000003
8 0.46003688288228567 1.9289378831329427 32.150000000000006 32.150000000000006
9 0.43163495723300366 1.8552556597420151 36.870000000000005 36.870000000000026
10 0.41722538391487624 1.8174636066932646 39.775000000000006 39.77500000000001
11 0.4172920778347158 1.7965336888524246 42.13000000000001 42.12999999999999
12 0.4195068099315345 1.7910108920235681 43.315 43.315
13 0.41797629057212027 1.7911527333637849 43.48999999999997 43.49000000000001
14 0.418054280344978 1.7908228008730513 43.54000000000003 43.540000000000035
15 0.4151385952548742 1.7906197654941347 43.575 43.574999999999996
16 0.40985250025980535 1.781268149794203 44.110000000000035 44.11000000000001
17 0.41049025135071665 1.7805358450544133 44.219999999999985 44.22000000000003
18 0.40856495184402175 1.7756532663316558 44.66000000000002 44.65999999999999
19 0.4020247827108293 1.7755527638190967 44.67 44.67000000000001
20 0.40698273431994375 1.7754522613065353 44.70999999999999 44.709999999999994
21 0.4076788818416726 1.7757035175879434 44.67500000000001 44.67500000000002
22 0.40517700258397954 1.7754773869346734 44.684999999999995 44.68500000000002
23 0.40765961945031715 1.7754773869346712 44.68500000000003 44.68500000000001
24 0.4048774958891237 1.775552763819106 44.67499999999999 44.674999999999976
25 0.4054049800328871 1.7755778894472347 44.66500000000002 44.665
26 0.4099830866807613 1.7754271356783904 44.69 44.68999999999998
27 0.40241649048625805 1.7755527638190962 44.674999999999976 44.674999999999976
28 0.4047209134534716 1.7754271356783957 44.68999999999998 44.68999999999999
29 0.4027736836806606 1.7753266331658277 44.71500000000002 44.715000000000025
30 0.40219168428470764 1.775477386934674 44.690000000000026 44.690000000000005
31 0.4053449612403098 1.7754271356783964 44.694999999999986 44.69499999999995
32 0.4067595724688748 1.7753517587939713 44.705 44.705
33 0.407274958891238 1.7755025125628148 44.67999999999998 44.68000000000004
34 0.4061737138830162 1.7754773869346792 44.68999999999998 44.68999999999999
35 0.4035637269707035 1.7754773869346707 44.67999999999998 44.67999999999998
36 0.40355614282358465 1.7757035175879383 44.635000000000005 44.63499999999999
37 0.4083060840967818 1.7755527638190933 44.684999999999974 44.68499999999998
38 0.4054772140004701 1.7753517587939684 44.70500000000002 44.70500000000001
39 0.40737221047686156 1.7754522613065316 44.69000000000003 44.69000000000002
40 0.4030739957716703 1.7753015075376926 44.72000000000003 44.71999999999995
41 0.4043368569415082 1.7753517587939707 44.72 44.71999999999992
42 0.403687925769321 1.7754522613065338 44.68499999999997 44.684999999999995
43 0.4077677942212825 1.775804020100506 44.624999999999986 44.62500000000001
44 0.4042290345313601 1.7755527638190947 44.67000000000002 44.66999999999998
45 0.409216232088325 1.7753768844221105 44.709999999999994 44.709999999999994
46 0.406959126145173 1.7753768844221176 44.72499999999998 44.72500000000001
47 0.4085577200577202 1.775577889447238 44.67500000000001 44.67500000000001
48 0.4080401691331926 1.775552763819091 44.67999999999997 44.679999999999986
49 0.4039797979797979 1.775628140703514 44.680000000000014 44.68000000000003
50 0.40851761804087394 1.7753517587939687 44.720000000000006 44.71999999999999
51 0.4091196852243362 1.7752010050251263 44.74499999999998 44.745000000000005
52 0.40465445149166074 1.7752261306532693 44.73999999999998 44.739999999999974
53 0.4052378435517971 1.775427135678392 44.705 44.705
54 0.40598085506225046 1.7753015075376888 44.71500000000002 44.715000000000025
55 0.4029700493305144 1.775251256281406 44.73000000000002 44.730000000000025
56 0.4048419074465584 1.7753517587939736 44.709999999999994 44.71
57 0.4046515151515152 1.7752512562814107 44.72499999999997 44.72499999999999
58 0.4059222457129434 1.775703517587939 44.64999999999999 44.64999999999999
59 0.40450082217524025 1.7755778894472443 44.66499999999999 44.665000000000006
60 0.40186011275546135 1.775678391959804 44.65000000000001 44.649999999999984
61 0.407694620624853 1.7755025125628192 44.67999999999999 44.679999999999986
62 0.40680994328668774 1.7755276381909606 44.67499999999999 44.675000000000004
63 0.4066054733380314 1.7754020100502506 44.699999999999996 44.70000000000002
64 0.40591836974395135 1.7753768844221134 44.699999999999996 44.7
65 0.40492670894996524 1.7753768844221092 44.70000000000001 44.69999999999999
66 0.40826579750998354 1.7754271356783926 44.695 44.695000000000014
67 0.4056434444108863 1.7753517587939736 44.715 44.714999999999975
68 0.4069196617336152 1.775502512562814 44.679999999999986 44.68
69 0.4037130608409676 1.775653266331659 44.65499999999998 44.65499999999999
70 0.40354122621564525 1.7754773869346716 44.684999999999995 44.684999999999995
