# index clusteringCoefficient averagePathLength inDegreeMean outDegreeMean
1 0.9052372964155772 4.059521041618238 1.9756097560975614 1.9756097560975603
2 0.8045393951131022 4.5588635921385015 3.3649999999999993 3.3650000000000007
3 0.7011479651472632 4.191081496668346 5.540000000000003 5.539999999999998
4 0.6489958742426029 3.5142539964476023 8.700000000000006 8.700000000000001
5 0.6282795846046146 2.9982497300115476 12.330000000000004 12.330000000000002
6 0.6171694368604388 2.642166714518138 16.85999999999999 16.86000000000001
7 0.5590850572181377 2.2124780267306403 22.499999999999993 22.500000000000004
8 0.49325620243995344 2.036585365853676 27.404999999999998 27.405
9 0.4400934393104995 1.8937233493576702 31.904999999999994 31.904999999999987
10 0.40351751967388294 1.8607171985582374 34.965 34.96499999999999
11 0.39361741420466906 1.8296404301299227 37.21999999999999 37.220000000000006
12 0.39394906189216394 1.8206542854922678 38.10999999999999 38.10999999999998
13 0.3936984966458341 1.8215054866167588 38.645 38.645
14 0.39143284989626453 1.811788534509281 39.144999999999996 39.14499999999996
15 0.3889370464675343 1.8097594571843973 39.39500000000002 39.395000000000024
16 0.3891259380863037 1.813312795131435 39.74000000000001 39.73999999999997
17 0.3864724927285903 1.8118734375394567 39.78 39.78000000000001
18 0.3834230769230767 1.8114946592257757 39.83000000000001 39.83
19 0.3801157412114097 1.8017587939698478 40.40499999999999 40.405
20 0.38297686053783636 1.8061557788944709 40.429999999999986 40.43000000000001
21 0.38159255784865564 1.8030653266331673 40.459999999999994 40.45999999999998
22 0.38320903689806163 1.8027638190954767 40.47499999999999 40.475
23 0.3768822552785966 1.7972864321608049 40.65499999999999 40.65499999999999
24 0.37686866791744833 1.7963316582914566 40.72999999999998 40.730000000000025
25 0.3763148843026891 1.7965577889447257 40.70000000000001 40.7
26 0.37691400875547215 1.796105527638188 40.75500000000001 40.75500000000005
27 0.3775983427141963 1.795653266331657 40.71999999999999 40.720000000000006
28 0.3788656973108194 1.7959798994974845 40.715 40.714999999999996
29 0.37647323985385595 1.7958793969849238 40.715 40.71499999999998
30 0.3795481550969355 1.7957035175879434 40.68500000000001 40.684999999999995
31 0.37522795497185724 1.795703517587943 40.7 40.699999999999974
32 0.37465681676047535 1.7954773869346756 40.714999999999996 40.71500000000001
33 0.37842495309568497 1.795904522613061 40.69500000000003 40.69499999999999
34 0.37710240775484694 1.7961306532663273 40.66000000000002 40.65999999999999
35 0.37681488430268895 1.7956532663316547 40.71999999999998 40.72000000000003
36 0.37482145090681646 1.7958793969849216 40.68499999999998 40.684999999999995
37 0.37659677923702295 1.7958040201005032 40.67999999999999 40.67999999999999
38 0.37279205753596 1.7956783919597954 40.70499999999999 40.70499999999999
39 0.37273988677133735 1.795653266331657 40.73 40.73000000000001
40 0.37737938185049863 1.7955025125628101 40.71999999999999 40.71999999999998
41 0.3761560350218886 1.7958291457286417 40.68500000000002 40.68499999999999
42 0.3779490306441528 1.7955527638190933 40.69500000000004 40.69500000000001
43 0.37780284552845517 1.7956532663316604 40.70500000000003 40.70499999999997
44 0.37852329580988126 1.7956030150753768 40.73 40.73
45 0.3757121638524079 1.7955025125628064 40.715 40.71499999999999
46 0.374562851782364 1.7957035175879426 40.690000000000026 40.689999999999976
47 0.37372701688555376 1.795829145728641 40.65000000000002 40.649999999999984
48 0.37404924953095703 1.7954773869346734 40.73000000000003 40.730000000000004
49 0.3753824265165727 1.7957035175879352 40.69 40.68999999999998
50 0.37174407524439607 1.795703517587933 40.684999999999995 40.68500000000001
51 0.37196544715447144 1.795653266331655 40.69000000000001 40.69
52 0.37304690431519705 1.7955276381909577 40.70500000000001 40.705
53 0.37099781113195734 1.795653266331657 40.69499999999999 40.69500000000001
54 0.3723677298311444 1.7957035175879383 40.69 40.68999999999999
55 0.3753997811131963 1.7954773869346679 40.720000000000034 40.719999999999985
56 0.3719182301438399 1.7957286432160782 40.67499999999998 40.675000000000004
57 0.37925484677923726 1.7957286432160782 40.67499999999999 40.675000000000004
58 0.37624265165728565 1.795778894472364 40.67999999999999 40.67999999999998
59 0.3786536898061288 1.7957788944723632 40.70499999999997 40.70499999999999
60 0.3755358036272671 1.795804020100505 40.68500000000002 40.68499999999999
61 0.37656941838649194 1.7958291457286446 40.669999999999995 40.67
62 0.37485240775484685 1.7954020100502535 40.724999999999994 40.72500000000001
63 0.374625859912445 1.795879396984925 40.66000000000001 40.65999999999998
64 0.3767728267667294 1.7957035175879408 40.68499999999998 40.684999999999995
65 0.37389618511569694 1.7956532663316582 40.69000000000001 40.69000000000001
66 0.37465009380863057 1.796155778894473 40.64 40.63999999999998
67 0.37703877423389626 1.796306532663313 40.650000000000034 40.64999999999999
68 0.37594512195121965 1.795904522613062 40.665000000000006 40.665
69 0.37751110068792976 1.7957537688442233 40.66000000000002 40.66
70 0.37553189493433387 1.795829145728644 40.69000000000001 40.689999999999976
