# index clusteringCoefficient averagePathLength inDegreeMean outDegreeMean
1 0.9022414915707601 4.8597177754061445 1.9186991869918695 1.9186991869918695
2 0.8162116302719928 3.907309044662227 3.3200000000000016 3.3200000000000003
3 0.71642981879266 3.8030076736880054 6.040000000000002 6.039999999999997
4 0.6781269930663811 3.133975795607351 9.154999999999994 9.155
5 0.6481190636110677 3.0557492413971237 12.885000000000002 12.884999999999994
6 0.6038151468688292 2.5535999999999905 17.88499999999999 17.884999999999998
7 0.5250125467151401 2.187751921319957 24.545 24.545
8 0.46897826377678453 1.948776637726914 31.36000000000001 31.360000000000003
9 0.44077718010487743 1.852024392158915 36.69500000000001 36.695000000000014
10 0.4215716069200531 1.811935324289843 40.13 40.13000000000001
11 0.42429246258296394 1.801352121431904 41.63999999999999 41.64
12 0.42621690856572675 1.8028544785784575 42.135000000000026 42.134999999999955
13 0.42324112941114045 1.7964179873727606 42.634999999999984 42.635000000000005
14 0.4140304204839087 1.7997641267562274 42.70500000000004 42.70500000000001
15 0.41399518440216154 1.788609715242882 42.915000000000006 42.914999999999985
16 0.4108518322762507 1.7865979644414987 43.455000000000005 43.455000000000005
17 0.4160556730091614 1.7854169839094436 43.83500000000003 43.835000000000015
18 0.41214062552434627 1.785636726345299 44.02 44.019999999999996
19 0.4103905332393705 1.78065326633166 44.43000000000002 44.42999999999999
20 0.4042019027484146 1.7758542713567829 44.66499999999999 44.66499999999998
21 0.4073232323232327 1.7766080402010047 44.705 44.70499999999999
22 0.41162825933756125 1.7758542713567835 44.695 44.695
23 0.411158914728682 1.7763065326633203 44.645000000000046 44.64499999999999
24 0.4126262626262624 1.776934673366834 44.65999999999997 44.65999999999998
25 0.4057255109231853 1.776909547738692 44.67 44.66999999999998
26 0.40743457834155533 1.7764824120602998 44.690000000000005 44.689999999999955
27 0.4081495184402163 1.77688442211056 44.675000000000004 44.67500000000001
28 0.4066365985435752 1.7756030150753799 44.68500000000002 44.684999999999974
29 0.4032088325111581 1.7754271356783904 44.70000000000001 44.69999999999998
30 0.4065078693915904 1.7756783919598016 44.645000000000024 44.64499999999998
31 0.404605943152455 1.7755276381909555 44.67500000000001 44.67499999999996
32 0.4059341085271322 1.7755276381909533 44.675000000000004 44.674999999999976
33 0.40421963824289436 1.7755527638190947 44.67000000000004 44.66999999999998
34 0.4068126614987081 1.7753266331658335 44.71000000000002 44.71
35 0.4078491895701197 1.7754271356783964 44.70000000000001 44.70000000000002
36 0.40671129903688047 1.7757035175879414 44.655 44.65499999999999
37 0.4051020671834627 1.7758793969849231 44.61500000000004 44.614999999999995
38 0.40558127789523135 1.7754020100502568 44.71499999999999 44.71500000000001
39 0.40568616396523394 1.7754271356783975 44.705 44.70500000000002
40 0.40919133192388996 1.7753517587939749 44.704999999999984 44.704999999999984
41 0.40829586563307513 1.775402010050248 44.70000000000001 44.69999999999998
42 0.4064852008456661 1.7755025125628154 44.690000000000005 44.68999999999996
43 0.4058091378905329 1.7755025125628137 44.675000000000026 44.675
44 0.4070424007517031 1.7754522613065333 44.70000000000002 44.69999999999999
45 0.40622140004698176 1.775502512562814 44.67999999999999 44.679999999999964
46 0.40400187925769315 1.7755527638190967 44.669999999999995 44.67
47 0.4027782475922008 1.7754271356783904 44.694999999999986 44.69500000000001
48 0.4049664082687338 1.7757788944723585 44.665000000000006 44.665
49 0.40404357528776147 1.7755527638190962 44.7 44.699999999999996
50 0.40699271787643876 1.7755025125628214 44.684999999999995 44.68499999999997
51 0.40791883955837455 1.7754773869346712 44.68500000000003 44.68499999999998
52 0.40706225041108723 1.775427135678389 44.69000000000002 44.69000000000001
53 0.4078984026309607 1.775452261306527 44.684999999999995 44.68499999999999
54 0.4060083392060136 1.775703517587936 44.63999999999999 44.639999999999986
55 0.40663401456424686 1.7754773869346718 44.69 44.690000000000005
56 0.40572468874794465 1.7753517587939707 44.705 44.70499999999999
57 0.4063523608174773 1.7755276381909588 44.67000000000003 44.66999999999998
58 0.40604592435987813 1.7756030150753777 44.669999999999995 44.66999999999999
59 0.409309960065774 1.7754271356783953 44.694999999999986 44.694999999999986
60 0.4072143528306322 1.7752763819095507 44.72499999999998 44.72499999999999
61 0.4068852478271085 1.77530150753769 44.72 44.719999999999985
62 0.4035427531125207 1.7754271356783942 44.69999999999999 44.70000000000003
63 0.4042748414376319 1.7755025125628134 44.674999999999976 44.67499999999997
64 0.40719908386187464 1.7753266331658328 44.71000000000002 44.70999999999998
65 0.40525522668545955 1.7752261306532688 44.739999999999995 44.74
66 0.40660288935870326 1.775402010050257 44.69999999999996 44.700000000000024
67 0.40554345783415535 1.7754271356783913 44.695 44.69499999999999
68 0.40475463941743023 1.7755276381909533 44.67000000000001 44.66999999999998
69 0.4047629786234437 1.7756030150753748 44.65499999999998 44.655
70 0.40615409913084344 1.7753266331658306 44.71000000000002 44.71000000000002
