# index clusteringCoefficient averagePathLength inDegreeMean outDegreeMean
1 0.9470439930880145 4.692268822637688 1.6341463414634145 1.6341463414634148
2 0.8392363005431933 4.612995059867725 3.2550000000000026 3.2550000000000034
3 0.6917482483620057 3.419947743039915 5.299999999999998 5.299999999999997
4 0.6784230794754821 3.4655149263751444 8.735 8.735000000000005
5 0.6635719928664302 2.66892124269173 13.050000000000006 13.049999999999999
6 0.6202795067633656 2.4721235521235765 18.164999999999985 18.164999999999992
7 0.5523661323361883 2.2910851530201635 23.51 23.510000000000005
8 0.4986474601735268 2.08418395048322 27.824999999999996 27.825
9 0.4298632056285767 1.907883774213704 33.27999999999997 33.28000000000001
10 0.41292645321389915 1.858989302458103 36.51500000000002 36.515
11 0.39755700658129006 1.8390712776374798 38.255000000000024 38.255
12 0.39551340683677416 1.8262274067427249 38.98000000000001 38.98000000000001
13 0.3935844136075297 1.818968580275112 39.775 39.774999999999984
14 0.39447464898020207 1.8020100502512577 40.08500000000001 40.085
15 0.39214024390243873 1.8064350724266083 40.41000000000001 40.410000000000004
16 0.38978290250851244 1.7964493419038878 40.764999999999986 40.764999999999965
17 0.3860429385429385 1.8016331658291487 41.090000000000025 41.09
18 0.38541840882694545 1.7954522613065316 41.51000000000002 41.50999999999998
19 0.3869319217367998 1.7953517587939725 41.51500000000002 41.51499999999997
20 0.3840542973286876 1.7956532663316571 41.5 41.49999999999998
21 0.38335592185592154 1.7910301507537667 41.59000000000001 41.59
22 0.3817814705619585 1.7905527638190937 41.710000000000015 41.70999999999998
23 0.3840447154471547 1.790603015075377 41.69000000000001 41.69
24 0.38447154471544737 1.7907286432160834 41.665000000000006 41.66499999999997
25 0.38269889663182355 1.790577889447242 41.695 41.69500000000001
26 0.38075290360046454 1.7906783919597946 41.685000000000024 41.68500000000002
27 0.3833748324845885 1.7906532663316612 41.689999999999976 41.69000000000001
28 0.3853551103368175 1.7906532663316608 41.68999999999999 41.68999999999999
29 0.381704994192799 1.7907537688442203 41.68000000000003 41.67999999999999
30 0.38051219512195145 1.7906281407035205 41.69000000000001 41.68999999999998
31 0.3834683507549361 1.7906281407035187 41.68000000000001 41.67999999999999
32 0.3823646922183507 1.790552763819095 41.695000000000014 41.695
33 0.37961585365853656 1.7909296482412083 41.64000000000001 41.64000000000001
34 0.3814364111498255 1.7905025125628098 41.7 41.7
35 0.3821884436701509 1.7905778894472413 41.70500000000001 41.70499999999999
36 0.3829863530778164 1.7903517587939648 41.735 41.735000000000014
37 0.3850798490127756 1.7905527638190941 41.705 41.705000000000005
38 0.38479297328687573 1.7908040201005044 41.66 41.660000000000004
39 0.38516695702671294 1.7907788944723668 41.64999999999999 41.64999999999997
40 0.3831728312338065 1.790628140703517 41.684999999999995 41.68499999999997
41 0.3818315911730547 1.7904522613065326 41.705 41.70500000000001
42 0.3810888501742159 1.7905778894472346 41.7 41.7
43 0.37975522648083604 1.7904522613065301 41.71500000000001 41.71499999999999
44 0.3794343786295009 1.7903768844221069 41.72000000000001 41.72000000000001
45 0.38350813008130075 1.7907537688442203 41.695 41.695
46 0.3828252032520323 1.7906532663316619 41.66999999999997 41.669999999999995
47 0.38249883855981404 1.7904773869346748 41.70999999999999 41.710000000000015
48 0.3844222728491023 1.7905527638190932 41.695 41.695
49 0.3866599883855982 1.7905527638190992 41.69000000000001 41.69
50 0.3860304878048781 1.7906030150753809 41.714999999999975 41.71500000000001
51 0.381668699186992 1.7907286432160823 41.68 41.679999999999986
52 0.384835656213705 1.7903768844221113 41.72499999999998 41.725
53 0.384300232288037 1.790678391959799 41.709999999999965 41.70999999999998
54 0.3831010899669438 1.7909045226130669 41.66500000000001 41.665
55 0.37997967479674793 1.7906030150753802 41.709999999999994 41.710000000000036
56 0.38376161440185824 1.7906030150753784 41.699999999999974 41.699999999999996
57 0.38082868757258986 1.790678391959802 41.670000000000016 41.67
58 0.38202264808362374 1.7905527638190977 41.68499999999999 41.684999999999995
59 0.3848063298490127 1.7905778894472333 41.71500000000002 41.71500000000002
60 0.37896777003484317 1.7907035175879389 41.680000000000014 41.68
61 0.37885830429732864 1.790577889447238 41.684999999999995 41.684999999999995
62 0.38173664343786307 1.7903768844221128 41.72500000000002 41.72499999999999
63 0.3811692799070847 1.7905276381909525 41.69500000000001 41.69500000000003
64 0.38308042973286904 1.7905778894472368 41.69 41.68999999999999
65 0.38066957026713133 1.7905276381909563 41.69500000000002 41.695000000000014
66 0.38036004645760735 1.7908040201005 41.645 41.64499999999999
67 0.38176800232288044 1.7907788944723588 41.65500000000001 41.654999999999994
68 0.38298751451800256 1.7906281407035176 41.67500000000002 41.67499999999996
69 0.3833937282229965 1.7903768844221113 41.72999999999999 41.72999999999999
70 0.3804314750290363 1.7903517587939661 41.729999999999976 41.72999999999998
