# index clusteringCoefficient averagePathLength inDegreeMean outDegreeMean
1 0.9398102753104907 4.270942735683908 1.7886178861788617 1.7886178861788617
2 0.814691416645685 4.642646563342361 2.9899999999999998 2.9900000000000007
3 0.7174758352469256 3.1452131607157643 5.200000000000002 5.200000000000003
4 0.6742315931926285 2.745412234042556 8.15 8.150000000000004
5 0.6228708857394633 2.711955661124296 12.984999999999998 12.985000000000005
6 0.6061294536607165 2.5104597733953513 17.765 17.765000000000004
7 0.5429812876096192 2.2105611836475627 22.685000000000002 22.685
8 0.48902274652900024 2.0420344570881674 27.68 27.67999999999999
9 0.44417426004855515 1.9035805424745458 32.48 32.47999999999999
10 0.4102292749265317 1.8442251825486133 36.17000000000001 36.16999999999997
11 0.4046484136240084 1.8330236331754328 37.53499999999999 37.53499999999999
12 0.39812433646284945 1.8212500323775473 38.23999999999997 38.24
13 0.39583763644891706 1.817502448075043 38.83000000000003 38.83000000000003
14 0.3951417216405414 1.8118847600886467 39.055000000000014 39.05499999999999
15 0.3934955875199776 1.8124171002958893 39.31000000000002 39.31
16 0.39021109919890434 1.8022855393719877 39.739999999999995 39.74000000000001
17 0.38212288930581634 1.8007969138622386 40.11500000000001 40.11499999999998
18 0.37870637898686665 1.8009646221055031 40.285000000000004 40.285
19 0.3830935453079228 1.8008383626676163 40.28499999999998 40.28499999999998
20 0.3800783713505153 1.801166637206128 40.29000000000001 40.29
21 0.38027550204989224 1.7972525946314495 40.42500000000001 40.425000000000004
22 0.3771780224482411 1.797035175879394 40.660000000000004 40.659999999999975
23 0.37740806754221395 1.7963819095477371 40.70499999999999 40.704999999999984
24 0.3783688242651656 1.796005025125628 40.675000000000004 40.675
25 0.375742182614134 1.7957286432160826 40.72000000000003 40.719999999999985
26 0.3750719199499688 1.7957286432160788 40.69500000000002 40.69499999999999
27 0.37520762976860533 1.7958793969849298 40.695 40.694999999999965
28 0.37591823014383985 1.7957286432160822 40.680000000000014 40.679999999999986
29 0.37634036898061296 1.7958040201005039 40.65000000000003 40.64999999999999
30 0.3736885553470918 1.7956783919598 40.67500000000001 40.675
31 0.3738725766103812 1.7957035175879357 40.68000000000001 40.67999999999999
32 0.3737698561601002 1.7954773869346758 40.73499999999999 40.735
33 0.3752698561601001 1.7956532663316582 40.685 40.684999999999974
34 0.3754898373983738 1.7957788944723556 40.66499999999998 40.66499999999999
35 0.37293731279418046 1.7956783919598018 40.695 40.69499999999999
36 0.3755667604752972 1.795854271356783 40.67500000000001 40.675
37 0.37625703564727936 1.7957537688442204 40.69999999999998 40.69999999999998
38 0.37554174484052505 1.795829145728644 40.67999999999999 40.68
39 0.3723458411507191 1.7958040201005043 40.69500000000002 40.694999999999986
40 0.37225265791119455 1.7955527638190905 40.69999999999999 40.69999999999999
41 0.3738470919324579 1.7956030150753783 40.705 40.704999999999984
42 0.3724684177611008 1.795502512562812 40.71999999999999 40.72000000000001
43 0.37361522826766747 1.795527638190957 40.70999999999999 40.70999999999999
44 0.37516635397123216 1.7955527638190958 40.72 40.72000000000001
45 0.37320278298936826 1.795552763819097 40.705000000000005 40.70499999999997
46 0.37858755472170086 1.7957035175879374 40.685 40.68499999999999
47 0.37177673545966244 1.7957035175879386 40.674999999999976 40.67499999999998
48 0.3723445903689807 1.79560301507538 40.68999999999998 40.689999999999976
49 0.3773433395872422 1.7957788944723643 40.66499999999998 40.66499999999998
50 0.3749307379612257 1.795979899497494 40.67499999999996 40.675
51 0.37494308943089416 1.7954271356783913 40.71500000000001 40.71500000000002
52 0.3770204815509694 1.7954522613065371 40.725 40.725000000000044
53 0.37493796287153147 1.7958291457286433 40.68500000000002 40.68499999999999
54 0.37500469043151957 1.79572864321608 40.69499999999997 40.695
55 0.3727853345841154 1.7956532663316576 40.68499999999999 40.68500000000002
56 0.370759849906191 1.7956783919598034 40.699999999999996 40.69999999999998
57 0.37669105691056903 1.7958040201005039 40.69 40.69
58 0.3756430581613508 1.795804020100506 40.674999999999976 40.67500000000001
59 0.3739776422764228 1.7956783919597954 40.690000000000005 40.68999999999996
60 0.3759043151969979 1.7956030150753828 40.71499999999998 40.715
61 0.37477423389618525 1.795678391959796 40.66999999999999 40.66999999999999
62 0.3758713258286429 1.7957035175879352 40.68500000000004 40.684999999999995
63 0.3776572858036271 1.7955025125628103 40.71499999999999 40.71500000000002
64 0.3778302063789869 1.7956532663316591 40.710000000000015 40.71000000000001
65 0.37257582864290134 1.795778894472364 40.69500000000002 40.69499999999997
66 0.37643261413383333 1.7954020100502506 40.74999999999999 40.74999999999999
67 0.3786975329975972 1.7954522613065342 40.71499999999997 40.714999999999996
68 0.375609756097561 1.7954522613065327 40.72500000000001 40.72500000000002
69 0.37595090681676047 1.7956783919598005 40.69499999999999 40.69500000000001
70 0.376745153220763 1.7958291457286424 40.690000000000005 40.68999999999998
