# index clusteringCoefficient averagePathLength inDegreeMean outDegreeMean
1 0.936395433367679 4.372752843341082 1.7886178861788617 1.788617886178862
2 0.8389902213134232 4.310113365155156 3.415 3.415
3 0.7087423325537388 3.20435678172399 5.610000000000004 5.609999999999999
4 0.6226084446665532 3.2862001360380884 8.975000000000001 8.975000000000001
5 0.5837460852403137 2.7800520034668996 13.745000000000005 13.745000000000003
6 0.5317574780922854 2.4752884449802046 19.335 19.334999999999987
7 0.48708745250873065 2.2440832463895366 24.264999999999993 24.26499999999999
8 0.42608471922107394 2.030901518205012 29.109999999999992 29.109999999999996
9 0.4044968703349081 1.902209944751382 33.910000000000004 33.91
10 0.4082928234117537 1.8249275516443821 37.83 37.83000000000001
11 0.4177286037023804 1.8255311393459686 40.30000000000003 40.3
12 0.42086928527866513 1.8117579670901938 41.12000000000002 41.11999999999998
13 0.4176487637417907 1.8036086232034985 41.50500000000001 41.505
14 0.4196181810285776 1.7869873589991887 42.12999999999999 42.13000000000001
15 0.41572817107098076 1.7897490078853782 42.62499999999997 42.62499999999999
16 0.41487340300916076 1.7772109277351216 43.750000000000014 43.75
17 0.4101438730894845 1.7761788741688236 44.14500000000001 44.14500000000003
18 0.4088343065203533 1.7757632383020567 44.41999999999997 44.419999999999995
19 0.4098483673948791 1.7755612232014335 44.46499999999998 44.46500000000002
20 0.4070574348132487 1.7755612232014313 44.475000000000016 44.475
21 0.40876074700493303 1.7755107194262767 44.465 44.465
22 0.407140239605356 1.7753339562132278 44.490000000000016 44.489999999999974
23 0.4061341320178531 1.7755778894472354 44.660000000000025 44.65999999999999
24 0.40391355414611263 1.7754522613065353 44.69000000000001 44.69
25 0.40764329339910743 1.7755025125628119 44.68500000000002 44.68499999999998
26 0.407213530655391 1.7754271356783868 44.70500000000002 44.70500000000002
27 0.4096189805027015 1.7754271356783904 44.695000000000014 44.694999999999986
28 0.40932123561193356 1.775427135678392 44.699999999999996 44.699999999999974
29 0.41072445384073303 1.7757788944723625 44.62499999999997 44.625
30 0.40702067183462526 1.7753768844221103 44.71000000000002 44.71
31 0.40614435048156006 1.7752512562814091 44.730000000000025 44.73
32 0.4093545924359879 1.7755527638190962 44.66499999999999 44.66499999999999
33 0.40454815597838845 1.7754773869346712 44.69000000000003 44.689999999999976
34 0.4059741602067185 1.7754773869346727 44.69 44.68999999999998
35 0.4057123561193329 1.7755778894472352 44.67000000000002 44.669999999999995
36 0.4073377965703546 1.7753517587939731 44.70500000000001 44.70500000000001
37 0.4057802443035003 1.7753768844221114 44.705 44.70500000000002
38 0.4084715762273904 1.775477386934674 44.68999999999997 44.69
39 0.4018225276015974 1.7755276381909526 44.680000000000014 44.679999999999986
40 0.4061408268733851 1.7755527638190947 44.66499999999997 44.66499999999999
41 0.4050378200610759 1.775276381909551 44.72 44.72000000000002
42 0.4060173831336619 1.7753015075376883 44.72000000000002 44.71999999999998
43 0.40863131313131307 1.7754020100502519 44.7 44.69999999999999
44 0.4021780596664317 1.775402010050254 44.699999999999996 44.69999999999999
45 0.40341954428000926 1.7752010050251301 44.734999999999985 44.735
46 0.4067662673244068 1.775276381909547 44.725 44.72500000000001
47 0.40261158092553445 1.7754773869346734 44.68 44.68
48 0.40576802912849425 1.7752763819095456 44.719999999999985 44.720000000000006
49 0.4079124802845737 1.7754522613065304 44.68500000000001 44.685
50 0.40410700023490725 1.7757537688442233 44.625000000000014 44.62499999999999
51 0.40691050035236087 1.7756783919597932 44.64999999999999 44.650000000000006
52 0.4039822645055202 1.7755527638190927 44.665 44.665
53 0.4047377260981913 1.77532663316583 44.72000000000002 44.71999999999998
54 0.405735377026075 1.7754020100502506 44.69500000000002 44.695
55 0.40574958891237983 1.7753266331658306 44.72 44.72
56 0.4061723044397464 1.775477386934674 44.68500000000001 44.68499999999999
57 0.403859055673009 1.7752512562814071 44.730000000000004 44.72999999999999
58 0.40449823819591296 1.7754773869346756 44.699999999999996 44.70000000000002
59 0.40558151280244303 1.7754020100502517 44.699999999999996 44.699999999999996
60 0.4032787174066247 1.775301507537687 44.72 44.720000000000006
61 0.40815245478036183 1.7754020100502506 44.69499999999999 44.695
62 0.40462356119332876 1.7752261306532677 44.73499999999999 44.735
63 0.4056007751937982 1.7752261306532666 44.73999999999998 44.73999999999999
64 0.40400739957716725 1.7752261306532664 44.730000000000004 44.72999999999999
65 0.40169144937749585 1.7753517587939696 44.709999999999994 44.71000000000002
66 0.40352842377260983 1.7755778894472405 44.66499999999999 44.66499999999997
67 0.40366478740897355 1.7754271356783926 44.694999999999986 44.69500000000003
68 0.40075604886070026 1.775603015075371 44.66499999999999 44.664999999999985
69 0.4034397463002117 1.7755025125628163 44.69000000000002 44.69
70 0.40344691097016666 1.7755778894472325 44.669999999999995 44.66999999999998
