# index clusteringCoefficient averagePathLength inDegreeMean outDegreeMean
1 0.9300517910274008 4.460068593826557 1.8048780487804883 1.8048780487804879
2 0.8172475276468486 4.457359563877676 3.1550000000000007 3.155000000000001
3 0.7305177217893158 3.346601941747577 5.295000000000002 5.295
4 0.6864995073006807 3.232522949662061 8.189999999999992 8.190000000000005
5 0.617460932301259 2.927207005079302 12.32 12.319999999999988
6 0.5403556138418252 2.4413325641765407 17.219999999999985 17.220000000000002
7 0.4719620413963028 2.192205917729116 22.410000000000004 22.409999999999997
8 0.42407140765361 1.989976849415974 27.784999999999993 27.785000000000018
9 0.38755251265853025 1.8807056113902856 32.760000000000026 32.75999999999998
10 0.3878826631250672 1.8478142005363583 35.78500000000002 35.78500000000001
11 0.3897232080127808 1.8328757188001827 37.04000000000001 37.04000000000001
12 0.38334149440496207 1.8223851214837063 37.48 37.48000000000003
13 0.3843736495702437 1.8216336785970684 38.11999999999997 38.120000000000005
14 0.3794612284349125 1.8117235925822026 38.62500000000001 38.62499999999998
15 0.37636328831351706 1.816545036741493 38.81999999999999 38.82000000000001
16 0.3758360505534419 1.8118481856518753 39.00999999999998 39.01000000000002
17 0.3735970673110262 1.8071260826746773 39.230000000000004 39.230000000000004
18 0.372703787795893 1.8114321608040187 39.309999999999974 39.30999999999999
19 0.3712987590212991 1.8018989419459097 39.41500000000001 39.415000000000006
20 0.3734477605135501 1.8059296482412024 39.530000000000015 39.529999999999966
21 0.3676251686909582 1.8054773869346756 39.545 39.545000000000016
22 0.3672446018893386 1.8058040201005054 39.49500000000001 39.495000000000005
23 0.3677648448043186 1.8053517587939714 39.559999999999995 39.56000000000001
24 0.36592914979757085 1.8006363475669767 39.51500000000002 39.51500000000001
25 0.36642510121457506 1.8057035175879441 39.48499999999999 39.48499999999998
26 0.3678984480431851 1.8007121032297124 39.50000000000002 39.5
27 0.3658248987854251 1.8008383626676117 39.465000000000025 39.46499999999999
28 0.3640941295546557 1.805552763819094 39.52999999999999 39.53
29 0.3663522267206478 1.8006868513421381 39.49000000000002 39.489999999999995
30 0.3670873819163297 1.800737355117291 39.50500000000002 39.504999999999995
31 0.3659251012145748 1.8008888664427645 39.48000000000003 39.480000000000004
32 0.3648539136302294 1.8058542713567853 39.459999999999994 39.45999999999997
33 0.36727058029689624 1.8008793969849264 39.67 39.669999999999995
34 0.36662888901046786 1.800804020100499 39.69 39.69000000000002
35 0.3635408232118758 1.8005778894472368 39.695000000000036 39.695
36 0.363730769230769 1.8008040201004996 39.68500000000002 39.684999999999995
37 0.3664035087719297 1.8008291457286447 39.714999999999996 39.715000000000025
38 0.3673798920377866 1.800778894472361 39.68999999999998 39.68999999999998
39 0.36735627530364373 1.8005276381909534 39.724999999999994 39.725
40 0.36542206477732797 1.800628140703519 39.7 39.70000000000002
41 0.36545580296896074 1.8009045226130653 39.65499999999999 39.65499999999998
42 0.3652753036437247 1.8009547738693452 39.67000000000001 39.67000000000003
43 0.3683552631578946 1.8007035175879433 39.70000000000001 39.7
44 0.3625823211875842 1.800879396984928 39.66 39.65999999999996
45 0.3658215249662616 1.8006030150753747 39.725 39.725
46 0.361424089068826 1.8006030150753731 39.70999999999999 39.710000000000015
47 0.3610549932523617 1.8005276381909514 39.71 39.71000000000001
48 0.3617520242914978 1.800577889447242 39.72999999999998 39.730000000000025
49 0.3623744939271252 1.8007537688442175 39.675000000000004 39.675000000000004
50 0.3651481106612685 1.8005276381909554 39.714999999999975 39.71500000000001
51 0.36382523616734125 1.8008291457286454 39.69499999999999 39.694999999999986
52 0.3623788798920378 1.8006030150753753 39.72000000000003 39.72
53 0.36234143049932527 1.8008542713567919 39.68499999999998 39.684999999999995
54 0.3629851551956817 1.800854271356786 39.675000000000026 39.67500000000001
55 0.3658407557354925 1.8005527638191012 39.72999999999999 39.73
56 0.36464170040485827 1.8006030150753765 39.705 39.705000000000005
57 0.36456275303643687 1.8007788944723564 39.704999999999984 39.70500000000001
58 0.3676312415654522 1.8007286432160783 39.70499999999996 39.704999999999984
59 0.36888326585694997 1.8006030150753813 39.725000000000016 39.725000000000016
60 0.3688319838056681 1.8005778894472384 39.704999999999984 39.705000000000005
61 0.3681838731443994 1.800904522613066 39.695000000000036 39.69499999999999
62 0.3693171390013494 1.8011055276381918 39.66999999999999 39.67
63 0.3707877867746287 1.8010804020100437 39.68499999999998 39.685
64 0.3668579622132254 1.80123115577889 39.68500000000001 39.685
65 0.3691730769230769 1.8010804020100528 39.675000000000004 39.67500000000001
66 0.3660738866396758 1.800854271356781 39.69499999999999 39.694999999999986
67 0.3646258434547911 1.8009547738693512 39.66499999999995 39.664999999999985
68 0.36661369770580293 1.8010050251256253 39.66000000000002 39.66
69 0.36517611336032374 1.8005778894472368 39.71999999999999 39.72
70 0.36407489878542504 1.8007788944723626 39.67999999999998 39.67999999999998
