# index clusteringCoefficient averagePathLength inDegreeMean outDegreeMean
1 0.9398028940501607 4.327343199436203 1.8130081300813017 1.8130081300813012
2 0.8187821147587953 4.935851648351677 3.0699999999999985 3.0700000000000003
3 0.7214650982785058 3.516855504266328 5.369999999999999 5.370000000000002
4 0.6415548137546614 3.398094373865695 8.265000000000002 8.265000000000004
5 0.5876901396956802 2.8911527787179394 12.835000000000003 12.834999999999992
6 0.5359957043958257 2.6163213481849055 18.349999999999987 18.35
7 0.5232823626561489 2.3342018504732547 23.470000000000013 23.470000000000006
8 0.5030917412706437 2.0758534510262514 28.510000000000005 28.50999999999999
9 0.46202875829732826 1.9322419401761362 31.72 31.71999999999998
10 0.4120754929384274 1.8574681357795257 34.655 34.65499999999999
11 0.39083897222779507 1.8589872439118689 35.565000000000005 35.56499999999998
12 0.3755789906395171 1.8344004285386342 36.760000000000026 36.76000000000002
13 0.3746334147913095 1.8307446322521703 37.144999999999996 37.145
14 0.37120004349094743 1.8188148866158185 37.495000000000005 37.49499999999999
15 0.37356061132830654 1.8138662857434342 37.85500000000001 37.855000000000004
16 0.37093354488091346 1.8174204355108923 37.95499999999998 37.95499999999999
17 0.36742276689645076 1.811608547789448 38.14500000000001 38.144999999999996
18 0.3614899423715211 1.81220171207798 38.27500000000001 38.275000000000006
19 0.361111719006456 1.8113065326633209 38.54499999999998 38.544999999999995
20 0.3620801874749246 1.811909547738697 38.505 38.505000000000024
21 0.36235054892949603 1.8111557788944739 38.534999999999975 38.535000000000004
22 0.3640772148666887 1.8110301507537674 38.52499999999999 38.524999999999984
23 0.36432924827661667 1.8111809045226188 38.504999999999995 38.50500000000003
24 0.3608069373016741 1.8068592964824113 38.629999999999995 38.62999999999999
25 0.36006857059488667 1.8060552763819089 38.729999999999976 38.72999999999996
26 0.3584679213626582 1.806582914572863 38.66999999999999 38.67000000000001
27 0.35895156289893104 1.8057537688442182 38.71500000000001 38.71500000000004
28 0.3595258416311051 1.8064824120603 38.66000000000001 38.66
29 0.36083743662691026 1.8059296482412053 38.73000000000002 38.73000000000001
30 0.3609309917204653 1.8060804020100538 38.68499999999997 38.685
31 0.35881460407776183 1.805804020100501 38.720000000000006 38.71999999999999
32 0.3587035415982781 1.806005025125628 38.68500000000002 38.68500000000002
33 0.3589648758069813 1.8060552763819073 38.675 38.67500000000002
34 0.3585326622168726 1.8058793969849276 38.69500000000001 38.69499999999996
35 0.3585928438560017 1.8057788944723607 38.695 38.69500000000001
36 0.35776598460808956 1.8057286432160815 38.72499999999999 38.725
37 0.35593518619834436 1.805854271356784 38.724999999999994 38.72500000000001
38 0.3571012510486197 1.805778894472363 38.70000000000002 38.69999999999999
39 0.36031878031878023 1.8057537688442185 38.705000000000005 38.70500000000003
40 0.358217164532954 1.8058793969849225 38.68 38.68
41 0.3570199146514934 1.8059045226130632 38.68499999999996 38.68499999999998
42 0.35744300981143107 1.8056281407035157 38.70499999999997 38.70500000000001
43 0.35507531823321264 1.8056532663316531 38.75499999999999 38.755
44 0.3610597439544807 1.8057537688442218 38.71999999999999 38.72000000000002
45 0.35731754021227724 1.805854271356787 38.70500000000003 38.70499999999997
46 0.3567190064558487 1.8060552763819118 38.67 38.669999999999995
47 0.3566245395192761 1.8060804020100576 38.64 38.64000000000002
48 0.3562514133566765 1.8060804020100487 38.66500000000001 38.664999999999985
49 0.3561430256167098 1.8056783919597976 38.699999999999996 38.7
50 0.3565461210198048 1.8059547738693424 38.66999999999999 38.67000000000001
51 0.3563343910712332 1.805929648241206 38.69000000000001 38.69000000000004
52 0.35614418061786457 1.806055276381911 38.66999999999998 38.66999999999999
53 0.35538698617646003 1.8056030150753732 38.72499999999997 38.724999999999994
54 0.35659298975088455 1.805728643216081 38.69 38.68999999999998
55 0.3570813728708465 1.806130653266329 38.65000000000001 38.650000000000006
56 0.3566914687967319 1.806306532663317 38.65 38.650000000000006
57 0.3553694787905315 1.8061055276381923 38.65499999999997 38.65499999999999
58 0.3511985872512189 1.806155778894473 38.660000000000004 38.65999999999998
59 0.35592643250538 1.8056030150753717 38.720000000000006 38.719999999999985
60 0.35610168873326775 1.8059547738693456 38.695000000000014 38.695
61 0.3536610497136814 1.8060552763819102 38.67500000000002 38.674999999999976
62 0.3598083305978044 1.8059296482412053 38.69 38.68999999999999
63 0.35733358864937836 1.8059045226130674 38.67499999999999 38.67500000000001
64 0.357024838603786 1.805954773869351 38.680000000000014 38.68000000000003
65 0.3542780026990552 1.8060050251256268 38.66499999999999 38.665000000000006
66 0.35774774774774803 1.8058542713567876 38.684999999999974 38.68500000000003
67 0.3578276251960461 1.8059798994974883 38.68499999999998 38.685
68 0.3565574278732172 1.805854271356781 38.67999999999999 38.67999999999999
69 0.3573160812634497 1.8058793969849225 38.67999999999998 38.68
70 0.35595132581974687 1.8057537688442222 38.72 38.720000000000006
