# index clusteringCoefficient averagePathLength inDegreeMean outDegreeMean
1 0.9401000625390871 4.221754733325058 1.780487804878049 1.78048780487805
2 0.8203668707656795 4.824004885759444 3.1999999999999993 3.2
3 0.7258242897256656 3.2939891433867334 5.629999999999999 5.629999999999999
4 0.6391893000342497 3.3338757703760193 9.249999999999995 9.249999999999995
5 0.5615434992145346 2.8516091317457515 12.819999999999999 12.820000000000004
6 0.5159176739442006 2.4555809976522442 17.345 17.345000000000006
7 0.4469025754706788 2.1147307595678795 22.644999999999992 22.645000000000007
8 0.4172427915298558 1.9410335689045946 28.269999999999996 28.26999999999999
9 0.3969465080665524 1.8987304556995865 31.78500000000001 31.78500000000002
10 0.400073760126909 1.8612243824156127 34.65000000000002 34.649999999999984
11 0.40562462988663855 1.8365724616489003 35.91499999999999 35.915
12 0.4031640496772076 1.8351529820315156 36.69999999999999 36.70000000000002
13 0.39196356275303634 1.8288377421370532 37.31499999999997 37.315000000000026
14 0.38575371120107954 1.8179358330112114 37.960000000000015 37.96000000000001
15 0.3844193657219972 1.826607786406779 38.379999999999995 38.38
16 0.3767688204398729 1.8315699098507614 38.31999999999998 38.31999999999999
17 0.3755945842868042 1.8314070351758822 38.440000000000005 38.440000000000005
18 0.37188427800269913 1.824321608040202 38.750000000000014 38.75000000000001
19 0.37299750932761777 1.8125729658392968 38.78000000000001 38.780000000000015
20 0.37361639676113356 1.817085427135679 39.02500000000002 39.025000000000006
21 0.3715721997300945 1.8157788944723643 39.11999999999999 39.11999999999998
22 0.3671814439946023 1.806331658291456 39.39500000000003 39.39499999999999
23 0.3704831309041834 1.8056783919597978 39.50999999999997 39.51000000000002
24 0.36795411605937917 1.8058793969849276 39.495000000000005 39.495
25 0.36792375168690966 1.8058793969849283 39.475 39.47499999999996
26 0.36915182186234835 1.8058040201005043 39.484999999999985 39.48499999999997
27 0.3662408906882589 1.805753768844224 39.47999999999999 39.480000000000004
28 0.3658785425101213 1.8058040201005017 39.46499999999999 39.465
29 0.3649912280701756 1.8056281407035168 39.49999999999999 39.49999999999998
30 0.3659881916329283 1.8006783919598048 39.70000000000003 39.69999999999999
31 0.36490553306342777 1.8005276381909534 39.73000000000003 39.73
32 0.3648498650472334 1.8005778894472395 39.709999999999994 39.71
33 0.3629018218623484 1.8006030150753793 39.71 39.70999999999999
34 0.36592071524966263 1.8005778894472406 39.710000000000015 39.710000000000015
35 0.36406443994601906 1.8010050251256322 39.66000000000003 39.65999999999997
36 0.36464811066126857 1.8009296482412094 39.664999999999985 39.66499999999999
37 0.36597368421052595 1.8005527638190948 39.72500000000001 39.72499999999999
38 0.36618724696356286 1.8006783919598013 39.699999999999996 39.7
39 0.36435728744939283 1.800778894472361 39.694999999999986 39.694999999999986
40 0.3643383940620782 1.8007035175879387 39.705000000000005 39.70499999999999
41 0.36853981106612693 1.8004773869346749 39.72999999999998 39.72999999999999
42 0.3641703778677462 1.8006281407035165 39.70499999999999 39.70500000000001
43 0.3625998650472335 1.8006281407035132 39.705000000000005 39.705
44 0.36565958164642404 1.8007788944723617 39.68999999999999 39.69000000000003
45 0.36290519568151125 1.8008542713567854 39.65499999999998 39.655
46 0.3641265182186234 1.8007286432160805 39.69499999999999 39.694999999999986
47 0.3645455465587045 1.8008542713567868 39.67 39.66999999999997
48 0.36776079622132224 1.800879396984921 39.65500000000001 39.65499999999997
49 0.3650941295546559 1.8009296482412038 39.655 39.65499999999999
50 0.36711678885363086 1.800653266331658 39.69 39.690000000000005
51 0.3718033063427798 1.8011055276381924 39.66000000000001 39.65999999999997
52 0.3729031713900135 1.8009045226130627 39.725 39.72499999999997
53 0.3662739541160597 1.8007035175879353 39.69999999999999 39.699999999999996
54 0.36687280701754366 1.8009045226130658 39.669999999999995 39.669999999999995
55 0.3682732793522268 1.8005778894472395 39.729999999999976 39.73
56 0.3671025641025642 1.8006783919598042 39.68500000000001 39.685
57 0.36569365721997293 1.8009045226130653 39.65500000000001 39.65499999999997
58 0.3615094466936576 1.8008040201005053 39.660000000000004 39.65999999999999
59 0.3641717273954119 1.8008793969849268 39.67499999999999 39.674999999999976
60 0.36542172739541157 1.8006281407035154 39.695000000000014 39.69499999999999
61 0.36454419703103935 1.8007286432160845 39.69 39.69
62 0.36505364372469645 1.8008040201005047 39.70500000000001 39.704999999999984
63 0.3662078272604588 1.800653266331655 39.73999999999998 39.74
64 0.366664979757085 1.8006030150753793 39.69999999999999 39.699999999999996
65 0.36861774628879884 1.8005778894472355 39.71999999999997 39.720000000000034
66 0.3679962887989205 1.8005527638190955 39.775000000000006 39.77499999999999
67 0.3661086369770581 1.8006030150753753 39.73 39.72999999999998
68 0.36523549257759774 1.8007537688442214 39.68499999999997 39.68499999999999
69 0.3643640350877195 1.8007286432160778 39.710000000000015 39.71000000000003
70 0.36764035087719316 1.8006281407035178 39.70499999999998 39.70500000000003
