# index clusteringCoefficient averagePathLength inDegreeMean outDegreeMean
1 0.928897144934691 4.256361017762825 1.9512195121951212 1.951219512195121
2 0.8015885930036203 4.323436409182361 3.5000000000000004 3.4999999999999982
3 0.7022433806171091 3.4697298470218083 6.059999999999998 6.059999999999998
4 0.6349358444097327 3.0869774147044735 9.47 9.469999999999995
5 0.5938753605035141 2.6910536106883196 14.120000000000001 14.120000000000005
6 0.5485137343849942 2.3245265299734084 19.144999999999992 19.144999999999992
7 0.5047130442242252 2.1068587025959533 25.190000000000005 25.189999999999994
8 0.4634980923803631 1.965506534564036 29.835 29.835000000000004
9 0.45393140078838046 1.8958035087719307 33.65000000000001 33.65000000000001
10 0.4353490879257653 1.8354359718655784 36.269999999999996 36.269999999999996
11 0.4278520990255225 1.831458219552159 37.73500000000001 37.73500000000001
12 0.41880168683250735 1.8106908993719062 39.390000000000015 39.39000000000003
13 0.42562100204329206 1.809107889821366 40.389999999999965 40.39000000000001
14 0.4210728128460687 1.7983179942875285 40.67499999999996 40.675
15 0.414626756162843 1.7966309102270357 41.16000000000001 41.16
16 0.41124652370207576 1.7988155061019357 41.90999999999998 41.90999999999997
17 0.4106663647409088 1.790322169221741 42.59000000000002 42.589999999999996
18 0.4045587939192588 1.7916485983215618 42.57000000000001 42.570000000000036
19 0.40354248464713605 1.7876503730775066 42.85499999999999 42.855000000000004
20 0.4045119425148495 1.7819907618902624 43.07 43.07
21 0.4000369128332239 1.781934673366837 43.50499999999996 43.504999999999995
22 0.39900030202355774 1.7806030150753784 43.69999999999999 43.69999999999997
23 0.40041301721534284 1.781130653266331 43.67499999999998 43.67500000000002
24 0.40088190878888547 1.7807537688442232 43.69999999999995 43.70000000000002
25 0.39926557938185836 1.7808542713567814 43.68500000000002 43.68500000000001
26 0.39693295077015983 1.7804522613065312 43.71499999999998 43.71499999999999
27 0.40051897714688406 1.7806783919598026 43.67499999999999 43.67500000000001
28 0.39757928118393215 1.7806281407035183 43.66999999999998 43.67000000000001
29 0.39915282392026563 1.780552763819094 43.68 43.68000000000002
30 0.40199536897211346 1.7806030150753753 43.679999999999986 43.67999999999999
31 0.39477474076311286 1.7805778894472388 43.670000000000016 43.669999999999995
32 0.39713933353468245 1.7807035175879378 43.650000000000006 43.65
33 0.4005954897815364 1.780502512562809 43.69 43.68999999999997
34 0.3963266384778014 1.7806532663316568 43.675 43.67499999999996
35 0.3963125440451021 1.78052763819095 43.69999999999998 43.699999999999974
36 0.3965823517567705 1.7804773869346697 43.699999999999996 43.699999999999974
37 0.40028163696768365 1.7802261306532627 43.740000000000016 43.739999999999974
38 0.3952886841840332 1.7804522613065348 43.695000000000014 43.695
39 0.39874786066646506 1.780376884422112 43.710000000000015 43.71
40 0.39442288331823216 1.7805025125628111 43.69000000000001 43.689999999999976
41 0.39602889358703314 1.7804773869346708 43.69 43.69
42 0.3999516762307458 1.7806281407035118 43.65999999999995 43.66
43 0.3995036746199538 1.7806783919597973 43.675 43.675
44 0.39631833282996065 1.7806532663316619 43.68499999999998 43.68500000000002
45 0.39539464411557423 1.7806532663316612 43.64999999999998 43.65
46 0.3994691935971003 1.7807035175879398 43.659999999999975 43.659999999999975
47 0.3985462599416087 1.7806030150753762 43.68999999999997 43.68999999999997
48 0.39828802979965794 1.7806030150753784 43.65999999999999 43.659999999999975
49 0.4015058391221183 1.780452261306537 43.69500000000002 43.69499999999998
50 0.39796234772978956 1.780251256281407 43.73000000000002 43.73000000000001
51 0.3987999597301924 1.7803517587939683 43.72 43.72000000000001
52 0.3983554817275748 1.7803768844221117 43.70499999999999 43.705000000000005
53 0.3967044196113962 1.7806281407035183 43.665000000000006 43.66499999999997
54 0.40166364643108826 1.7803266331658247 43.71499999999998 43.71500000000001
55 0.39880977549582197 1.7803266331658343 43.71999999999999 43.72000000000001
56 0.40028541226215625 1.780477386934677 43.68999999999998 43.68999999999996
57 0.3968478808013691 1.7807286432160805 43.63500000000002 43.63499999999996
58 0.40051647869997253 1.7805778894472388 43.665000000000006 43.664999999999985
59 0.3968365549179504 1.7805778894472384 43.67 43.669999999999995
60 0.4004115070975534 1.7806783919598008 43.67500000000001 43.675
61 0.39607772072888325 1.7806030150753742 43.67 43.669999999999995
62 0.39864869626497496 1.7803517587939666 43.72000000000004 43.72000000000001
63 0.3950161079230844 1.7805527638190932 43.684999999999995 43.68499999999999
64 0.39434637068357964 1.7806532663316583 43.65500000000002 43.65499999999998
65 0.395764119601329 1.7807788944723582 43.629999999999995 43.63
66 0.3968914225309571 1.780678391959799 43.650000000000006 43.650000000000006
67 0.39668554313903137 1.7805025125628118 43.680000000000014 43.68000000000001
68 0.39749370784254473 1.780628140703518 43.665 43.665
69 0.3976666163294071 1.780376884422113 43.71000000000002 43.70999999999997
70 0.39724252491694356 1.7802763819095448 43.72499999999999 43.72500000000002
