# index clusteringCoefficient averagePathLength inDegreeMean outDegreeMean
1 0.9348713316192993 4.038813349814582 1.7886178861788626 1.788617886178861
2 0.818928122034432 4.321156944288316 3.2349999999999994 3.2350000000000017
3 0.7069590849368582 3.747831474597274 5.41 5.410000000000001
4 0.6371858341438957 3.360830078584548 8.015 8.014999999999992
5 0.588700025583798 3.0678247291890384 11.839999999999993 11.84
6 0.5140737900501812 2.4091281770975463 17.045000000000012 17.04499999999999
7 0.48260401645442563 2.2141361695000534 22.204999999999988 22.205000000000002
8 0.4409882975095193 2.02680826791971 27.49000000000001 27.490000000000013
9 0.40619117064324683 1.9246886525201763 31.429999999999993 31.42999999999998
10 0.39922675328403284 1.8969325795644907 33.945000000000014 33.94499999999999
11 0.38808867936677893 1.8516279313232835 35.415000000000006 35.41499999999997
12 0.38879343235571406 1.835486332184481 36.210000000000015 36.209999999999994
13 0.39223862894321293 1.8328239133813382 37.14499999999999 37.144999999999975
14 0.39397199730094484 1.8335750919546199 37.52 37.52000000000002
15 0.3855260385891966 1.8276662500318805 38.010000000000005 38.00999999999999
16 0.38302125506072904 1.8219379726917408 38.48500000000001 38.48500000000002
17 0.3792010796221323 1.8165191439430641 38.459999999999965 38.460000000000015
18 0.37410735492577635 1.8172520895936972 38.694999999999986 38.695
19 0.3746609242757985 1.812060301507537 39.13000000000001 39.12999999999998
20 0.37512280701754414 1.811105527638193 39.285 39.285000000000004
21 0.3712955465587045 1.805913992070911 39.30499999999999 39.305000000000014
22 0.3693785425101213 1.8066462968106873 39.300000000000004 39.30000000000001
23 0.3683228744939271 1.8061665109466911 39.29999999999996 39.299999999999976
24 0.3722878414852099 1.805711976970277 39.33999999999998 39.34000000000002
25 0.3726029014844807 1.8057624807454336 39.315 39.31500000000003
26 0.3706390013495276 1.8108793969849268 39.29999999999998 39.30000000000001
27 0.36942476383265865 1.8058793969849254 39.49999999999999 39.50000000000002
28 0.37054723346828594 1.8057035175879412 39.505 39.50499999999999
29 0.3674278002699054 1.8057286432160775 39.50500000000002 39.504999999999995
30 0.36837887989203777 1.8056532663316582 39.534999999999975 39.535000000000025
31 0.3663154520917678 1.8008542713567832 39.680000000000014 39.679999999999986
32 0.3645570175438601 1.8008291457286472 39.685 39.684999999999995
33 0.3641109986504724 1.8009296482412105 39.69499999999999 39.69499999999998
34 0.3656757759784075 1.8014070351758793 39.71500000000001 39.715
35 0.3679925775978406 1.801005025125631 39.68499999999999 39.68499999999997
36 0.3632769905533067 1.8010050251256289 39.695 39.694999999999986
37 0.36756207827260445 1.800804020100504 39.71000000000001 39.71000000000002
38 0.36500101214574904 1.8006532663316557 39.71500000000003 39.71500000000001
39 0.3659989878542509 1.800452261306537 39.75 39.75
40 0.36705845825582656 1.800979899497491 39.644999999999975 39.64500000000001
41 0.3663913630229421 1.8008542713567817 39.69499999999999 39.695
42 0.36580634278002705 1.8007537688442181 39.68499999999997 39.684999999999995
43 0.3665625980231241 1.800628140703519 39.705000000000005 39.704999999999984
44 0.3676363022941971 1.8008291457286425 39.714999999999996 39.714999999999996
45 0.3671585695006748 1.8006281407035216 39.714999999999996 39.71500000000004
46 0.3673569500674763 1.8006783919597964 39.72000000000001 39.71999999999997
47 0.368198389685232 1.8009798994974853 39.66499999999997 39.66499999999998
48 0.36661605937921704 1.800753768844223 39.715 39.71499999999999
49 0.3670219298245616 1.8013567839195972 39.615 39.615
50 0.36733535762483094 1.8010050251256284 39.67999999999998 39.67999999999998
51 0.365407894736842 1.8006030150753791 39.71000000000003 39.71
52 0.36460762483130893 1.800527638190957 39.72999999999999 39.72999999999998
53 0.3658265856950067 1.800552763819097 39.71500000000002 39.715
54 0.3646342780026993 1.8006030150753798 39.715 39.71500000000001
55 0.3636852226720647 1.8006783919597913 39.68499999999998 39.685
56 0.36207860998650476 1.8006532663316612 39.69500000000001 39.69500000000001
57 0.3662692307692306 1.8005778894472326 39.71 39.70999999999999
58 0.3637159244264506 1.8003266331658294 39.739999999999995 39.73999999999997
59 0.36640856950067485 1.8007788944723588 39.675 39.67500000000001
60 0.368568488529015 1.800753768844219 39.705000000000005 39.704999999999984
61 0.3672142375168692 1.8007788944723597 39.695 39.695
62 0.37062786774628853 1.8009547738693428 39.699999999999996 39.69999999999999
63 0.3708771929824561 1.8010804020100546 39.675000000000004 39.675
64 0.3725094466936571 1.8011055276381913 39.67499999999998 39.67500000000001
65 0.3655364372469635 1.8008291457286454 39.680000000000014 39.68000000000001
66 0.3681653171390012 1.8008542713567826 39.68 39.68000000000001
67 0.36493258744574547 1.8006532663316568 39.70999999999997 39.70999999999999
68 0.3681879217273953 1.800552763819097 39.739999999999974 39.740000000000016
69 0.3671373144399459 1.80070351758794 39.68499999999998 39.68499999999998
70 0.36616767881241574 1.8007537688442197 39.690000000000005 39.689999999999976
