# index clusteringCoefficient averagePathLength inDegreeMean outDegreeMean
1 0.9272880267775332 4.343486238532112 1.8292682926829267 1.8292682926829265
2 0.8171345822999182 4.367990654205568 3.295 3.2950000000000013
3 0.702365934994748 3.4768389265568937 5.889999999999998 5.890000000000002
4 0.6539376669663284 3.5437914654732445 9.195000000000006 9.194999999999997
5 0.6318549701411661 2.717361159259531 12.935 12.935
6 0.5483059299784546 2.3447160010218844 18.185000000000002 18.18499999999998
7 0.508152047383106 2.0856923203646547 24.36000000000001 24.36
8 0.44988135749400215 1.9031796201745157 31.129999999999995 31.13000000000001
9 0.42682097093421645 1.848543842571891 36.235000000000014 36.23500000000003
10 0.4192566274516125 1.8048767587009404 38.875 38.87499999999999
11 0.4152176415720818 1.8085317979586506 39.66999999999999 39.67000000000004
12 0.41445287675972503 1.794827039035223 40.115000000000016 40.11500000000001
13 0.40847006678574665 1.803504703002189 40.720000000000006 40.71999999999999
14 0.4051143444615508 1.7971395438732136 41.05499999999999 41.05500000000001
15 0.4032332051298719 1.7871408323669653 41.434999999999974 41.43499999999999
16 0.40495497564327865 1.7863161963664431 41.55000000000002 41.55
17 0.40247602166220986 1.7912521792636682 41.589999999999996 41.589999999999996
18 0.3970567350025662 1.7912288716308824 41.96500000000001 41.96499999999998
19 0.3954883424137904 1.7919496982399463 42.13999999999998 42.14000000000001
20 0.3968271142262915 1.7907881114113295 42.269999999999996 42.269999999999975
21 0.39395213786024874 1.7853916044870803 42.295 42.29500000000002
22 0.3915950340238237 1.7864952905229696 42.36499999999999 42.365000000000016
23 0.3934554196040297 1.7859397489962419 42.43000000000001 42.430000000000014
24 0.39395794506117804 1.7908542713567839 42.44999999999996 42.45000000000001
25 0.3962628636253138 1.785636726345298 42.495000000000026 42.495
26 0.38982159738540917 1.785611474457715 42.464999999999996 42.465000000000025
27 0.3924902087891311 1.7853768844221172 42.72000000000001 42.719999999999985
28 0.39087675228911734 1.785577889447234 42.68999999999997 42.689999999999976
29 0.38933217189314734 1.7855778894472354 42.69000000000001 42.69000000000001
30 0.38954244658725656 1.7852261306532655 42.74000000000001 42.73999999999999
31 0.3903445155714017 1.7855778894472392 42.685 42.684999999999945
32 0.39126705021203045 1.785427135678396 42.72500000000001 42.72499999999999
33 0.39032655376387626 1.785376884422106 42.71 42.71
34 0.3899343651243818 1.7851758793969852 42.76499999999998 42.765000000000015
35 0.38973583988331567 1.7852763819095498 42.745 42.745
36 0.3898717013748207 1.7853768844221134 42.715 42.714999999999996
37 0.39037301137130953 1.785376884422112 42.71499999999999 42.715
38 0.3885384760824351 1.7857035175879383 42.65500000000001 42.654999999999994
39 0.3878455284552843 1.7856783919597976 42.65500000000001 42.654999999999994
40 0.3868519568916618 1.785452261306529 42.69999999999999 42.699999999999974
41 0.3881758636523241 1.7853517587939736 42.719999999999985 42.72
42 0.3901014234394836 1.7854773869346792 42.695000000000014 42.69499999999999
43 0.38852780703886736 1.7855527638190967 42.69 42.69
44 0.39225049293682285 1.785326633165829 42.72000000000001 42.720000000000006
45 0.3936852767198766 1.7855778894472312 42.69500000000002 42.694999999999965
46 0.38848553601815056 1.7855025125628186 42.71500000000002 42.71500000000003
47 0.39103260135591383 1.7855527638190962 42.675000000000004 42.67499999999999
48 0.3863116238554413 1.7857035175879394 42.655000000000015 42.655
49 0.3885741295951161 1.7854522613065338 42.720000000000006 42.71999999999999
50 0.3856651270831646 1.7855778894472383 42.69 42.68999999999999
51 0.3871088242443884 1.7853768844221092 42.71000000000002 42.709999999999994
52 0.38469343381141463 1.7854773869346727 42.690000000000005 42.68999999999999
53 0.3842570834346216 1.785628140703515 42.660000000000025 42.65999999999999
54 0.38679239931934184 1.7855276381909504 42.679999999999986 42.679999999999986
55 0.3877115576803608 1.7854271356783904 42.70000000000001 42.69999999999998
56 0.38907368392620795 1.7854773869346763 42.690000000000005 42.68999999999997
57 0.3878679469518946 1.7854271356783908 42.71 42.71000000000002
58 0.3840712530048887 1.785603015075376 42.66499999999997 42.664999999999985
59 0.38762161359155095 1.7853517587939618 42.72499999999997 42.725
60 0.3840331685708881 1.7854271356783926 42.700000000000024 42.69999999999998
61 0.386402641601167 1.7854522613065298 42.70499999999997 42.70499999999999
62 0.3877974502336384 1.7855025125628186 42.69000000000001 42.69
63 0.3876626691516082 1.7854020100502461 42.71999999999999 42.719999999999985
64 0.38620479161602234 1.7853266331658268 42.71999999999999 42.719999999999985
65 0.3919315020392729 1.7854773869346763 42.71 42.70999999999999
66 0.387685627852956 1.7853517587939691 42.71999999999997 42.71999999999997
67 0.3881449369310967 1.785628140703519 42.68000000000001 42.679999999999986
68 0.39395686465170277 1.7855527638190956 42.68000000000002 42.67999999999996
69 0.3905156119169162 1.7855527638190969 42.680000000000014 42.67999999999999
70 0.38946533236096464 1.785653266331656 42.670000000000016 42.67000000000002
