# index clusteringCoefficient averagePathLength inDegreeMean outDegreeMean
1 0.938228272189432 4.845774914740438 1.7804878048780495 1.7804878048780495
2 0.8164594687955257 4.250113435845725 3.0749999999999993 3.075
3 0.7154997272547833 3.284310156534401 5.300000000000001 5.299999999999999
4 0.6563367127591927 3.793829120364717 8.845000000000002 8.845000000000004
5 0.6242849946756539 2.9269857095380476 13.16 13.160000000000004
6 0.5763176347066622 2.3796364277113926 19.010000000000016 19.010000000000005
7 0.539105063135542 2.12033443670814 24.664999999999996 24.664999999999992
8 0.4822856978612031 1.935240420632058 29.99500000000001 29.994999999999997
9 0.44815390888279505 1.8767510044521656 33.71500000000001 33.714999999999996
10 0.41950696273132076 1.8350653166991708 36.179999999999986 36.17999999999999
11 0.4189894590716349 1.822001976865333 37.235000000000014 37.23500000000001
12 0.41156409073948547 1.812446853741497 37.99500000000001 37.995000000000005
13 0.4031794417882144 1.8293764742077698 38.73999999999998 38.74
14 0.39881468724692576 1.8211721874679534 38.91499999999999 38.915000000000006
15 0.3928242353852112 1.8153779099579557 39.02499999999998 39.02499999999999
16 0.3876196506745286 1.8050149223273722 39.565000000000005 39.56499999999999
17 0.3836569050212832 1.802770196158461 39.71499999999999 39.71499999999996
18 0.3823437924564921 1.8021324898604698 39.750000000000036 39.74999999999997
19 0.38280268918073773 1.8009999492411524 40.109999999999964 40.10999999999999
20 0.3801524390243898 1.8012537434647995 40.07000000000002 40.07
21 0.37987070043777366 1.800929648241206 40.48999999999999 40.48999999999998
22 0.37533302063789864 1.800678391959802 40.495 40.49499999999996
23 0.37336915929598874 1.7958542713567913 40.64499999999998 40.644999999999996
24 0.3766219512195121 1.795929648241207 40.67499999999998 40.675
25 0.37598999374609166 1.795804020100505 40.72000000000001 40.720000000000006
26 0.37810944340212643 1.7964321608040212 40.645 40.64499999999999
27 0.3753524077548469 1.7961557788944709 40.66000000000001 40.65999999999998
28 0.37720106316447805 1.7960804020100496 40.705000000000005 40.70499999999999
29 0.37417260787992523 1.7958542713567864 40.739999999999974 40.739999999999995
30 0.37360834896810496 1.7958291457286417 40.69999999999999 40.70000000000001
31 0.37695372107567254 1.7956783919597998 40.725 40.72499999999998
32 0.3749641963727327 1.7955025125628155 40.74499999999999 40.74500000000001
33 0.37236382113821137 1.7956030150753728 40.71999999999999 40.72
34 0.37476370922616087 1.7957286432160842 40.724999999999994 40.725000000000016
35 0.3738103502188869 1.7957035175879383 40.67500000000001 40.67499999999999
36 0.37351266416510337 1.795653266331658 40.690000000000026 40.69
37 0.37394434021263284 1.7955276381909533 40.725 40.724999999999994
38 0.37390087554721707 1.7954271356783942 40.73500000000001 40.73499999999999
39 0.37268261413383386 1.7957537688442258 40.679999999999986 40.679999999999986
40 0.37682973733583486 1.7955025125628148 40.705 40.70500000000002
41 0.3730143839899938 1.7957035175879397 40.69000000000001 40.69
42 0.37527954971857413 1.7958291457286446 40.670000000000016 40.67000000000001
43 0.37468480300187584 1.7957035175879426 40.66499999999999 40.664999999999985
44 0.3716194496560351 1.7956783919597967 40.710000000000015 40.70999999999998
45 0.37185490931832377 1.7956532663316611 40.704999999999984 40.704999999999984
46 0.37211991869918715 1.7958040201005037 40.67000000000002 40.66999999999999
47 0.3742207629768607 1.7956030150753783 40.71 40.71
48 0.3744580988117573 1.795829145728641 40.68500000000002 40.684999999999995
49 0.3741394621638524 1.7955527638190976 40.730000000000004 40.73000000000002
50 0.3699971857410883 1.7956030150753755 40.72499999999998 40.72499999999999
51 0.3739524702939338 1.7953768844221099 40.73499999999999 40.73500000000001
52 0.37401125703564714 1.7956783919597978 40.67999999999998 40.68
53 0.37319590368980626 1.7956281407035162 40.69999999999998 40.699999999999996
54 0.37193761726078806 1.7957537688442229 40.690000000000026 40.690000000000005
55 0.37406128830519086 1.7955276381909533 40.70999999999999 40.70999999999999
56 0.3766010006253907 1.7957035175879374 40.684999999999995 40.68499999999999
57 0.3761458724202625 1.7956030150753732 40.73500000000001 40.73499999999999
58 0.37509287054409 1.7954271356783964 40.73500000000003 40.73499999999999
59 0.3746651031894936 1.7958040201005037 40.67000000000002 40.66999999999999
60 0.37297107567229526 1.7954020100502497 40.73999999999999 40.739999999999995
61 0.37081894934333937 1.7955778894472347 40.70000000000002 40.69999999999999
62 0.37353658536585355 1.7955527638190936 40.69499999999999 40.695
63 0.3723065978736708 1.7953266331658284 40.73500000000002 40.735
64 0.37308567854909325 1.7956783919598005 40.669999999999966 40.67
65 0.3712798624140088 1.7957286432160775 40.665000000000006 40.66499999999999
66 0.3758436522826767 1.7956281407035184 40.69500000000001 40.69499999999999
67 0.37275922451532223 1.7957788944723612 40.67999999999998 40.68000000000001
68 0.37436647904940584 1.7955276381909548 40.744999999999976 40.74500000000001
69 0.3745176672920577 1.7956030150753768 40.709999999999965 40.71000000000001
70 0.37706566604127567 1.7957035175879412 40.68999999999998 40.689999999999976
