# index clusteringCoefficient averagePathLength inDegreeMean outDegreeMean
1 0.9324221157041749 4.237996080352776 1.8130081300813017 1.8130081300813012
2 0.8271568395866971 4.176628641463216 3.215 3.215000000000001
3 0.7299863323627789 3.4131450115356476 5.414999999999999 5.415
4 0.6463625709435411 3.373869686470044 8.104999999999999 8.104999999999997
5 0.612887548041278 2.849045424621448 11.945000000000004 11.944999999999997
6 0.5568064416264683 2.36501465154795 16.82499999999999 16.825000000000003
7 0.4903951940049966 2.1142469470827923 21.829999999999995 21.829999999999988
8 0.467163147237165 2.0202359931612497 27.135000000000012 27.135
9 0.4119415495772661 1.9129892449273764 30.49499999999999 30.494999999999997
10 0.4125237762296713 1.8616164957547683 32.85 32.849999999999994
11 0.41197069430706884 1.8458628063826288 33.90000000000001 33.90000000000001
12 0.3938022223098073 1.8530084979873218 35.0 34.999999999999986
13 0.3842969443086367 1.8487281769673127 35.75000000000001 35.75
14 0.3766500228110977 1.8297932963787975 36.534999999999975 36.53500000000002
15 0.37691135149587657 1.82788300476743 36.879999999999995 36.879999999999995
16 0.3735572698204278 1.8154172926488081 37.16499999999999 37.165000000000006
17 0.36835490460776543 1.8084782888803004 37.480000000000004 37.47999999999999
18 0.3693085785322625 1.8075325607630017 37.800000000000004 37.80000000000002
19 0.3655871487450436 1.8072341402443755 37.99999999999998 37.99999999999998
20 0.3609705062393849 1.8115956667760909 38.209999999999994 38.21000000000001
21 0.36023106102053454 1.811166384687255 38.27500000000003 38.27500000000003
22 0.3570169452148854 1.806823060023736 38.410000000000004 38.41
23 0.3604121530437322 1.8061160071715345 38.530000000000044 38.529999999999994
24 0.36186690739322286 1.8056614731951217 38.535000000000004 38.535000000000025
25 0.3601035853667432 1.8057537688442227 38.72999999999995 38.73000000000002
26 0.35533537586169117 1.8056532663316582 38.714999999999996 38.714999999999996
27 0.353695882116935 1.8057788944723676 38.67999999999998 38.68000000000001
28 0.35678867126235564 1.8058542713567876 38.675000000000004 38.67499999999999
29 0.35143998249261416 1.8058542713567824 38.67500000000001 38.67499999999999
30 0.356251230988073 1.8058040201005003 38.680000000000014 38.68000000000001
31 0.35904985957617525 1.8057537688442167 38.70000000000001 38.69999999999997
32 0.3592511945143522 1.806130653266333 38.65999999999999 38.659999999999975
33 0.35834865229602075 1.8062060301507534 38.664999999999985 38.664999999999985
34 0.35581828792355097 1.8056281407035184 38.74 38.73999999999998
35 0.3580838530838529 1.8056532663316591 38.71000000000001 38.71
36 0.3583957033957034 1.8056281407035184 38.739999999999995 38.73999999999997
37 0.3585653061968849 1.8058542713567818 38.68999999999998 38.689999999999976
38 0.35969526206368324 1.8060804020100518 38.690000000000005 38.68999999999999
39 0.3578631870737135 1.805577889447236 38.730000000000025 38.72999999999999
40 0.3574975380238537 1.8059296482412097 38.71500000000002 38.71500000000001
41 0.3564903162271589 1.805728643216082 38.72000000000001 38.72000000000001
42 0.3584801400590872 1.8060804020100492 38.700000000000024 38.69999999999999
43 0.36018911624174793 1.8059045226130617 38.71999999999997 38.72000000000002
44 0.3615127475653791 1.806331658291456 38.725000000000016 38.725
45 0.3572229213018687 1.805854271356784 38.705000000000005 38.704999999999984
46 0.3595606740343584 1.8059296482412104 38.70000000000001 38.69999999999999
47 0.35667833825728545 1.8062311557788988 38.71000000000001 38.70999999999997
48 0.355875369296422 1.8059547738693476 38.70500000000001 38.704999999999984
49 0.35630867709815095 1.805929648241203 38.7 38.69999999999997
50 0.35917697049276015 1.8056281407035168 38.719999999999985 38.72000000000005
51 0.3586059743954481 1.8059296482412048 38.675 38.67499999999997
52 0.3544962979173507 1.8057035175879397 38.71000000000001 38.71000000000002
53 0.355351059561586 1.8054773869346727 38.739999999999974 38.739999999999995
54 0.35441040230513904 1.8056783919597983 38.675000000000026 38.675
55 0.35526717000401187 1.8059547738693427 38.67000000000001 38.66999999999997
56 0.3546536820221031 1.8056783919598 38.72000000000002 38.71999999999999
57 0.35623299412773085 1.806055276381911 38.66999999999997 38.66999999999997
58 0.3570791844476054 1.8057035175879448 38.70499999999998 38.70499999999998
59 0.351146916146916 1.806231155778893 38.645 38.64499999999998
60 0.3579093263303788 1.8060050251256288 38.68000000000001 38.67999999999999
61 0.361635664004085 1.805904522613064 38.69500000000002 38.69499999999999
62 0.3564680672575413 1.8060301507537653 38.695000000000014 38.695
63 0.35722854433380763 1.8059296482412053 38.70000000000001 38.699999999999974
64 0.358219717693402 1.806180904522616 38.68 38.68
65 0.3591160593792172 1.8059045226130646 38.70500000000001 38.70499999999997
66 0.358756246124667 1.805979899497489 38.66499999999999 38.664999999999985
67 0.3588160630265891 1.8057788944723654 38.695000000000014 38.695
68 0.35829084144873646 1.805929648241206 38.70000000000002 38.7
69 0.35594558120873876 1.8057788944723574 38.71 38.709999999999994
70 0.35846463872779677 1.8058793969849267 38.69000000000002 38.69
