# index clusteringCoefficient averagePathLength inDegreeMean outDegreeMean
1 0.9336903703912691 4.5376663498098875 1.780487804878049 1.7804878048780488
2 0.8223502250030522 4.930284773416161 3.0799999999999987 3.0800000000000005
3 0.7077428938996846 3.6722612995333948 5.569999999999999 5.570000000000002
4 0.6641996443725386 2.973270858846706 8.454999999999998 8.454999999999991
5 0.618274989513186 3.5198114451476745 11.754999999999999 11.754999999999997
6 0.5911550331387679 2.496947460226757 16.499999999999996 16.500000000000004
7 0.5422861050838504 2.3029259896729815 20.600000000000005 20.599999999999994
8 0.455955085192234 1.9940693555915496 26.640000000000008 26.640000000000004
9 0.3960148744218606 1.879084264832331 31.494999999999994 31.495
10 0.37865563407823394 1.852719092846428 33.934999999999995 33.93500000000002
11 0.3767819543424531 1.8310301507537696 35.42000000000001 35.420000000000016
12 0.3836239355490996 1.827151220017615 36.499999999999964 36.49999999999998
13 0.3847680362548782 1.8142273869346761 36.864999999999995 36.865000000000016
14 0.3797306702306703 1.8135522975703198 37.255 37.25500000000002
15 0.3721329392153189 1.8176084504153414 37.48499999999997 37.48500000000002
16 0.37191356336093184 1.8119276585975548 37.95 37.95000000000002
17 0.3658965240544188 1.8129592687053375 38.295 38.29500000000001
18 0.37145925277504227 1.8123027196282944 38.31500000000001 38.315000000000005
19 0.36647777460134434 1.812989949748743 38.44499999999999 38.445000000000036
20 0.36926888426888405 1.8122864321608037 38.49999999999998 38.50000000000003
21 0.3595889510792255 1.8080150753768838 38.61999999999999 38.61999999999999
22 0.35873946821315267 1.8064824120603 38.71499999999999 38.714999999999975
23 0.35836615968194907 1.806557788944725 38.670000000000016 38.66999999999999
24 0.36011671590618943 1.8062562814070333 38.705000000000005 38.704999999999984
25 0.36159317211948805 1.8063819095477351 38.70500000000002 38.705000000000005
26 0.3628465915308021 1.806030150753771 38.67000000000001 38.66999999999998
27 0.35670952328847044 1.805879396984925 38.69499999999998 38.69500000000001
28 0.35707444286391643 1.806055276381904 38.675 38.675000000000004
29 0.3575130393551447 1.8062060301507545 38.64 38.64000000000001
30 0.3606404785352153 1.8060301507537673 38.675000000000026 38.67499999999998
31 0.3601579312105626 1.8059045226130674 38.67000000000002 38.67
32 0.35802403618193096 1.8058291457286433 38.69499999999999 38.695000000000014
33 0.35506528796002507 1.8057788944723603 38.68999999999999 38.68999999999999
34 0.3547060218112851 1.8058040201005026 38.684999999999995 38.68500000000002
35 0.3556490498595761 1.805904522613061 38.669999999999995 38.670000000000016
36 0.3621650800598168 1.8057286432160788 38.73000000000005 38.730000000000025
37 0.3598026771710982 1.8060301507537695 38.665000000000035 38.665000000000035
38 0.35980523033154654 1.805628140703514 38.740000000000016 38.73999999999998
39 0.3589643287011706 1.8056532663316582 38.72499999999998 38.72500000000001
40 0.3541859065543275 1.805929648241209 38.70999999999997 38.71
41 0.3544685778896304 1.806130653266329 38.649999999999984 38.65
42 0.3559895320421635 1.8060552763819107 38.68499999999999 38.684999999999974
43 0.3556041871831348 1.8057537688442167 38.68999999999998 38.69
44 0.3578681110260055 1.8059296482412017 38.71000000000001 38.710000000000015
45 0.36015464857570106 1.8059798994974874 38.664999999999985 38.66499999999999
46 0.35808403545245665 1.806231155778893 38.664999999999985 38.665
47 0.35572874493927165 1.8060050251256319 38.67999999999999 38.68
48 0.3597058394426813 1.8058291457286433 38.704999999999984 38.70499999999998
49 0.35540704672283624 1.8059547738693489 38.684999999999974 38.685
50 0.35796640770324956 1.8057035175879397 38.70500000000001 38.70500000000002
51 0.35866688550899073 1.8057537688442205 38.71000000000001 38.70999999999999
52 0.35754659517817394 1.8055527638190934 38.71999999999998 38.72000000000003
53 0.35965568807674075 1.8055527638190974 38.76999999999998 38.76999999999999
54 0.35857998686946047 1.8060552763819118 38.680000000000014 38.68
55 0.35735711419921934 1.8056532663316627 38.71499999999999 38.71500000000002
56 0.35575938286464615 1.8057788944723612 38.709999999999994 38.710000000000015
57 0.35597038333880415 1.806281407035178 38.644999999999996 38.645
58 0.35780792938687667 1.8060301507537706 38.664999999999985 38.66499999999998
59 0.35646989094357523 1.805879396984926 38.685 38.68500000000001
60 0.35776707881971054 1.8058793969849236 38.68000000000002 38.67999999999997
61 0.3563404092351462 1.8061809045226112 38.64499999999998 38.645
62 0.3565647226173541 1.8056281407035173 38.735 38.73499999999999
63 0.3541623810044861 1.805929648241204 38.67500000000001 38.67499999999997
64 0.35927508480140047 1.8059798994974856 38.67999999999999 38.68000000000001
65 0.3580090819564505 1.8058793969849247 38.704999999999984 38.70499999999999
66 0.3563900134952763 1.8058542713567862 38.71000000000001 38.70999999999997
67 0.3597755042491885 1.8060804020100518 38.65000000000001 38.649999999999984
68 0.35671134697450496 1.8059547738693453 38.69500000000001 38.695
69 0.35652040704672266 1.805879396984926 38.730000000000025 38.73
70 0.36133603238866385 1.805603015075374 38.74999999999999 38.75000000000001
