# index clusteringCoefficient averagePathLength inDegreeMean outDegreeMean
1 0.9357758670538097 4.781933038534444 1.7317073170731703 1.7317073170731718
2 0.7983554458895084 4.589057451889292 3.0049999999999986 3.0050000000000012
3 0.715922573377565 3.3621735074626935 5.199999999999998 5.200000000000005
4 0.6829855278485472 3.2286985661704155 8.479999999999995 8.479999999999999
5 0.644204303530049 3.1997364871223746 12.340000000000002 12.340000000000002
6 0.5977199446721044 2.54726570441146 16.739999999999988 16.739999999999995
7 0.5451919573832289 2.1935166725837676 22.25 22.249999999999996
8 0.45512947905856493 1.972086293080769 28.129999999999992 28.13
9 0.40251610179178327 1.882025512176263 32.739999999999995 32.74000000000001
10 0.37533225042287205 1.83659322252287 35.105000000000004 35.105000000000004
11 0.3719415988767124 1.8314019074966648 36.02999999999999 36.02999999999999
12 0.3690339926392554 1.820074732637549 36.35500000000002 36.355000000000004
13 0.3677811459372255 1.8233808637094122 36.67999999999997 36.67999999999998
14 0.36421961435119293 1.816813660137421 36.75999999999998 36.760000000000005
15 0.3595333491386124 1.8215697778231235 36.734999999999985 36.735
16 0.35750908803540393 1.8166211769507399 36.95 36.95000000000001
17 0.36187885253674684 1.8162895696757908 36.975 36.975000000000044
18 0.3567235656709341 1.8162640614238703 36.969999999999985 36.970000000000006
19 0.3536253358621776 1.8161768438150363 37.12500000000001 37.124999999999986
20 0.3491216216216213 1.8111809045226146 37.70000000000002 37.7
21 0.35232379371853073 1.8112814070351755 37.68999999999999 37.68999999999999
22 0.3504275327959537 1.8117839195979888 37.71 37.709999999999994
23 0.35046744112533573 1.8113065326633133 37.70499999999999 37.705
24 0.348321084242137 1.8109798994974908 37.72499999999999 37.724999999999994
25 0.3526588430535799 1.8114321608040262 37.675 37.67499999999999
26 0.3521657183499288 1.8112060301507553 37.685 37.684999999999995
27 0.349861308677098 1.8114070351758813 37.65000000000003 37.65
28 0.34941559981033643 1.8112562814070323 37.719999999999985 37.71999999999999
29 0.3534755808440018 1.8111809045226148 37.699999999999996 37.69999999999999
30 0.3508210842421367 1.8109296482412094 37.71499999999996 37.715
31 0.35266951161688015 1.8112311557788952 37.705000000000005 37.70500000000001
32 0.34985577682946084 1.811306532663315 37.684999999999995 37.684999999999995
33 0.35052513039355143 1.811281407035176 37.69999999999999 37.70000000000001
34 0.3514714714714717 1.8111557788944723 37.69999999999998 37.69999999999999
35 0.35304449186028153 1.810879396984929 37.72499999999999 37.724999999999994
36 0.3517528054370157 1.8108040201005051 37.73500000000002 37.73500000000001
37 0.35346254148885725 1.8114070351758809 37.68499999999998 37.684999999999995
38 0.348788920499447 1.811180904522613 37.694999999999986 37.695
39 0.3508862810178599 1.8110050251256282 37.71499999999999 37.715
40 0.353033033033033 1.810753768844219 37.75500000000006 37.755
41 0.3503880195985461 1.8112814070351722 37.700000000000024 37.699999999999974
42 0.3534530583214794 1.8112060301507553 37.67499999999998 37.67500000000001
43 0.35392761182234866 1.811055276381908 37.71 37.70999999999998
44 0.35115892207997457 1.8110804020100482 37.71 37.71
45 0.34888335704125145 1.811130653266331 37.7 37.70000000000002
46 0.35421210684368604 1.8106783919597982 37.73499999999999 37.73499999999999
47 0.35327327327327324 1.8109798994974846 37.679999999999986 37.68000000000001
48 0.3487521732258578 1.8111557788944723 37.69 37.68999999999999
49 0.3471017069701279 1.8109798994974917 37.69 37.68999999999999
50 0.34958274063537226 1.8111306532663367 37.69499999999999 37.695
51 0.35085190453611487 1.8109547738693452 37.729999999999976 37.73000000000001
52 0.34753082029397836 1.8109798994974882 37.68 37.67999999999999
53 0.3490967283072542 1.8111055276381869 37.720000000000006 37.720000000000006
54 0.3510419630156471 1.811180904522613 37.67999999999999 37.68000000000001
55 0.3495120120120118 1.8111055276381907 37.68999999999999 37.69000000000001
56 0.3472392128971077 1.8114321608040194 37.7 37.699999999999996
57 0.3525343764817451 1.8110050251256289 37.70999999999998 37.71000000000001
58 0.34811514145724687 1.811005025125631 37.72999999999999 37.73
59 0.3465398293029869 1.8112311557789 37.695 37.695
60 0.3493792476687212 1.8110552763819094 37.689999999999976 37.69000000000001
61 0.3531148253516678 1.8115326633165807 37.669999999999995 37.67000000000001
62 0.3521491228070176 1.8112562814070345 37.69999999999999 37.69999999999999
63 0.3544764501343445 1.8110301507537674 37.71 37.70999999999999
64 0.35195550813971865 1.811256281407034 37.695 37.69500000000003
65 0.35519203413940253 1.8109798994974866 37.69000000000001 37.68999999999997
66 0.3519562984036668 1.8113065326633189 37.7 37.699999999999996
67 0.35103366524419166 1.8115075376884398 37.66 37.659999999999975
68 0.3496221748063854 1.811306532663318 37.64999999999999 37.65000000000002
69 0.3521285759443657 1.8112060301507578 37.7 37.70000000000002
70 0.35202939781887166 1.8110050251256267 37.72500000000004 37.725
