# index clusteringCoefficient averagePathLength inDegreeMean outDegreeMean
1 0.9332930623474055 4.3838939602351 1.7398373983739839 1.739837398373984
2 0.8044408229683299 5.624314442413205 3.2900000000000005 3.2900000000000005
3 0.7215244407305654 3.200346670518569 5.494999999999995 5.495000000000003
4 0.6394613395305522 3.1770637707193705 8.765000000000004 8.765000000000004
5 0.5932211998079704 2.724446583253116 13.109999999999998 13.110000000000005
6 0.5150333315315114 2.3745865409946427 17.645000000000003 17.644999999999996
7 0.4518929647515593 2.156110332425374 23.935 23.935000000000006
8 0.40556187713480746 1.9576490700927316 29.78499999999999 29.784999999999993
9 0.38307159421165815 1.8779023321736896 33.45500000000002 33.45499999999999
10 0.37937173610128155 1.8413647374117412 35.73999999999998 35.74000000000001
11 0.3743402521444316 1.8296655156419095 36.52500000000002 36.52500000000001
12 0.3722369242844074 1.8253620574138005 36.80999999999998 36.81000000000002
13 0.3739951617100442 1.823278830701736 37.34499999999999 37.344999999999985
14 0.37249480249480277 1.8123357906282693 37.87499999999998 37.87499999999996
15 0.37210325710325715 1.8120041833533147 37.92499999999999 37.925
16 0.3672974796659008 1.8116593066341835 38.06999999999999 38.07
17 0.3664498607919664 1.8119131008578198 38.075 38.07500000000002
18 0.3660925703030962 1.81206537739201 38.079999999999984 38.07999999999998
19 0.3611069281832442 1.8124542309537597 38.21500000000002 38.21500000000002
20 0.36400919137761256 1.812252215853132 38.31500000000002 38.31500000000001
21 0.36331144910092256 1.8126562460543936 38.27999999999999 38.280000000000015
22 0.36015063646642625 1.8115199111133564 38.28500000000003 38.28500000000002
23 0.35854889302257736 1.8110050251256307 38.52000000000002 38.52
24 0.3583888645730752 1.8059547738693482 38.70499999999997 38.70499999999997
25 0.3582552795710688 1.8059798994974892 38.704999999999984 38.705000000000034
26 0.36071324360798035 1.8056281407035153 38.710000000000015 38.70999999999999
27 0.3582209942736258 1.805904522613064 38.67500000000001 38.67499999999997
28 0.35578673815515904 1.8059045226130697 38.68499999999998 38.684999999999995
29 0.3543529561950613 1.8058291457286446 38.685 38.68500000000001
30 0.35470438049385394 1.8057035175879403 38.71000000000001 38.709999999999994
31 0.35541890068205867 1.8058040201005026 38.715 38.71500000000002
32 0.35417915891600105 1.8058291457286433 38.71999999999997 38.72000000000002
33 0.3585983149141043 1.8059045226130706 38.72000000000002 38.72
34 0.35744155086260343 1.8059798994974896 38.679999999999986 38.68000000000001
35 0.3609131195973299 1.8057286432160793 38.71000000000002 38.709999999999994
36 0.35911368858737297 1.8061557788944735 38.705000000000005 38.70500000000003
37 0.3590907101433416 1.806356783919599 38.62499999999999 38.62499999999998
38 0.3579528516370621 1.805879396984926 38.699999999999996 38.69999999999999
39 0.35888645730750995 1.805854271356783 38.72000000000002 38.72
40 0.3566121384542435 1.8057286432160788 38.71500000000001 38.71500000000001
41 0.35492544163596806 1.806005025125628 38.65999999999999 38.660000000000004
42 0.35875989349673587 1.8057035175879415 38.739999999999995 38.740000000000016
43 0.35497702155596905 1.8058793969849198 38.69 38.68999999999999
44 0.35845807345807307 1.8060552763819067 38.68 38.68000000000001
45 0.3564015027172921 1.8061055276381894 38.704999999999984 38.70500000000001
46 0.358673086041507 1.8058040201005043 38.694999999999986 38.69500000000001
47 0.3587956377430064 1.806130653266339 38.67500000000003 38.675000000000004
48 0.3568539592223803 1.8059798994974883 38.68499999999999 38.684999999999974
49 0.35955976219134117 1.8057788944723603 38.709999999999994 38.71000000000001
50 0.35392949629791737 1.8055276381909577 38.71500000000001 38.71499999999998
51 0.35656581682897476 1.805653266331662 38.71500000000001 38.71499999999997
52 0.35613433271328004 1.8057286432160788 38.69499999999999 38.69499999999999
53 0.35615877010613856 1.8060804020100532 38.69499999999999 38.695000000000036
54 0.3616903745851117 1.8057788944723596 38.68000000000001 38.680000000000014
55 0.3572613706824233 1.8059045226130632 38.699999999999996 38.70000000000002
56 0.3593996425575375 1.8056783919597976 38.705000000000034 38.705
57 0.3574306087463979 1.805879396984929 38.70000000000001 38.69999999999999
58 0.3568047196994565 1.8057537688442218 38.70499999999999 38.70499999999998
59 0.3589391618338986 1.805728643216082 38.72499999999996 38.72500000000003
60 0.3574368092789147 1.8056281407035162 38.714999999999996 38.71500000000001
61 0.35712495896706437 1.805854271356778 38.684999999999995 38.68500000000001
62 0.356731772258088 1.805527638190954 38.725 38.724999999999994
63 0.3577712732975887 1.8060050251256268 38.7 38.70000000000002
64 0.35885454280191165 1.8057286432160804 38.72999999999997 38.73
65 0.3578967428967427 1.8061809045226132 38.675 38.67499999999998
66 0.36252197541671244 1.8058291457286424 38.705000000000005 38.705
67 0.3612663675821569 1.8059547738693489 38.69499999999997 38.694999999999986
68 0.35911478279899334 1.8060552763819118 38.69499999999999 38.69499999999999
69 0.35924189371557813 1.8058040201005021 38.69999999999998 38.69999999999999
70 0.35757650362913523 1.8056783919597976 38.73 38.73
