# index clusteringCoefficient averagePathLength inDegreeMean outDegreeMean
1 0.904797375318822 4.406679298910456 1.8617886178861787 1.861788617886179
2 0.8367325259535785 4.906633906633947 3.0949999999999998 3.0949999999999993
3 0.7062085298124721 3.4671457905544143 5.130000000000001 5.130000000000003
4 0.6578074090835838 3.077183718371832 8.709999999999994 8.709999999999999
5 0.6068061088258118 2.7866685077151456 12.574999999999996 12.575
6 0.5364956693231945 2.523772204806692 17.145 17.145
7 0.5127554015343774 2.2008282716730885 22.64 22.640000000000004
8 0.4751009719742559 2.0487274900181878 27.37000000000001 27.369999999999987
9 0.4411607742089538 1.9111663344165606 31.430000000000007 31.43000000000001
10 0.4048691919905979 1.8688205425030913 34.20000000000002 34.20000000000004
11 0.3970388179088161 1.8444619836884992 35.595 35.595
12 0.39544688433515474 1.8349865215001686 36.41000000000001 36.40999999999997
13 0.3879600746198751 1.8256747655804804 37.204999999999984 37.205
14 0.38615536956054164 1.8182755244034412 37.99999999999997 37.99999999999999
15 0.3826190229388963 1.8191964849372464 38.76999999999998 38.769999999999996
16 0.38226821862348204 1.818363172647152 38.909999999999954 38.91000000000003
17 0.379805330634278 1.8177318754576917 38.92000000000003 38.919999999999945
18 0.3800175438596491 1.8128267600629453 38.9 38.900000000000034
19 0.37098414304993255 1.805745901223292 39.13 39.130000000000024
20 0.3705725371120108 1.8040201005025134 39.11499999999999 39.11499999999999
21 0.3703895636527216 1.8023029721471673 39.339999999999975 39.33999999999999
22 0.3688955802968962 1.801292896644024 39.40499999999998 39.404999999999994
23 0.36959346567411094 1.8011413853185525 39.43000000000001 39.430000000000014
24 0.36909919028340077 1.8009898739930827 39.480000000000004 39.479999999999976
25 0.3669032352190248 1.8010804020100482 39.64500000000002 39.64500000000002
26 0.36730971659918993 1.8008542713567854 39.67 39.66999999999997
27 0.36869028340081017 1.800703517587936 39.690000000000026 39.68999999999997
28 0.3672300944669366 1.8011055276381887 39.629999999999995 39.62999999999999
29 0.3681703778677463 1.8010301507537674 39.65499999999997 39.655
30 0.36601889338731425 1.8007537688442175 39.70500000000001 39.705
31 0.36787618083670715 1.800628140703516 39.72999999999999 39.72999999999999
32 0.3669854925775981 1.8008291457286447 39.70499999999999 39.705
33 0.36437854251012136 1.8008542713567828 39.685 39.68499999999999
34 0.36748313090418344 1.8008793969849275 39.68999999999999 39.69
35 0.36608116314695244 1.8008793969849246 39.68 39.67999999999999
36 0.3694271255060729 1.8006030150753765 39.72500000000001 39.72499999999997
37 0.36838562753036447 1.80057788944723 39.72500000000001 39.724999999999994
38 0.36775877192982487 1.8007788944723588 39.68500000000001 39.684999999999974
39 0.3646666666666669 1.8007537688442232 39.69500000000001 39.694999999999986
40 0.36731241565452066 1.8007537688442248 39.69499999999997 39.69499999999997
41 0.36741801619433223 1.8007035175879422 39.695000000000014 39.695
42 0.36671356275303685 1.8006783919597908 39.694999999999986 39.69500000000001
43 0.36696896086369785 1.8008040201005058 39.68000000000003 39.68
44 0.3662125506072875 1.800753768844221 39.70499999999998 39.70499999999996
45 0.36683667979720624 1.800678391959799 39.72499999999999 39.72500000000002
46 0.3676383265856948 1.8006783919597997 39.705000000000005 39.70499999999997
47 0.3676727395411606 1.800678391959794 39.745000000000005 39.745000000000005
48 0.3674969635627528 1.8008542713567788 39.73000000000002 39.73000000000001
49 0.37323880256775005 1.8008291457286447 39.725 39.72499999999998
50 0.37079217273954124 1.8006532663316575 39.74500000000001 39.745000000000005
51 0.36902530364372443 1.8008291457286418 39.70000000000002 39.70000000000001
52 0.3623751686909579 1.8006030150753711 39.714999999999996 39.71499999999998
53 0.36821828609986534 1.8006030150753776 39.71500000000001 39.71499999999999
54 0.36616329284750365 1.8006030150753753 39.71499999999999 39.71499999999999
55 0.3690614035087719 1.800778894472361 39.70999999999998 39.709999999999994
56 0.36821390013495275 1.8006030150753798 39.71 39.70999999999997
57 0.36917780026990565 1.8006783919597946 39.71500000000001 39.71499999999997
58 0.3706089743589741 1.8008793969849228 39.71999999999998 39.71999999999999
59 0.37004993252361684 1.8007035175879398 39.71499999999999 39.71500000000002
60 0.3667020917678812 1.8005276381909574 39.740000000000016 39.74000000000003
61 0.3680789473684212 1.8005276381909534 39.72 39.72
62 0.3677375168690956 1.800653266331662 39.714999999999975 39.715
63 0.3652547233468288 1.8006783919598026 39.69999999999999 39.7
64 0.36575033738191637 1.8004271356783905 39.735000000000014 39.73500000000002
65 0.36457995951417 1.8007788944723633 39.70000000000002 39.69999999999997
66 0.3678377192982456 1.8009296482412065 39.73000000000001 39.730000000000025
67 0.3643299595141701 1.8009798994974853 39.684999999999995 39.68499999999999
68 0.3644375843454792 1.8008793969849268 39.67500000000001 39.67500000000001
69 0.36595782726045883 1.80103015075377 39.705000000000005 39.705
70 0.36660897435897455 1.800628140703515 39.72999999999999 39.730000000000004
