# index clusteringCoefficient averagePathLength inDegreeMean outDegreeMean
1 0.9254904685798995 4.7300966124495485 1.7886178861788613 1.7886178861788626
2 0.8282566117829465 4.5751691032075446 3.1299999999999986 3.1300000000000017
3 0.7034708175278833 3.2585735080058207 5.699999999999999 5.7
4 0.6434328576064122 3.0331997710360765 8.749999999999993 8.749999999999993
5 0.5800049592373816 2.674011140097285 12.704999999999995 12.704999999999998
6 0.535421133192527 2.4358997749802445 16.819999999999997 16.81999999999999
7 0.4706274153510318 2.1143890980185898 22.359999999999992 22.359999999999992
8 0.4263790442710296 1.9801161691206268 28.325000000000003 28.325000000000006
9 0.40572182751719865 1.8956512442199267 32.43500000000001 32.43499999999999
10 0.3905147875462845 1.8590357303430196 34.505 34.505
11 0.39466437511077035 1.842262294223872 36.09500000000003 36.094999999999985
12 0.3869600763243348 1.8322745261403859 36.97000000000001 36.97000000000002
13 0.38631876495537526 1.8367478417729681 37.34 37.33999999999999
14 0.37894255563605755 1.8272836262530958 37.8 37.80000000000001
15 0.38028116522967786 1.8253388152885655 38.27500000000002 38.274999999999984
16 0.3804617390670024 1.8218364550022828 38.545 38.544999999999995
17 0.3799834682860998 1.8214557636668174 38.56499999999998 38.56499999999999
18 0.37412020397603946 1.811545034818766 38.66 38.65999999999998
19 0.3718571910545595 1.8161157546526603 38.864999999999995 38.864999999999995
20 0.37250168690958163 1.8113936516754612 39.01500000000002 39.01499999999999
21 0.3654716599190286 1.8059547738693482 39.52000000000001 39.52000000000001
22 0.36719083050661994 1.8057788944723674 39.495 39.49499999999998
23 0.36564136302294187 1.8057286432160866 39.52500000000001 39.52499999999999
24 0.3674483805668018 1.8009045226130675 39.71999999999999 39.719999999999985
25 0.3672780026990551 1.8008291457286425 39.695000000000014 39.695
26 0.3689760458839406 1.8009296482412078 39.70500000000003 39.705
27 0.36388292847503345 1.8009798994974853 39.669999999999995 39.66999999999998
28 0.36490148448043186 1.801005025125627 39.67999999999998 39.679999999999986
29 0.3608744939271255 1.8007286432160805 39.704999999999984 39.70499999999999
30 0.3639969635627528 1.8006783919597928 39.719999999999985 39.71999999999999
31 0.36644365721997313 1.8008542713567866 39.7 39.699999999999996
32 0.36515789473684185 1.8006532663316555 39.714999999999996 39.714999999999996
33 0.36573076923076925 1.8008793969849228 39.66999999999999 39.66999999999998
34 0.3658394062078274 1.8010301507537645 39.660000000000004 39.66
35 0.3641629554655869 1.800778894472361 39.689999999999976 39.69
36 0.368337044534413 1.8007035175879376 39.68 39.68000000000003
37 0.36524527665317136 1.8007537688442203 39.69999999999998 39.69999999999998
38 0.36534649122807006 1.8006281407035172 39.69499999999997 39.69499999999999
39 0.3663684210526314 1.8005778894472397 39.729999999999976 39.73
40 0.3642547233468287 1.8007286432160818 39.704999999999984 39.70500000000002
41 0.3687334682860999 1.8007788944723597 39.70999999999998 39.70999999999996
42 0.36460020242914964 1.800703517587939 39.70499999999999 39.70499999999999
43 0.3643910256410256 1.8008542713567832 39.69500000000003 39.695
44 0.36321153846153853 1.8006281407035205 39.73000000000003 39.73
45 0.3641325910931179 1.8008542713567857 39.66500000000001 39.66499999999997
46 0.3629072199730094 1.8008542713567883 39.669999999999995 39.67000000000002
47 0.3637496626180837 1.800778894472364 39.67999999999999 39.67999999999999
48 0.36400371120108005 1.801080402010051 39.64000000000001 39.63999999999999
49 0.36299358974358975 1.8006030150753725 39.71499999999999 39.715
50 0.3650101214574898 1.800728643216079 39.69000000000003 39.68999999999999
51 0.3639092442645074 1.8008793969849202 39.67 39.669999999999995
52 0.3674473684210527 1.8005778894472333 39.730000000000004 39.72999999999998
53 0.36682051282051253 1.8007537688442197 39.69499999999999 39.69499999999999
54 0.3659574898785425 1.800778894472364 39.685 39.68499999999999
55 0.36715317139001336 1.801055276381907 39.65000000000002 39.65
56 0.36715350877193004 1.800603015075377 39.71499999999997 39.71500000000002
57 0.36846659919028313 1.8009547738693519 39.675 39.67499999999997
58 0.36622362038151485 1.8008793969849222 39.65 39.649999999999984
59 0.3679841430499325 1.8006281407035183 39.71 39.71000000000001
60 0.3664153171390014 1.8008542713567832 39.68000000000001 39.68000000000002
61 0.366887314439946 1.800577889447231 39.705000000000005 39.705
62 0.36806309041835356 1.8009547738693452 39.68500000000001 39.684999999999995
63 0.3648383940620786 1.8007035175879422 39.68499999999999 39.68499999999998
64 0.364370782726046 1.8006783919597997 39.704999999999984 39.705000000000005
65 0.36447234380129134 1.8012814070351773 39.60499999999998 39.605
66 0.3679139676113361 1.8006281407035147 39.719999999999985 39.72
67 0.3698076923076921 1.800678391959802 39.70500000000002 39.70500000000002
68 0.36857456140350886 1.8010552763819088 39.68000000000002 39.67999999999999
69 0.367923076923077 1.800753768844222 39.72500000000004 39.725
70 0.3665887314439946 1.8006030150753793 39.72 39.72000000000001
