# index clusteringCoefficient averagePathLength inDegreeMean outDegreeMean
1 0.8979941989304945 4.332004689331769 1.9837398373983732 1.9837398373983732
2 0.8467685901438456 4.484185767190436 3.335 3.3350000000000004
3 0.7219606886896162 3.513032555218263 6.055000000000003 6.054999999999997
4 0.6528075211450935 3.0810781786941583 8.820000000000007 8.820000000000004
5 0.6195608590592668 3.3972905525846775 11.850000000000003 11.850000000000003
6 0.570536165827609 2.766957261322574 15.455000000000002 15.454999999999997
7 0.5732234999029273 2.298360072358455 20.23000000000001 20.23000000000001
8 0.5131124585641141 2.083376548545087 24.78000000000001 24.78000000000001
9 0.46377925255382313 1.9820186739811043 29.569999999999997 29.569999999999993
10 0.45163409748689143 1.914832562545273 32.75499999999999 32.75499999999999
11 0.4366728717876372 1.8702795555925005 34.63000000000002 34.63
12 0.4339286531609454 1.8673787513215996 35.75 35.75000000000002
13 0.43027041596614785 1.8531521328803295 36.77999999999996 36.78000000000001
14 0.42404051886668287 1.8860546386756138 37.58499999999999 37.58499999999998
15 0.42022729064855263 1.874218809784964 38.13500000000002 38.135000000000005
16 0.4060791479297579 1.8470636008324435 38.56499999999999 38.56500000000001
17 0.38767754307411684 1.8169889853306924 39.05499999999999 39.055
18 0.38315944646776745 1.8048830008628995 39.70499999999998 39.705000000000005
19 0.3875173622984807 1.8020912644028189 40.04000000000001 40.04000000000001
20 0.38253439649781085 1.8012283640424323 40.09999999999999 40.09999999999999
21 0.3806535663737202 1.801050708085881 40.12999999999998 40.13000000000002
22 0.372400554729823 1.801873690058329 40.16000000000002 40.16000000000001
23 0.3792333530825186 1.8006868513421352 40.305 40.305000000000014
24 0.3762945590994373 1.8006110956794072 40.29999999999999 40.29999999999999
25 0.37607645403377127 1.8007626070048737 40.29 40.29
26 0.3795662832033178 1.8005100881290872 40.30499999999996 40.304999999999986
27 0.3750281919620815 1.7956617257139975 40.48999999999999 40.48999999999999
28 0.37576313320825505 1.7956364738264226 40.47999999999998 40.47999999999998
29 0.36986085053158246 1.7956532663316593 40.68500000000002 40.685
30 0.3761106941838647 1.7955025125628155 40.724999999999994 40.725000000000016
31 0.3739682614133837 1.7957035175879401 40.67999999999999 40.68
32 0.3721579111944962 1.7956783919597954 40.67499999999999 40.67499999999998
33 0.37303611632270167 1.7957788944723603 40.69500000000001 40.69499999999998
34 0.3718930581613508 1.7955276381909522 40.70499999999999 40.705
35 0.3708220762976861 1.795628140703519 40.69 40.69
36 0.37325734834271407 1.795502512562817 40.699999999999996 40.70000000000001
37 0.37285475297060683 1.7957788944723643 40.675000000000004 40.674999999999976
38 0.3723045653533459 1.7956532663316587 40.71499999999999 40.715
39 0.3735420575359603 1.795653266331657 40.68499999999996 40.684999999999995
40 0.37237664165103207 1.7957788944723563 40.649999999999984 40.65000000000001
41 0.3735834896810506 1.795552763819097 40.70500000000001 40.704999999999984
42 0.3731569072775747 1.7957035175879408 40.690000000000005 40.690000000000005
43 0.3710234521575985 1.7956783919597978 40.674999999999976 40.674999999999976
44 0.3727617260787992 1.7956532663316547 40.679999999999986 40.679999999999986
45 0.37229580988117567 1.7955778894472363 40.70499999999998 40.705
46 0.37367135709818633 1.7956281407035184 40.69499999999999 40.695
47 0.36917964352720445 1.7957537688442182 40.65499999999997 40.654999999999966
48 0.37306832395247036 1.7954271356783924 40.72499999999999 40.724999999999994
49 0.3723033145716073 1.7953517587939707 40.72500000000001 40.724999999999994
50 0.3718747654784238 1.7955025125628103 40.71000000000001 40.71000000000001
51 0.37203908692933074 1.7956030150753794 40.70000000000001 40.7
52 0.3734824890556599 1.7957788944723625 40.68499999999996 40.68499999999999
53 0.3722759537210756 1.7957035175879323 40.69499999999999 40.69500000000002
54 0.37451125703564725 1.7957286432160748 40.695000000000014 40.69499999999999
55 0.3721732332707943 1.79575376884422 40.65999999999999 40.660000000000004
56 0.3724084789835755 1.7958542713567862 40.66 40.65999999999998
57 0.3746185115697309 1.795628140703518 40.69000000000003 40.68999999999998
58 0.3699996873045654 1.7955527638190976 40.70999999999997 40.71
59 0.37121966854283917 1.795854271356787 40.66 40.659999999999975
60 0.37464790494058775 1.7960804020100525 40.61999999999999 40.61999999999998
61 0.37626751094434036 1.7958291457286477 40.67 40.66999999999999
62 0.36838758599124444 1.7957286432160804 40.694999999999986 40.69500000000003
63 0.3688130081300812 1.7956030150753768 40.699999999999974 40.69999999999999
64 0.37065462789243264 1.7955527638190958 40.71000000000001 40.71000000000001
65 0.3696941838649158 1.7958793969849216 40.660000000000004 40.659999999999975
66 0.36968230143839903 1.7957788944723596 40.665 40.66499999999999
67 0.3715137585991247 1.7957035175879361 40.68500000000003 40.68499999999999
68 0.37613521608900335 1.7955276381909533 40.69500000000002 40.69499999999999
69 0.3732534396497812 1.795728643216083 40.68000000000001 40.680000000000014
70 0.3718034709193247 1.7956532663316591 40.675 40.67500000000002
