# index clusteringCoefficient averagePathLength inDegreeMean outDegreeMean
1 0.9296927885387136 5.39206721858397 1.8373983739837396 1.8373983739837405
2 0.8070189848229701 4.281795621731809 3.1649999999999996 3.165000000000002
3 0.6958082774433266 3.9129030363540243 5.140000000000001 5.140000000000001
4 0.6440276376081436 3.036631756915424 8.569999999999997 8.569999999999999
5 0.6002042682856173 2.8139877541665292 12.365000000000006 12.364999999999998
6 0.5558049918491386 2.463197713031707 16.924999999999986 16.925000000000008
7 0.46373813357043575 2.125987078248366 23.60499999999999 23.60500000000001
8 0.41403250936323954 1.929677314211214 29.515 29.515
9 0.39282972755570156 1.8502512562814062 33.195000000000014 33.19500000000001
10 0.3934180019102325 1.8210840297745403 35.8 35.800000000000004
11 0.3939819028819007 1.8206134840871027 37.60000000000001 37.60000000000001
12 0.3982858107339818 1.8020205740745616 38.56500000000002 38.56499999999999
13 0.3902929956222638 1.801573311584095 38.664999999999985 38.66500000000001
14 0.3874019730711142 1.8077309625048326 39.06999999999997 39.06999999999999
15 0.3855893862235326 1.8066729587021424 39.62499999999997 39.62499999999997
16 0.3838048947341097 1.8067103192731315 39.80999999999999 39.809999999999995
17 0.3750707847295866 1.801393904194337 40.190000000000005 40.190000000000005
18 0.3804415259537211 1.8008636145551902 40.330000000000005 40.33
19 0.3765944340212633 1.7956702705446446 40.32000000000001 40.31999999999999
20 0.37853236397748574 1.8007373551172938 40.315000000000005 40.315
21 0.3787276422764227 1.7960509618801077 40.29 40.29
22 0.3769213570981863 1.7959494441906525 40.29500000000001 40.29500000000001
23 0.3817729831144467 1.8006110956794021 40.29999999999998 40.3
24 0.3737023139462161 1.7955276381909533 40.730000000000004 40.72999999999999
25 0.37025625390869293 1.7957286432160842 40.699999999999996 40.7
26 0.3734057223264537 1.795804020100501 40.65000000000001 40.650000000000006
27 0.37013133208255156 1.7956030150753761 40.69000000000001 40.69
28 0.37137585991244554 1.7955527638190913 40.70500000000002 40.705000000000005
29 0.3689621638524077 1.7957035175879412 40.680000000000014 40.679999999999964
30 0.37353345841150726 1.7955527638190918 40.70499999999999 40.704999999999984
31 0.37350938086303936 1.7955025125628166 40.72500000000002 40.725000000000016
32 0.3714885866166356 1.7955276381909515 40.720000000000006 40.72
33 0.368350531582239 1.7956281407035122 40.68500000000002 40.684999999999995
34 0.37343542839274535 1.795653266331654 40.690000000000005 40.690000000000005
35 0.3714333958724202 1.7956281407035124 40.70499999999999 40.70500000000001
36 0.3714851469668545 1.7955527638190958 40.704999999999984 40.704999999999984
37 0.3720617573483427 1.7958040201005028 40.660000000000025 40.659999999999975
38 0.3714265659458215 1.795804020100501 40.665000000000006 40.66499999999997
39 0.3732428080050033 1.7959296482412082 40.67999999999999 40.679999999999986
40 0.37353486554096316 1.7953517587939727 40.74 40.739999999999974
41 0.37437539086929333 1.7957035175879397 40.700000000000024 40.69999999999999
42 0.37533130081300825 1.7956030150753768 40.714999999999996 40.71500000000004
43 0.37240150093808644 1.795929648241203 40.64000000000001 40.63999999999999
44 0.3745084427767352 1.7958040201005003 40.67500000000002 40.675000000000004
45 0.37196372732958083 1.795678391959799 40.665000000000006 40.665
46 0.3734996873045657 1.7956030150753755 40.705000000000005 40.704999999999984
47 0.37532223264540354 1.7957035175879423 40.67499999999999 40.675
48 0.3750367417135708 1.7957035175879374 40.660000000000004 40.65999999999997
49 0.3735825515947465 1.7957537688442204 40.67000000000002 40.67000000000002
50 0.3724127579737337 1.795577889447242 40.69499999999999 40.694999999999986
51 0.37013008130081304 1.7955527638190962 40.71499999999998 40.71500000000002
52 0.37378439649781114 1.795854271356783 40.685000000000024 40.68499999999997
53 0.37611116322701726 1.7958291457286388 40.67500000000002 40.674999999999976
54 0.37629283927454643 1.7958291457286395 40.679999999999986 40.67999999999998
55 0.3762786116322697 1.7957788944723618 40.699999999999996 40.699999999999996
56 0.3781499374609134 1.7956281407035146 40.69500000000004 40.694999999999986
57 0.3734351156973111 1.795527638190959 40.70999999999999 40.71
58 0.3764799874921826 1.7955778894472332 40.70000000000002 40.69999999999999
59 0.37097060662914333 1.7957035175879383 40.70500000000003 40.70500000000001
60 0.3744920262664164 1.7959045226130668 40.649999999999984 40.65000000000001
61 0.3722850218886802 1.7955025125628126 40.70999999999999 40.71000000000001
62 0.37557410881801134 1.7955527638190945 40.720000000000006 40.720000000000006
63 0.37560490931832385 1.7954020100502501 40.72500000000001 40.72499999999998
64 0.37340994371482183 1.7955778894472318 40.71 40.71
65 0.37374890556597884 1.795427135678392 40.72999999999998 40.730000000000004
66 0.3726955909943716 1.7956532663316536 40.68 40.679999999999986
67 0.37198248905566006 1.7958542713567847 40.650000000000006 40.65
68 0.372530018761726 1.7953015075376888 40.74000000000001 40.740000000000016
69 0.37199484052532833 1.795603015075374 40.69999999999999 40.69999999999998
70 0.372138211382114 1.79560301507538 40.68999999999998 40.68999999999998
