# index clusteringCoefficient averagePathLength inDegreeMean outDegreeMean
1 0.9302766339351706 4.563069998815587 1.6747967479674795 1.6747967479674806
2 0.833875699749339 4.325603370211452 3.210000000000001 3.210000000000001
3 0.7280173730090828 3.936980276269677 5.384999999999999 5.385000000000002
4 0.6744031049537133 3.1938638064355267 8.595000000000002 8.595000000000008
5 0.6095146171146567 2.933933282735185 13.035000000000004 13.035000000000002
6 0.5749231798289289 2.4960750526517272 18.115000000000006 18.115000000000006
7 0.566199578871408 2.5680788556052825 23.495000000000005 23.495
8 0.5338285558355403 2.197562047001977 28.764999999999983 28.764999999999993
9 0.5263489469750497 2.0074138446079863 33.12499999999997 33.124999999999986
10 0.5130884927337604 1.8894649633866054 37.03999999999996 37.03999999999999
11 0.473593526640454 1.8213336840720775 39.54499999999997 39.545000000000016
12 0.44208980538397846 1.795704069968363 40.96999999999996 40.970000000000006
13 0.4261195174334709 1.7975164657798153 42.080000000000005 42.079999999999984
14 0.4216371858116048 1.7965272173482967 42.229999999999976 42.230000000000004
15 0.4238063190039931 1.791071335112784 42.26000000000003 42.260000000000005
16 0.4195640122151748 1.810993744231364 42.48500000000002 42.485
17 0.41603434343434337 1.7963664476227321 42.629999999999974 42.63000000000003
18 0.4175987423429281 1.786104345596716 43.305 43.30500000000001
19 0.41718722104768596 1.7864834375961436 43.234999999999985 43.234999999999985
20 0.4096351746444772 1.7771940510633948 43.934999999999995 43.934999999999995
21 0.40797941497890944 1.7763311507030064 44.1 44.09999999999999
22 0.4072958656330749 1.780678391959798 44.41500000000002 44.415
23 0.40241518584774405 1.7760301507537688 44.595 44.59499999999998
24 0.407679821470519 1.7755276381909508 44.68500000000002 44.68499999999998
25 0.40777120037585163 1.7757537688442218 44.669999999999995 44.669999999999995
26 0.4079989429175476 1.775452261306531 44.69 44.68999999999999
27 0.40253417899929517 1.7757035175879394 44.64499999999999 44.644999999999996
28 0.4073689217758985 1.7755527638190967 44.675 44.67499999999998
29 0.4042758985200847 1.7756030150753759 44.66 44.66000000000001
30 0.4019819121447028 1.7755527638190944 44.675000000000004 44.67499999999998
31 0.4029078828148598 1.7755025125628108 44.68000000000003 44.68
32 0.40308715057552225 1.7753768844221058 44.705 44.705
33 0.405272962179939 1.77540201005025 44.695 44.69500000000001
34 0.4039770965468641 1.775527638190952 44.669999999999995 44.66999999999997
35 0.40494115574348116 1.775577889447238 44.665 44.66499999999999
36 0.4080041108762041 1.775703517587943 44.64499999999999 44.645
37 0.4041228564716937 1.7755527638190998 44.664999999999964 44.66499999999999
38 0.4013797275076342 1.775402010050253 44.69499999999999 44.694999999999986
39 0.40113319238900635 1.7753517587939758 44.71499999999999 44.71499999999999
40 0.40355308902983356 1.7754271356783884 44.7 44.7
41 0.4049088560018789 1.7754020100502563 44.69500000000001 44.694999999999986
42 0.4058279304674654 1.775351758793977 44.714999999999996 44.714999999999975
43 0.40633497768381477 1.7754773869346705 44.699999999999996 44.7
44 0.40535987784825017 1.775653266331659 44.65499999999999 44.65500000000001
45 0.40632828282828287 1.7753768844221103 44.69999999999998 44.69999999999999
46 0.4040766972046043 1.7755025125628163 44.67999999999998 44.67999999999999
47 0.4038460183227627 1.7754773869346752 44.68000000000003 44.67999999999998
48 0.4031424712238667 1.775753768844221 44.64000000000003 44.63999999999999
49 0.40410054028658676 1.7754773869346683 44.68500000000001 44.68499999999999
50 0.4025341789992954 1.7756783919597976 44.65000000000002 44.64999999999999
51 0.40211334272962196 1.775402010050255 44.69500000000002 44.69499999999997
52 0.40460700023490714 1.7754271356783926 44.690000000000005 44.68999999999996
53 0.4047877613342729 1.7757035175879425 44.63500000000002 44.635
54 0.4026405919661737 1.7754773869346727 44.68 44.67999999999999
55 0.40527601597369056 1.7754271356783942 44.68999999999998 44.690000000000005
56 0.403405684754522 1.7756281407035197 44.65499999999999 44.655000000000015
57 0.4034732205778718 1.7752261306532693 44.730000000000004 44.72999999999999
58 0.4015833920601361 1.7753015075376877 44.724999999999994 44.725000000000016
59 0.4043563542400752 1.775527638190957 44.67499999999999 44.67499999999998
60 0.40422715527366726 1.7755276381909555 44.669999999999995 44.67000000000001
61 0.4059943622269204 1.7754522613065309 44.68499999999999 44.685
62 0.40734049800328864 1.7753768844221105 44.71499999999999 44.714999999999996
63 0.40501538642236307 1.7754522613065276 44.69500000000002 44.69499999999998
64 0.4059693446088797 1.7756281407035133 44.66499999999996 44.665
65 0.40177437162320884 1.7754773869346756 44.684999999999995 44.684999999999995
66 0.400624031007752 1.7756030150753779 44.660000000000004 44.65999999999998
67 0.4018926474042753 1.775502512562813 44.680000000000014 44.67999999999998
68 0.4019978019396625 1.7753768844221116 44.69999999999999 44.70000000000001
69 0.40592800093962866 1.7755025125628177 44.675 44.67499999999999
70 0.40398521762475226 1.7755778894472347 44.66999999999998 44.67000000000001
