# index clusteringCoefficient averagePathLength inDegreeMean outDegreeMean
1 0.927369279712864 4.587896974243541 1.9024390243902436 1.9024390243902443
2 0.8232025103013527 5.221574795029091 3.0750000000000006 3.075000000000001
3 0.7174389629924193 3.8484634404803915 5.404999999999998 5.405
4 0.6498519904014328 3.2748645380860713 8.74499999999999 8.745000000000003
5 0.5873862132895628 3.078109208512608 12.644999999999996 12.644999999999998
6 0.5966699562411979 2.5231771624195996 17.709999999999997 17.71000000000001
7 0.518066328152813 2.184364785650624 23.660000000000007 23.660000000000007
8 0.4473165990485289 1.998500434084866 29.564999999999998 29.565
9 0.41469136813230095 1.880214603506936 33.71499999999999 33.714999999999996
10 0.40104532161877643 1.841690656896099 36.08499999999999 36.08499999999998
11 0.39510577050298273 1.8246691014582772 37.28 37.27999999999999
12 0.3891956546233484 1.818789338720962 37.81999999999999 37.82000000000002
13 0.3831286703887512 1.8172962943874644 38.07500000000002 38.07499999999998
14 0.3835118083670716 1.8169355254342165 38.11000000000003 38.11
15 0.38017258885279476 1.8177669529547449 38.209999999999965 38.21000000000001
16 0.37914713498924024 1.8166466852026648 38.50499999999998 38.50499999999999
17 0.37808468286099844 1.8166336734175916 38.7 38.699999999999996
18 0.374285498048656 1.8156281407035184 39.11999999999998 39.120000000000026
19 0.3721098822374567 1.8114070351758764 39.24500000000001 39.24499999999997
20 0.3698100539811067 1.8116834170854275 39.28000000000002 39.28
21 0.3719237516869095 1.8116834170854241 39.32999999999999 39.32999999999999
22 0.3708252361673413 1.8068341708542726 39.509999999999984 39.51
23 0.3674170040485832 1.8062060301507465 39.505 39.504999999999974
24 0.3654956140350879 1.806407035175879 39.5 39.50000000000002
25 0.3633643724696358 1.8061306532663302 39.46999999999998 39.46999999999999
26 0.36822705802968964 1.8058040201005017 39.49999999999997 39.50000000000001
27 0.36760526315789455 1.8057286432160833 39.48999999999997 39.49000000000003
28 0.3676386639676115 1.8057537688442227 39.504999999999974 39.504999999999995
29 0.36600910931174097 1.8005527638190943 39.71000000000001 39.709999999999994
30 0.3692695681511473 1.800477386934672 39.74500000000001 39.74499999999998
31 0.36726484480431876 1.8003768844221109 39.745000000000005 39.745
32 0.36576450742240196 1.800452261306529 39.724999999999966 39.725000000000016
33 0.36186369770580273 1.8009798994974886 39.66500000000002 39.665000000000006
34 0.36358299595141685 1.8008291457286432 39.684999999999995 39.685
35 0.36405277747382997 1.8004522613065341 39.71999999999998 39.72
36 0.3643390688259109 1.8005527638190961 39.70500000000002 39.704999999999984
37 0.36149156545209193 1.8006783919598024 39.69999999999998 39.699999999999996
38 0.36441869095816487 1.8007035175879367 39.709999999999994 39.70999999999997
39 0.3680266531713903 1.8006783919597975 39.72 39.72
40 0.3665867071524966 1.8010050251256293 39.655 39.654999999999966
41 0.3698819163292846 1.8008793969849217 39.654999999999994 39.65499999999999
42 0.3631973684210527 1.8006532663316568 39.71 39.71000000000001
43 0.3661265182186235 1.8008040201005087 39.699999999999996 39.70000000000001
44 0.3676143724696357 1.8005778894472333 39.71 39.71
45 0.36253441295546573 1.8007286432160812 39.69999999999999 39.699999999999996
46 0.3625401484480429 1.8005778894472355 39.71499999999998 39.714999999999996
47 0.3625118083670715 1.8005778894472326 39.725 39.72499999999999
48 0.3660738866396762 1.800703517587943 39.685000000000024 39.685
49 0.36376484480431837 1.8008291457286387 39.675000000000004 39.675
50 0.36153778677462856 1.8005025125628111 39.72500000000001 39.72500000000001
51 0.36518353576248325 1.8007788944723622 39.679999999999986 39.67999999999999
52 0.3634622132253712 1.8010804020100517 39.65000000000001 39.64999999999996
53 0.3623707827260459 1.800527638190949 39.725 39.725
54 0.3666885964912282 1.8007286432160796 39.690000000000026 39.69000000000001
55 0.36843049932523625 1.8009798994974837 39.65000000000001 39.649999999999984
56 0.3682192982456138 1.8008542713567846 39.665000000000006 39.664999999999985
57 0.367154858299595 1.8007788944723626 39.68000000000001 39.68000000000001
58 0.36454622132253706 1.800552763819092 39.725000000000044 39.72499999999997
59 0.36554082321187564 1.8007286432160812 39.714999999999975 39.715000000000025
60 0.3643282908414489 1.800753768844222 39.674999999999976 39.67499999999999
61 0.36379757085020253 1.8007537688442203 39.69000000000003 39.68999999999999
62 0.3657257085020242 1.8008040201005033 39.684999999999974 39.684999999999995
63 0.3661359649122805 1.8007286432160767 39.695000000000014 39.69500000000001
64 0.36336167341430503 1.8010804020100495 39.66500000000003 39.66499999999998
65 0.3627840755735493 1.800653266331658 39.71500000000002 39.715
66 0.36480296896086395 1.800703517587939 39.684999999999974 39.685
67 0.3660651147098514 1.8006532663316597 39.69999999999998 39.699999999999996
68 0.3650124831309041 1.800703517587941 39.68500000000002 39.684999999999995
69 0.3666018893387313 1.800552763819095 39.71999999999999 39.71999999999999
70 0.3646670040485833 1.8006783919597975 39.709999999999965 39.709999999999994
