# index clusteringCoefficient averagePathLength inDegreeMean outDegreeMean
1 0.9375072842262391 4.8238316613652765 1.788617886178862 1.7886178861788622
2 0.826593623174591 3.9798755945847377 3.09 3.09
3 0.7353643764663729 3.6816434406535348 5.580000000000003 5.579999999999999
4 0.6268822854918062 3.356100408639812 9.039999999999996 9.039999999999994
5 0.6187734508313244 2.5578026783274064 12.849999999999994 12.85
6 0.5944333417494791 2.4117457244272478 18.284999999999993 18.284999999999997
7 0.5473772886573237 2.1900240314166672 23.52 23.52
8 0.47949493916937574 2.0310006901311377 28.19 28.190000000000005
9 0.43455407101848254 1.9218863361547747 32.100000000000016 32.09999999999998
10 0.41722412951902027 1.8490121922191936 35.459999999999994 35.46000000000002
11 0.42046905918140515 1.8268470779135806 38.230000000000025 38.22999999999999
12 0.42218726659354827 1.80610365693239 39.735 39.73500000000003
13 0.4201265429597818 1.8022099447513786 40.17500000000002 40.17500000000003
14 0.41966844934230096 1.7972112601946841 40.37499999999999 40.37500000000001
15 0.41168381844411317 1.7972297438033762 40.65 40.649999999999984
16 0.4096072261387064 1.7972220790599351 41.11000000000005 41.109999999999985
17 0.40730897009966766 1.796887079317629 41.230000000000025 41.229999999999976
18 0.404708492018475 1.7971746487539701 41.345 41.34499999999997
19 0.40268627609864166 1.7916485983215604 41.83000000000003 41.83000000000001
20 0.4031809880944875 1.786291865418456 41.999999999999986 42.00000000000001
21 0.3928324284903978 1.7856872301204494 42.48500000000001 42.48500000000002
22 0.39762877130432434 1.7880356556652623 42.495 42.49500000000002
23 0.3918510115333712 1.7887174566298853 42.46500000000003 42.464999999999996
24 0.39453542392566776 1.7876063735764323 42.43500000000001 42.434999999999995
25 0.39266643707965293 1.7861306532663317 42.70500000000003 42.705000000000005
26 0.39511155227831324 1.7857286432160797 42.724999999999994 42.725
27 0.39484185506306896 1.785778894472358 42.68499999999998 42.68499999999998
28 0.39059874267347294 1.7859045226130656 42.64000000000001 42.64
29 0.3940389757718172 1.785703517587939 42.68500000000003 42.68499999999998
30 0.3925366663965638 1.7858542713567807 42.65000000000003 42.649999999999984
31 0.3908371822920886 1.785577889447234 42.68500000000002 42.68499999999998
32 0.3896006536477323 1.7854522613065333 42.699999999999996 42.69999999999999
33 0.3925443643140747 1.7857537688442278 42.72499999999998 42.72499999999999
34 0.388456229911136 1.7856783919597976 42.69499999999999 42.695
35 0.3924090430273071 1.7853517587939607 42.724999999999994 42.725
36 0.3910690651757014 1.785502512562812 42.695 42.694999999999986
37 0.39153323609648055 1.7856783919598027 42.67500000000002 42.67499999999999
38 0.39154012370688485 1.7855025125628181 42.690000000000005 42.69
39 0.3908840450530749 1.785376884422112 42.71499999999999 42.71500000000003
40 0.3881496637225508 1.7858040201005003 42.625 42.62500000000001
41 0.3889075709693971 1.7853517587939736 42.72 42.72
42 0.3874189017637686 1.7855527638190962 42.675 42.67499999999998
43 0.38868000972368505 1.7854773869346747 42.690000000000005 42.68999999999999
44 0.3849181589822542 1.7855276381909537 42.67999999999998 42.67999999999998
45 0.38834467763282277 1.7855527638190962 42.68500000000001 42.685
46 0.39241741620073983 1.785502512562812 42.684999999999995 42.68500000000001
47 0.38848783188828584 1.7855527638190969 42.695 42.69499999999998
48 0.3871814817815951 1.7858040201005032 42.645000000000024 42.64500000000002
49 0.38890297922912787 1.7857537688442193 42.65999999999998 42.659999999999975
50 0.38999527320854577 1.7854522613065282 42.70500000000001 42.705
51 0.3894456148880425 1.7854522613065356 42.71499999999998 42.71500000000001
52 0.38962158658131407 1.7854773869346767 42.70000000000001 42.69999999999999
53 0.3929700456473001 1.7853768844221092 42.71499999999998 42.71500000000003
54 0.3915888771844529 1.7855025125628123 42.69499999999999 42.695
55 0.3876309321232746 1.7854271356783926 42.700000000000045 42.69999999999998
56 0.39030518866650465 1.7853517587939698 42.725 42.725
57 0.3918677578802365 1.7855276381909526 42.69000000000003 42.689999999999976
58 0.3894688436917587 1.7854271356783924 42.71000000000002 42.71
59 0.38906679631580365 1.7854773869346738 42.70500000000001 42.705000000000005
60 0.3858487966939467 1.7856030150753777 42.68000000000003 42.68000000000003
61 0.3894333252302623 1.785527638190957 42.7 42.69999999999998
62 0.3879260189611861 1.785376884422108 42.71999999999999 42.720000000000006
63 0.38877495070631746 1.7855778894472354 42.67000000000004 42.66999999999997
64 0.3912477378926611 1.7857035175879339 42.66 42.66
65 0.38987345704021825 1.785477386934669 42.725 42.725
66 0.3901227615266186 1.7855778894472314 42.684999999999995 42.684999999999995
67 0.3931376441671391 1.7853266331658277 42.74000000000002 42.73999999999998
68 0.38966561326742793 1.7853517587939736 42.72 42.71999999999999
69 0.390304135267266 1.7855025125628103 42.695 42.694999999999986
70 0.39142127866461374 1.7854773869346756 42.70499999999998 42.70499999999999
