# index clusteringCoefficient averagePathLength inDegreeMean outDegreeMean
1 0.9446618768513266 4.505686032138419 1.6097560975609762 1.6097560975609748
2 0.8086786440144413 5.7303106690284835 3.2450000000000006 3.2450000000000006
3 0.7142368628117866 3.608639978433747 5.765 5.764999999999997
4 0.6849793735125088 2.6258859068200384 9.249999999999995 9.250000000000005
5 0.6224130215836202 3.008993246316967 13.160000000000002 13.159999999999997
6 0.5789270843998233 2.4669245049504878 17.845 17.845
7 0.5358613508074338 2.1909231448763204 23.45999999999999 23.459999999999994
8 0.49313111582286595 1.9784975282962802 29.729999999999997 29.73
9 0.45938012935523276 1.8759064613378986 33.85499999999999 33.855000000000004
10 0.4306467319003133 1.8321103844313327 37.27500000000001 37.27500000000002
11 0.412757175972934 1.825486142008427 38.635000000000005 38.63500000000003
12 0.4118578787236735 1.8171896673558547 39.31999999999999 39.31999999999999
13 0.4069686596053112 1.8066947577795827 39.834999999999994 39.834999999999994
14 0.40387894957188775 1.8073959541296254 40.555000000000014 40.55499999999997
15 0.4046016537344266 1.8011708024659387 40.77499999999999 40.77499999999997
16 0.40600883234745955 1.8058239917536407 40.81499999999998 40.815000000000005
17 0.40327223575047183 1.8064813865244576 40.91500000000001 40.91500000000001
18 0.3985416530734714 1.8016223248220793 41.269999999999996 41.26999999999999
19 0.39959940442427644 1.791047072095169 41.61 41.61
20 0.39730637711692707 1.7858992436867016 41.80000000000001 41.800000000000004
21 0.39187667125840675 1.785583103764925 42.08999999999999 42.09
22 0.38888879885476585 1.790391350692859 42.11000000000001 42.109999999999985
23 0.39303662588120863 1.7886655499720767 42.140000000000015 42.139999999999986
24 0.3921121858445219 1.7879599000025286 42.20999999999996 42.21000000000001
25 0.39208495057126636 1.7864952905229643 42.37 42.370000000000005
26 0.3900459267165703 1.7858387414459227 42.415000000000035 42.415
27 0.3882314783172388 1.7861306532663268 42.60999999999999 42.609999999999985
28 0.39442319639143236 1.7860552763819122 42.649999999999984 42.65000000000001
29 0.3894604705183259 1.7856030150753754 42.69499999999999 42.69499999999999
30 0.38787915620019964 1.785628140703515 42.68 42.680000000000014
31 0.38840016341193284 1.7855778894472318 42.689999999999955 42.690000000000005
32 0.3921787807579071 1.7855025125628148 42.700000000000024 42.7
33 0.38861586041109547 1.7853768844221132 42.72000000000001 42.720000000000006
34 0.38779407395402854 1.7854773869346734 42.70000000000001 42.699999999999996
35 0.3860019447370554 1.7853517587939658 42.72500000000001 42.72499999999998
36 0.38942454690327616 1.7854271356783964 42.70500000000002 42.70500000000001
37 0.39083269184020736 1.785351758793971 42.73 42.73000000000002
38 0.38960497528563287 1.785452261306532 42.705000000000005 42.705000000000034
39 0.389647651459903 1.7854522613065287 42.714999999999996 42.714999999999996
40 0.3914643599924368 1.7853768844221127 42.735000000000014 42.735
41 0.3902625395024708 1.7854271356783942 42.709999999999994 42.70999999999999
42 0.3898833157766791 1.7856030150753828 42.675000000000026 42.67499999999999
43 0.38608054452637575 1.7854773869346734 42.70999999999999 42.71
44 0.38809145666207506 1.7853768844221112 42.73 42.73
45 0.38832279934095015 1.7855025125628112 42.710000000000015 42.710000000000015
46 0.38594995003106175 1.785603015075379 42.68999999999999 42.69000000000002
47 0.38615131134700037 1.7853266331658249 42.720000000000006 42.72000000000001
48 0.3886774437511813 1.7854271356783897 42.714999999999996 42.715
49 0.3911276773897307 1.785552763819094 42.69000000000001 42.69
50 0.3889961645463631 1.7855276381909555 42.690000000000026 42.68999999999999
51 0.39165042676174283 1.785351758793976 42.720000000000006 42.720000000000006
52 0.3912864975825837 1.7854271356783868 42.709999999999994 42.71000000000003
53 0.39070105069821426 1.7853517587939707 42.71999999999997 42.720000000000006
54 0.3903892175134376 1.7855276381909584 42.68499999999997 42.685
55 0.3884232774221427 1.7854522613065322 42.70499999999999 42.70500000000001
56 0.3860735218647867 1.7853015075376852 42.735 42.734999999999985
57 0.3853107190125056 1.7856532663316582 42.68000000000002 42.680000000000014
58 0.386511762958161 1.7855025125628134 42.695 42.69499999999998
59 0.3891119034113928 1.7852763819095478 42.73499999999998 42.735000000000014
60 0.3861961483402209 1.7855778894472376 42.67500000000001 42.67499999999998
61 0.3862489533533207 1.7855527638190947 42.68499999999999 42.684999999999995
62 0.3885164627393787 1.785653266331656 42.665 42.66499999999999
63 0.38918510115333665 1.7854271356783975 42.704999999999984 42.705
64 0.38777125030386506 1.7854773869346767 42.71 42.71
65 0.3897408367771387 1.7854522613065342 42.705000000000005 42.70500000000002
66 0.3885910109931662 1.7857035175879374 42.650000000000006 42.64999999999998
67 0.3860928341841559 1.7855778894472392 42.675 42.67500000000001
68 0.3879167004294626 1.7857286432160842 42.67500000000002 42.675000000000004
69 0.38669597277368084 1.7854271356783937 42.70499999999999 42.70500000000003
70 0.3897172028198684 1.7854271356783948 42.709999999999994 42.71
