# index clusteringCoefficient averagePathLength inDegreeMean outDegreeMean
1 0.9215761948585526 4.433156431640122 1.9186991869918706 1.918699186991871
2 0.8091455691405349 4.44499021951751 3.34 3.3399999999999994
3 0.7342862484037872 3.6222443023039173 5.384999999999995 5.384999999999999
4 0.6238214555078688 3.4744616078475676 8.364999999999997 8.365000000000007
5 0.5787821225683568 3.0131137448052936 12.289999999999996 12.289999999999996
6 0.5408260211075624 2.4973516229797648 17.435 17.435
7 0.4726761107923686 2.1385576531305315 22.57500000000001 22.575
8 0.40303231235195475 1.959339709299184 27.75499999999999 27.755000000000013
9 0.3741139201618637 1.890176269950794 31.845000000000002 31.84499999999998
10 0.3724481794717599 1.855773713930477 34.414999999999985 34.41500000000001
11 0.3708114704301851 1.8362732027484372 35.675000000000004 35.67500000000002
12 0.369176968047204 1.8288637062865314 36.10000000000001 36.099999999999994
13 0.36760755697597797 1.8301862849601573 36.405000000000015 36.40499999999999
14 0.3653607488743605 1.8226921409075836 36.65000000000002 36.650000000000006
15 0.3658590169116485 1.8271661336988008 36.73499999999998 36.73500000000001
16 0.3616585485006539 1.8222171463377508 36.85499999999998 36.85500000000002
17 0.3566180654338549 1.8215065225115514 36.90999999999999 36.91
18 0.3581891101627942 1.8167487182103403 36.90999999999998 36.91000000000001
19 0.35809704441283385 1.82616600590894 36.97499999999999 36.975000000000016
20 0.3556276183907764 1.8218731850205818 37.055 37.055
21 0.35372654609496723 1.811659306634184 37.24499999999999 37.24500000000002
22 0.3516002844950211 1.8163819095477394 37.48000000000001 37.47999999999999
23 0.34762233160974576 1.8117085427135748 37.57999999999998 37.58
24 0.34996325272641066 1.8112814070351737 37.704999999999984 37.70500000000002
25 0.34923096028359146 1.810753768844221 37.74 37.739999999999995
26 0.34951122174806387 1.8113819095477373 37.65000000000001 37.65
27 0.34858187134502927 1.8111809045226113 37.659999999999975 37.65999999999997
28 0.34804962857594446 1.8110050251256333 37.665 37.66500000000002
29 0.3500737654948181 1.8109798994974864 37.71 37.71
30 0.3496455666192509 1.811206030150752 37.68999999999998 37.68999999999999
31 0.35027501185395926 1.8111306532663265 37.705 37.705000000000005
32 0.35139165481270723 1.8111055276381902 37.70500000000001 37.70500000000001
33 0.34936897423739555 1.8112311557788927 37.684999999999974 37.68499999999999
34 0.35144295423242783 1.8111809045226182 37.67500000000002 37.67500000000002
35 0.3506819977872608 1.8112060301507582 37.70500000000002 37.705000000000005
36 0.3472076023391814 1.811331658291458 37.67500000000001 37.67499999999999
37 0.3496669037458511 1.8111306532663356 37.69500000000004 37.69499999999998
38 0.35071360834518744 1.8112562814070388 37.66999999999999 37.670000000000016
39 0.3472712185870082 1.8111809045226153 37.69000000000002 37.69
40 0.3492460881934565 1.8110050251256347 37.69000000000002 37.69000000000001
41 0.3471653232179547 1.8110552763819088 37.68 37.68
42 0.3481788367314683 1.8110552763819143 37.689999999999976 37.68999999999999
43 0.34866721985143057 1.810753768844222 37.704999999999984 37.70499999999999
44 0.3517990358779833 1.811180904522609 37.69 37.68999999999999
45 0.351066066066066 1.81115577889447 37.72 37.71999999999999
46 0.3498897581792319 1.810829145728646 37.695 37.695
47 0.35098782993519834 1.8111306532663243 37.68000000000001 37.68000000000001
48 0.3481409040619565 1.8108040201005002 37.71 37.71000000000001
49 0.347594831673779 1.8113819095477386 37.66000000000001 37.65999999999999
50 0.3506337916864233 1.8115326633165822 37.65500000000002 37.655
51 0.35115283704757383 1.8115326633165856 37.63499999999999 37.63500000000001
52 0.3484293504030346 1.811608040201004 37.644999999999996 37.64499999999998
53 0.34848862019914667 1.8108542713567832 37.725000000000016 37.724999999999994
54 0.34755452821242305 1.8109547738693474 37.695000000000014 37.695
55 0.34791725936462775 1.8111306532663412 37.64500000000002 37.64499999999998
56 0.3476940097992729 1.8111055276381867 37.689999999999976 37.690000000000005
57 0.3467314683104156 1.8108040201005011 37.720000000000006 37.719999999999985
58 0.34829619092776976 1.8111306532663338 37.65500000000003 37.65499999999998
59 0.3479409672830725 1.8109045226130647 37.68500000000001 37.684999999999995
60 0.35152678994784275 1.8112060301507538 37.644999999999996 37.64500000000001
61 0.3474679943100999 1.8110050251256267 37.67500000000001 37.675
62 0.3433416311047888 1.811105527638193 37.644999999999996 37.64499999999999
63 0.3478552236446973 1.8110804020100553 37.69 37.690000000000005
64 0.34808242452979327 1.8110301507537658 37.68000000000002 37.680000000000014
65 0.3493235340603761 1.8108040201005018 37.69499999999999 37.695000000000014
66 0.3500746799431011 1.8108793969849246 37.72 37.71999999999999
67 0.35001738580685954 1.8108040201005018 37.72999999999999 37.72999999999998
68 0.3502975343764818 1.8112311557788916 37.659999999999975 37.65999999999997
69 0.3504954954954952 1.8111809045226153 37.68500000000002 37.68499999999999
70 0.3450620357199302 1.8111809045226182 37.65000000000001 37.64999999999999
